1 84 3 67 3 15 0
1 210 0 242 2 149 0
1 21 2 117 3 233 0
1 81 0 167 1 213 1
1 249 2 85 1 8 0
1 235 1 2 0 211 0
0 97 3 94 3 51 3
1 240 2 66 2 44 0
1 52 1 80 2 55 2
1 209 1 248 1 113 2
1 8 1 206 1 107 2
1 182 1 88 1 12 3
1 118 2 31 1 164 2
1 48 1 71 2 205 3
0 0 3 88 0 146 1
1 205 1 193 3 107 3
0 72 2 93 0 192 3
1 183 3 107 1 169 2
1 147 0 113 2 172 2
1 180 2 102 2 217 1
0 207 1 77 1 175 3
1 17 3 200 1 235 1
0 138 1 255 1 176 3
1 97 1 62 0 91 1
0 160 1 252 3 215 1
1 33 3 197 1 146 0
0 149 0 37 1 182 0
0 150 2 134 3 142 3
0 199 2 181 3 169 2
1 130 2 42 1 249 3
0 254 0 78 3 92 3
0 131 1 69 0 249 3
1 18 1 166 0 175 0
1 62 0 183 0 80 1
0 143 1 121 2 121 3
0 158 0 0 2 177 3
0 163 0 208 0 215 2
0 206 1 5 0 87 2
0 193 0 195 3 6 0
0 191 1 186 0 52 3
0 220 1 28 2 178 0
1 135 1 168 2 141 3
1 220 1 5 0 156 0
0 52 3 147 0 26 3
1 2 0 225 1 127 0
1 170 3 181 0 148 3
1 153 1 61 0 159 0
0 31 2 200 3 69 0
0 146 3 26 1 234 3
0 41 0 6 2 19 0
0 220 1 28 2 178 0
1 135 1 168 2 141 3
1 220 1 5 0 156 0
0 52 3 147 0 26 3
1 2 0 225 1 127 0
1 170 3 181 0 148 3
1 153 1 61 0 159 0
0 31 2 200 3 69 0
0 146 3 26 1 234 3
0 41 0 6 2 19 0
0 220 1 28 2 178 0
1 135 1 168 2 141 3
1 220 1 5 0 156 0
0 52 3 147 0 26 3
1 2 0 225 1 127 0
1 170 3 181 0 148 3
1 153 1 61 0 159 0
0 31 2 200 3 69 0
0 146 3 26 1 234 3
0 41 0 6 2 19 0
0 220 1 28 2 178 0
1 135 1 168 2 141 3
1 220 1 5 0 156 0
0 52 3 147 0 26 3
1 2 0 225 1 127 0
1 170 3 181 0 148 3
1 153 1 61 0 159 0
0 31 2 200 3 69 0
0 146 3 26 1 234 3
0 41 0 6 2 19 0
0 220 1 28 2 178 0
1 135 1 168 2 141 3
1 220 1 5 0 156 0
0 52 3 147 0 26 3
1 2 0 225 1 127 0
1 170 3 181 0 148 3
1 153 1 61 0 159 0
0 31 2 200 3 69 0
0 146 3 26 1 234 3
0 41 0 6 2 19 0
1 182 0 52 1 254 1
1 83 0 162 3 93 0
0 38 2 58 2 73 0
1 128 0 48 0 127 1
1 175 1 60 0 192 3
0 19 1 104 3 121 1
0 25 1 225 2 67 2
1 212 3 82 3 114 2
1 103 1 103 0 127 2
0 54 2 30 3 8 3
0 220 1 28 2 178 0
1 135 1 168 2 141 3
1 220 1 5 0 156 0
0 52 3 147 0 26 3
1 2 0 225 1 127 0
1 170 3 181 0 148 3
1 153 1 61 0 159 0
0 31 2 200 3 69 0
0 146 3 26 1 234 3
0 41 0 6 2 19 0
1 164 3 255 0 92 2
1 229 2 5 3 102 1
1 184 1 57 2 178 2
0 194 2 82 3 103 1
1 178 3 173 0 78 1
0 51 1 23 3 12 3
1 71 0 98 3 112 2
1 213 2 117 2 241 1
1 118 1 159 1 79 1
1 235 3 131 1 136 2
0 220 1 28 2 178 0
1 135 1 168 2 141 3
1 220 1 5 0 156 0
0 52 3 147 0 26 3
1 2 0 225 1 127 0
1 170 3 181 0 148 3
1 153 1 61 0 159 0
0 31 2 200 3 69 0
0 146 3 26 1 234 3
0 41 0 6 2 19 0
1 145 2 45 3 61 3
0 34 1 56 2 60 3
0 27 1 51 3 131 1
0 133 0 231 0 206 1
0 57 0 44 1 20 3
0 175 2 38 1 144 0
1 173 2 184 2 161 1
0 161 2 66 0 61 3
1 144 3 35 2 181 1
0 204 1 131 1 168 2
0 71 0 0 0 227 0
1 35 0 243 2 122 3
0 102 2 50 1 48 2
0 87 2 101 1 173 3
1 126 0 40 2 52 3
1 142 2 239 3 144 0
1 16 3 70 3 178 3
1 47 0 17 2 112 3
1 14 3 167 2 149 1
1 158 0 65 1 69 1
1 186 2 193 0 144 3
1 246 1 152 0 231 3
0 196 1 149 0 209 1
0 41 3 200 0 190 3
0 239 1 104 2 145 3
1 12 1 178 2 235 3
0 172 3 62 0 98 2
0 55 1 44 3 87 2
1 102 3 142 2 129 3
1 200 1 218 2 48 3
0 220 1 28 2 178 0
1 135 1 168 2 141 3
1 220 1 5 0 156 0
0 52 3 147 0 26 3
1 2 0 225 1 127 0
1 170 3 181 0 148 3
1 153 1 61 0 159 0
0 31 2 200 3 69 0
0 146 3 26 1 234 3
0 41 0 6 2 19 0
0 123 2 231 3 163 1
0 96 0 34 3 188 2
0 15 0 127 3 243 0
1 248 2 170 2 133 1
1 63 2 224 2 54 2
0 102 0 226 2 76 2
0 94 0 47 1 85 0
0 156 2 121 3 78 2
1 69 2 202 3 184 0
1 19 0 229 3 176 1
0 220 1 28 2 178 0
1 135 1 168 2 141 3
1 220 1 5 0 156 0
0 52 3 147 0 26 3
1 2 0 225 1 127 0
1 170 3 181 0 148 3
1 153 1 61 0 159 0
0 31 2 200 3 69 0
0 146 3 26 1 234 3
0 41 0 6 2 19 0
0 220 1 28 2 178 0
1 135 1 168 2 141 3
1 220 1 5 0 156 0
0 52 3 147 0 26 3
1 2 0 225 1 127 0
1 170 3 181 0 148 3
1 153 1 61 0 159 0
0 31 2 200 3 69 0
0 146 3 26 1 234 3
0 41 0 6 2 19 0
0 220 1 28 2 178 0
1 135 1 168 2 141 3
1 220 1 5 0 156 0
0 52 3 147 0 26 3
1 2 0 225 1 127 0
1 170 3 181 0 148 3
1 153 1 61 0 159 0
0 31 2 200 3 69 0
0 146 3 26 1 234 3
0 41 0 6 2 19 0
0 220 1 28 2 178 0
1 135 1 168 2 141 3
1 220 1 5 0 156 0
0 52 3 147 0 26 3
1 2 0 225 1 127 0
1 170 3 181 0 148 3
1 153 1 61 0 159 0
0 31 2 200 3 69 0
0 146 3 26 1 234 3
0 41 0 6 2 19 0
0 220 1 28 2 178 0
1 135 1 168 2 141 3
1 220 1 5 0 156 0
0 52 3 147 0 26 3
1 2 0 225 1 127 0
1 170 3 181 0 148 3
1 153 1 61 0 159 0
0 31 2 200 3 69 0
0 146 3 26 1 234 3
0 41 0 6 2 19 0
0 220 1 28 2 178 0
1 135 1 168 2 141 3
1 220 1 5 0 156 0
0 52 3 147 0 26 3
1 2 0 225 1 127 0
1 170 3 181 0 148 3
1 153 1 61 0 159 0
0 31 2 200 3 69 0
0 146 3 26 1 234 3
0 41 0 6 2 19 0
1 215 3 36 2 59 2
0 223 1 52 0 62 3
1 75 2 43 1 164 3
0 85 3 227 1 183 3
1 219 3 161 0 229 2
0 86 3 122 2 89 2
1 231 2 47 1 133 1
0 152 0 12 2 117 2
1 178 3 21 3 18 2
0 125 1 251 1 42 1
0 220 1 28 2 178 0
1 135 1 168 2 141 3
1 220 1 5 0 156 0
0 52 3 147 0 26 3
1 2 0 225 1 127 0
1 170 3 181 0 148 3
1 153 1 61 0 159 0
0 31 2 200 3 69 0
0 146 3 26 1 234 3
0 41 0 6 2 19 0
0 55 1 193 1 97 0
0 99 3 134 2 156 3
1 217 0 195 3 8 2
0 111 3 18 3 65 1
1 203 2 203 1 98 1
1 55 0 40 0 26 0
1 141 2 178 1 228 1
1 229 0 160 2 241 2
1 208 0 201 0 197 1
1 164 1 118 3 244 2
0 151 1 215 2 31 1
0 114 0 44 3 71 2
0 126 0 148 2 8 2
0 173 0 220 0 98 1
1 90 0 130 1 98 0
0 252 1 57 1 78 0
0 195 2 109 3 79 1
1 94 3 46 3 43 2
1 28 1 6 2 139 0
0 126 3 232 0 129 3
1 49 1 73 1 24 2
0 171 3 96 0 67 2
0 145 2 173 2 0 3
1 253 2 206 3 145 2
0 37 1 92 2 32 1
0 140 2 131 0 163 1
1 174 0 219 0 51 3
0 200 1 24 0 89 2
1 57 2 232 0 149 0
1 86 0 1 0 104 1
1 172 1 129 0 118 1
0 245 1 221 2 31 2
0 237 2 72 2 125 1
1 92 0 25 1 48 0
0 91 3 197 3 2 0
1 24 1 195 3 13 2
0 145 1 56 3 102 0
1 199 3 157 0 177 2
1 169 3 239 3 66 0
0 70 1 213 3 239 3
1 118 3 103 1 80 3
0 179 1 234 0 155 3
1 114 2 151 0 100 3
1 74 2 164 0 46 1
0 85 3 63 3 215 1
1 138 3 41 1 176 1
0 138 3 14 3 34 0
1 38 3 156 3 13 2
1 255 3 243 2 165 1
0 165 0 197 3 34 2
0 220 1 28 2 178 0
1 135 1 168 2 141 3
1 220 1 5 0 156 0
0 52 3 147 0 26 3
1 2 0 225 1 127 0
1 170 3 181 0 148 3
1 153 1 61 0 159 0
0 31 2 200 3 69 0
0 146 3 26 1 234 3
0 41 0 6 2 19 0
0 220 1 28 2 178 0
1 135 1 168 2 141 3
1 220 1 5 0 156 0
0 52 3 147 0 26 3
1 2 0 225 1 127 0
1 170 3 181 0 148 3
1 153 1 61 0 159 0
0 31 2 200 3 69 0
0 146 3 26 1 234 3
0 41 0 6 2 19 0
0 220 1 28 2 178 0
1 135 1 168 2 141 3
1 220 1 5 0 156 0
0 52 3 147 0 26 3
1 2 0 225 1 127 0
1 170 3 181 0 148 3
1 153 1 61 0 159 0
0 31 2 200 3 69 0
0 146 3 26 1 234 3
0 41 0 6 2 19 0
0 220 1 28 2 178 0
1 135 1 168 2 141 3
1 220 1 5 0 156 0
0 52 3 147 0 26 3
1 2 0 225 1 127 0
1 170 3 181 0 148 3
1 153 1 61 0 159 0
0 31 2 200 3 69 0
0 146 3 26 1 234 3
0 41 0 6 2 19 0
0 220 1 28 2 178 0
1 135 1 168 2 141 3
1 220 1 5 0 156 0
0 52 3 147 0 26 3
1 2 0 225 1 127 0
1 170 3 181 0 148 3
1 153 1 61 0 159 0
0 31 2 200 3 69 0
0 146 3 26 1 234 3
0 41 0 6 2 19 0
0 220 1 28 2 178 0
1 135 1 168 2 141 3
1 220 1 5 0 156 0
0 52 3 147 0 26 3
1 2 0 225 1 127 0
1 170 3 181 0 148 3
1 153 1 61 0 159 0
0 31 2 200 3 69 0
0 146 3 26 1 234 3
0 41 0 6 2 19 0
1 9 0 9 2 206 1
0 205 1 169 3 35 2
1 71 3 203 1 24 0
1 33 0 45 3 44 0
0 214 2 149 0 157 2
1 31 3 11 0 25 3
1 45 2 172 3 47 2
0 0 1 203 0 244 0
0 119 0 55 2 53 0
0 37 1 119 2 165 2
1 76 2 235 2 187 0
0 129 3 68 2 160 0
0 23 2 98 2 121 3
1 143 3 111 3 198 3
0 134 3 83 1 195 2
0 192 3 242 3 184 3
0 216 3 31 2 147 0
1 107 2 227 2 66 1
1 238 3 116 3 55 3
1 145 3 159 3 187 3
0 220 1 28 2 178 0
1 135 1 168 2 141 3
1 220 1 5 0 156 0
0 52 3 147 0 26 3
1 2 0 225 1 127 0
1 170 3 181 0 148 3
1 153 1 61 0 159 0
0 31 2 200 3 69 0
0 146 3 26 1 234 3
0 41 0 6 2 19 0
0 220 1 28 2 178 0
1 135 1 168 2 141 3
1 220 1 5 0 156 0
0 52 3 147 0 26 3
1 2 0 225 1 127 0
1 170 3 181 0 148 3
1 153 1 61 0 159 0
0 31 2 200 3 69 0
0 146 3 26 1 234 3
0 41 0 6 2 19 0
1 92 0 248 0 67 1
0 39 1 8 1 94 1
1 246 0 47 1 217 0
1 154 1 131 1 5 2
0 142 3 37 0 104 1
0 201 3 120 1 221 1
0 218 3 127 3 105 2
0 176 1 129 2 224 0
0 182 3 250 2 205 2
1 110 0 140 0 59 3
0 220 1 28 2 178 0
1 135 1 168 2 141 3
1 220 1 5 0 156 0
0 52 3 147 0 26 3
1 2 0 225 1 127 0
1 170 3 181 0 148 3
1 153 1 61 0 159 0
0 31 2 200 3 69 0
0 146 3 26 1 234 3
0 41 0 6 2 19 0
0 76 3 138 0 16 1
0 116 3 158 1 233 0
1 189 0 145 2 53 1
1 1 2 246 3 42 3
0 97 0 232 3 16 2
1 46 1 194 3 165 1
0 189 2 179 1 169 3
0 61 2 163 2 77 1
0 187 1 51 1 169 1
1 233 0 178 1 100 0
0 220 1 28 2 178 0
1 135 1 168 2 141 3
1 220 1 5 0 156 0
0 52 3 147 0 26 3
1 2 0 225 1 127 0
1 170 3 181 0 148 3
1 153 1 61 0 159 0
0 31 2 200 3 69 0
0 146 3 26 1 234 3
0 41 0 6 2 19 0
0 220 1 28 2 178 0
1 135 1 168 2 141 3
1 220 1 5 0 156 0
0 52 3 147 0 26 3
1 2 0 225 1 127 0
1 170 3 181 0 148 3
1 153 1 61 0 159 0
0 31 2 200 3 69 0
0 146 3 26 1 234 3
0 41 0 6 2 19 0
0 220 1 28 2 178 0
1 135 1 168 2 141 3
1 220 1 5 0 156 0
0 52 3 147 0 26 3
1 2 0 225 1 127 0
1 170 3 181 0 148 3
1 153 1 61 0 159 0
0 31 2 200 3 69 0
0 146 3 26 1 234 3
0 41 0 6 2 19 0
0 220 1 28 2 178 0
1 135 1 168 2 141 3
1 220 1 5 0 156 0
0 52 3 147 0 26 3
1 2 0 225 1 127 0
1 170 3 181 0 148 3
1 153 1 61 0 159 0
0 31 2 200 3 69 0
0 146 3 26 1 234 3
0 41 0 6 2 19 0
0 220 1 28 2 178 0
1 135 1 168 2 141 3
1 220 1 5 0 156 0
0 52 3 147 0 26 3
1 2 0 225 1 127 0
1 170 3 181 0 148 3
1 153 1 61 0 159 0
0 31 2 200 3 69 0
0 146 3 26 1 234 3
0 41 0 6 2 19 0
0 205 3 13 2 1 1
1 229 2 207 0 52 3
1 248 3 207 3 78 3
1 208 2 78 3 86 2
1 11 1 145 0 177 0
0 66 0 106 3 153 3
0 92 1 251 3 9 3
0 200 0 8 3 236 2
1 234 1 41 1 214 2
1 222 0 170 3 217 3
0 220 1 28 2 178 0
1 135 1 168 2 141 3
1 220 1 5 0 156 0
0 52 3 147 0 26 3
1 2 0 225 1 127 0
1 170 3 181 0 148 3
1 153 1 61 0 159 0
0 31 2 200 3 69 0
0 146 3 26 1 234 3
0 41 0 6 2 19 0
0 220 1 28 2 178 0
1 135 1 168 2 141 3
1 220 1 5 0 156 0
0 52 3 147 0 26 3
1 2 0 225 1 127 0
1 170 3 181 0 148 3
1 153 1 61 0 159 0
0 31 2 200 3 69 0
0 146 3 26 1 234 3
0 41 0 6 2 19 0
1 186 0 25 0 44 2
0 78 0 165 3 113 1
0 189 1 163 3 129 3
1 128 3 242 0 182 1
1 168 3 58 2 58 0
1 147 2 56 3 233 1
1 132 3 217 2 66 0
0 104 0 227 2 75 1
1 227 3 237 3 21 0
0 214 2 91 2 41 0
0 220 1 28 2 178 0
1 135 1 168 2 141 3
1 220 1 5 0 156 0
0 52 3 147 0 26 3
1 2 0 225 1 127 0
1 170 3 181 0 148 3
1 153 1 61 0 159 0
0 31 2 200 3 69 0
0 146 3 26 1 234 3
0 41 0 6 2 19 0
0 220 1 28 2 178 0
1 135 1 168 2 141 3
1 220 1 5 0 156 0
0 52 3 147 0 26 3
1 2 0 225 1 127 0
1 170 3 181 0 148 3
1 153 1 61 0 159 0
0 31 2 200 3 69 0
0 146 3 26 1 234 3
0 41 0 6 2 19 0
0 220 1 28 2 178 0
1 135 1 168 2 141 3
1 220 1 5 0 156 0
0 52 3 147 0 26 3
1 2 0 225 1 127 0
1 170 3 181 0 148 3
1 153 1 61 0 159 0
0 31 2 200 3 69 0
0 146 3 26 1 234 3
0 41 0 6 2 19 0
0 220 1 28 2 178 0
1 135 1 168 2 141 3
1 220 1 5 0 156 0
0 52 3 147 0 26 3
1 2 0 225 1 127 0
1 170 3 181 0 148 3
1 153 1 61 0 159 0
0 31 2 200 3 69 0
0 146 3 26 1 234 3
0 41 0 6 2 19 0
0 220 1 28 2 178 0
1 135 1 168 2 141 3
1 220 1 5 0 156 0
0 52 3 147 0 26 3
1 2 0 225 1 127 0
1 170 3 181 0 148 3
1 153 1 61 0 159 0
0 31 2 200 3 69 0
0 146 3 26 1 234 3
0 41 0 6 2 19 0
0 220 1 28 2 178 0
1 135 1 168 2 141 3
1 220 1 5 0 156 0
0 52 3 147 0 26 3
1 2 0 225 1 127 0
1 170 3 181 0 148 3
1 153 1 61 0 159 0
0 31 2 200 3 69 0
0 146 3 26 1 234 3
0 41 0 6 2 19 0
0 220 1 28 2 178 0
1 135 1 168 2 141 3
1 220 1 5 0 156 0
0 52 3 147 0 26 3
1 2 0 225 1 127 0
1 170 3 181 0 148 3
1 153 1 61 0 159 0
0 31 2 200 3 69 0
0 146 3 26 1 234 3
0 41 0 6 2 19 0
0 220 1 28 2 178 0
1 135 1 168 2 141 3
1 220 1 5 0 156 0
0 52 3 147 0 26 3
1 2 0 225 1 127 0
1 170 3 181 0 148 3
1 153 1 61 0 159 0
0 31 2 200 3 69 0
0 146 3 26 1 234 3
0 41 0 6 2 19 0
1 247 3 32 2 249 0
0 203 3 192 1 80 0
1 0 3 73 3 104 3
0 2 0 176 2 56 1
0 209 2 244 2 217 0
1 145 3 6 2 143 0
1 85 0 57 1 88 0
1 137 0 152 1 230 3
0 95 3 225 1 189 0
0 78 0 76 0 166 1
0 220 1 28 2 178 0
1 135 1 168 2 141 3
1 220 1 5 0 156 0
0 52 3 147 0 26 3
1 2 0 225 1 127 0
1 170 3 181 0 148 3
1 153 1 61 0 159 0
0 31 2 200 3 69 0
0 146 3 26 1 234 3
0 41 0 6 2 19 0
0 220 1 28 2 178 0
1 135 1 168 2 141 3
1 220 1 5 0 156 0
0 52 3 147 0 26 3
1 2 0 225 1 127 0
1 170 3 181 0 148 3
1 153 1 61 0 159 0
0 31 2 200 3 69 0
0 146 3 26 1 234 3
0 41 0 6 2 19 0
1 40 2 8 3 102 3
0 128 0 50 2 170 1
1 72 1 181 3 175 3
1 128 2 89 2 0 1
0 22 1 45 0 168 0
1 251 3 151 0 193 1
1 159 3 228 3 183 1
0 8 0 133 1 14 3
0 197 2 88 3 41 2
1 171 3 84 2 132 0
0 220 1 28 2 178 0
1 135 1 168 2 141 3
1 220 1 5 0 156 0
0 52 3 147 0 26 3
1 2 0 225 1 127 0
1 170 3 181 0 148 3
1 153 1 61 0 159 0
0 31 2 200 3 69 0
0 146 3 26 1 234 3
0 41 0 6 2 19 0
0 220 1 28 2 178 0
1 135 1 168 2 141 3
1 220 1 5 0 156 0
0 52 3 147 0 26 3
1 2 0 225 1 127 0
1 170 3 181 0 148 3
1 153 1 61 0 159 0
0 31 2 200 3 69 0
0 146 3 26 1 234 3
0 41 0 6 2 19 0
0 220 1 28 2 178 0
1 135 1 168 2 141 3
1 220 1 5 0 156 0
0 52 3 147 0 26 3
1 2 0 225 1 127 0
1 170 3 181 0 148 3
1 153 1 61 0 159 0
0 31 2 200 3 69 0
0 146 3 26 1 234 3
0 41 0 6 2 19 0
0 220 1 28 2 178 0
1 135 1 168 2 141 3
1 220 1 5 0 156 0
0 52 3 147 0 26 3
1 2 0 225 1 127 0
1 170 3 181 0 148 3
1 153 1 61 0 159 0
0 31 2 200 3 69 0
0 146 3 26 1 234 3
0 41 0 6 2 19 0
0 38 0 59 0 225 2
1 234 3 81 1 202 0
1 205 0 188 2 157 0
0 181 2 40 0 10 2
1 229 3 201 1 145 2
1 72 1 73 1 110 3
0 228 0 159 0 74 2
1 214 2 0 1 255 2
1 236 2 11 1 11 3
1 156 1 26 3 113 2
0 220 1 28 2 178 0
1 135 1 168 2 141 3
1 220 1 5 0 156 0
0 52 3 147 0 26 3
1 2 0 225 1 127 0
1 170 3 181 0 148 3
1 153 1 61 0 159 0
0 31 2 200 3 69 0
0 146 3 26 1 234 3
0 41 0 6 2 19 0
0 220 1 28 2 178 0
1 135 1 168 2 141 3
1 220 1 5 0 156 0
0 52 3 147 0 26 3
1 2 0 225 1 127 0
1 170 3 181 0 148 3
1 153 1 61 0 159 0
0 31 2 200 3 69 0
0 146 3 26 1 234 3
0 41 0 6 2 19 0
0 74 1 33 3 50 1
0 181 2 48 1 196 0
1 100 0 87 3 62 2
0 54 1 240 0 195 1
0 117 3 73 1 134 1
1 136 3 244 1 200 2
0 221 0 139 2 209 1
1 247 3 18 3 74 2
0 253 2 86 1 71 2
0 234 3 38 0 37 0
0 220 1 28 2 178 0
1 135 1 168 2 141 3
1 220 1 5 0 156 0
0 52 3 147 0 26 3
1 2 0 225 1 127 0
1 170 3 181 0 148 3
1 153 1 61 0 159 0
0 31 2 200 3 69 0
0 146 3 26 1 234 3
0 41 0 6 2 19 0
0 220 1 28 2 178 0
1 135 1 168 2 141 3
1 220 1 5 0 156 0
0 52 3 147 0 26 3
1 2 0 225 1 127 0
1 170 3 181 0 148 3
1 153 1 61 0 159 0
0 31 2 200 3 69 0
0 146 3 26 1 234 3
0 41 0 6 2 19 0
0 220 1 28 2 178 0
1 135 1 168 2 141 3
1 220 1 5 0 156 0
0 52 3 147 0 26 3
1 2 0 225 1 127 0
1 170 3 181 0 148 3
1 153 1 61 0 159 0
0 31 2 200 3 69 0
0 146 3 26 1 234 3
0 41 0 6 2 19 0
0 220 1 28 2 178 0
1 135 1 168 2 141 3
1 220 1 5 0 156 0
0 52 3 147 0 26 3
1 2 0 225 1 127 0
1 170 3 181 0 148 3
1 153 1 61 0 159 0
0 31 2 200 3 69 0
0 146 3 26 1 234 3
0 41 0 6 2 19 0
0 211 0 246 0 113 3
1 76 3 192 0 157 2
1 202 1 67 2 63 0
1 252 3 65 0 127 3
0 130 3 135 3 89 1
1 109 1 76 0 255 3
1 124 0 156 0 32 2
0 187 0 151 0 25 0
0 235 2 52 0 34 1
1 215 2 120 3 158 2
0 220 1 28 2 178 0
1 135 1 168 2 141 3
1 220 1 5 0 156 0
0 52 3 147 0 26 3
1 2 0 225 1 127 0
1 170 3 181 0 148 3
1 153 1 61 0 159 0
0 31 2 200 3 69 0
0 146 3 26 1 234 3
0 41 0 6 2 19 0
0 220 1 28 2 178 0
1 135 1 168 2 141 3
1 220 1 5 0 156 0
0 52 3 147 0 26 3
1 2 0 225 1 127 0
1 170 3 181 0 148 3
1 153 1 61 0 159 0
0 31 2 200 3 69 0
0 146 3 26 1 234 3
0 41 0 6 2 19 0
0 220 1 28 2 178 0
1 135 1 168 2 141 3
1 220 1 5 0 156 0
0 52 3 147 0 26 3
1 2 0 225 1 127 0
1 170 3 181 0 148 3
1 153 1 61 0 159 0
0 31 2 200 3 69 0
0 146 3 26 1 234 3
0 41 0 6 2 19 0
0 27 2 129 1 250 1
0 161 0 206 0 57 1
1 39 1 174 3 204 1
0 7 0 16 2 13 3
0 0 3 248 1 226 3
0 127 1 161 3 190 0
1 236 1 67 3 14 3
1 121 3 199 2 0 2
0 3 3 119 1 224 0
0 153 2 212 0 0 3
0 93 0 19 3 219 2
1 224 1 87 0 71 3
1 230 3 177 1 26 3
1 4 1 120 1 232 0
0 22 0 119 0 53 2
1 167 1 212 2 14 1
1 1 3 161 2 64 3
0 61 1 98 3 80 2
1 120 0 174 1 54 0
1 169 0 81 2 83 0
0 220 1 28 2 178 0
1 135 1 168 2 141 3
1 220 1 5 0 156 0
0 52 3 147 0 26 3
1 2 0 225 1 127 0
1 170 3 181 0 148 3
1 153 1 61 0 159 0
0 31 2 200 3 69 0
0 146 3 26 1 234 3
0 41 0 6 2 19 0
0 220 1 28 2 178 0
1 135 1 168 2 141 3
1 220 1 5 0 156 0
0 52 3 147 0 26 3
1 2 0 225 1 127 0
1 170 3 181 0 148 3
1 153 1 61 0 159 0
0 31 2 200 3 69 0
0 146 3 26 1 234 3
0 41 0 6 2 19 0
0 220 1 28 2 178 0
1 135 1 168 2 141 3
1 220 1 5 0 156 0
0 52 3 147 0 26 3
1 2 0 225 1 127 0
1 170 3 181 0 148 3
1 153 1 61 0 159 0
0 31 2 200 3 69 0
0 146 3 26 1 234 3
0 41 0 6 2 19 0
0 220 1 28 2 178 0
1 135 1 168 2 141 3
1 220 1 5 0 156 0
0 52 3 147 0 26 3
1 2 0 225 1 127 0
1 170 3 181 0 148 3
1 153 1 61 0 159 0
0 31 2 200 3 69 0
0 146 3 26 1 234 3
0 41 0 6 2 19 0
0 220 1 28 2 178 0
1 135 1 168 2 141 3
1 220 1 5 0 156 0
0 52 3 147 0 26 3
1 2 0 225 1 127 0
1 170 3 181 0 148 3
1 153 1 61 0 159 0
0 31 2 200 3 69 0
0 146 3 26 1 234 3
0 41 0 6 2 19 0
0 220 1 28 2 178 0
1 135 1 168 2 141 3
1 220 1 5 0 156 0
0 52 3 147 0 26 3
1 2 0 225 1 127 0
1 170 3 181 0 148 3
1 153 1 61 0 159 0
0 31 2 200 3 69 0
0 146 3 26 1 234 3
0 41 0 6 2 19 0
0 220 1 28 2 178 0
1 135 1 168 2 141 3
1 220 1 5 0 156 0
0 52 3 147 0 26 3
1 2 0 225 1 127 0
1 170 3 181 0 148 3
1 153 1 61 0 159 0
0 31 2 200 3 69 0
0 146 3 26 1 234 3
0 41 0 6 2 19 0
0 220 1 28 2 178 0
1 135 1 168 2 141 3
1 220 1 5 0 156 0
0 52 3 147 0 26 3
1 2 0 225 1 127 0
1 170 3 181 0 148 3
1 153 1 61 0 159 0
0 31 2 200 3 69 0
0 146 3 26 1 234 3
0 41 0 6 2 19 0
0 220 1 28 2 178 0
1 135 1 168 2 141 3
1 220 1 5 0 156 0
0 52 3 147 0 26 3
1 2 0 225 1 127 0
1 170 3 181 0 148 3
1 153 1 61 0 159 0
0 31 2 200 3 69 0
0 146 3 26 1 234 3
0 41 0 6 2 19 0
0 220 1 28 2 178 0
1 135 1 168 2 141 3
1 220 1 5 0 156 0
0 52 3 147 0 26 3
1 2 0 225 1 127 0
1 170 3 181 0 148 3
1 153 1 61 0 159 0
0 31 2 200 3 69 0
0 146 3 26 1 234 3
0 41 0 6 2 19 0
0 220 1 28 2 178 0
1 135 1 168 2 141 3
1 220 1 5 0 156 0
0 52 3 147 0 26 3
1 2 0 225 1 127 0
1 170 3 181 0 148 3
1 153 1 61 0 159 0
0 31 2 200 3 69 0
0 146 3 26 1 234 3
0 41 0 6 2 19 0
0 220 1 28 2 178 0
1 135 1 168 2 141 3
1 220 1 5 0 156 0
0 52 3 147 0 26 3
1 2 0 225 1 127 0
1 170 3 181 0 148 3
1 153 1 61 0 159 0
0 31 2 200 3 69 0
0 146 3 26 1 234 3
0 41 0 6 2 19 0
0 48 3 214 2 56 3
1 10 0 230 1 156 2
0 50 1 202 1 92 3
0 45 3 182 1 167 1
0 250 1 254 1 10 0
1 149 3 216 2 154 2
0 16 0 219 0 20 3
1 37 0 225 3 42 2
0 3 0 181 3 13 2
1 199 0 197 0 151 3
0 220 1 28 2 178 0
1 135 1 168 2 141 3
1 220 1 5 0 156 0
0 52 3 147 0 26 3
1 2 0 225 1 127 0
1 170 3 181 0 148 3
1 153 1 61 0 159 0
0 31 2 200 3 69 0
0 146 3 26 1 234 3
0 41 0 6 2 19 0
0 220 1 28 2 178 0
1 135 1 168 2 141 3
1 220 1 5 0 156 0
0 52 3 147 0 26 3
1 2 0 225 1 127 0
1 170 3 181 0 148 3
1 153 1 61 0 159 0
0 31 2 200 3 69 0
0 146 3 26 1 234 3
0 41 0 6 2 19 0
0 220 1 28 2 178 0
1 135 1 168 2 141 3
1 220 1 5 0 156 0
0 52 3 147 0 26 3
1 2 0 225 1 127 0
1 170 3 181 0 148 3
1 153 1 61 0 159 0
0 31 2 200 3 69 0
0 146 3 26 1 234 3
0 41 0 6 2 19 0
0 220 1 28 2 178 0
1 135 1 168 2 141 3
1 220 1 5 0 156 0
0 52 3 147 0 26 3
1 2 0 225 1 127 0
1 170 3 181 0 148 3
1 153 1 61 0 159 0
0 31 2 200 3 69 0
0 146 3 26 1 234 3
-1 41 0 6 2 19 0
