1 185 0 154 0 22 0
1 253 3 125 3 1 2
1 248 2 148 1 91 3
1 33 3 90 0 161 1
0 34 2 196 3 241 1
0 52 3 31 2 245 2
1 103 1 38 3 90 3
0 181 3 255 3 96 2
1 23 2 108 2 21 0
0 63 0 70 1 63 0
0 151 2 175 0 10 3
1 113 3 139 3 194 0
0 42 1 138 2 28 2
1 93 2 146 0 213 2
1 137 3 47 0 76 0
0 215 3 246 3 250 3
1 109 1 153 0 54 1
1 45 3 233 0 43 2
1 160 1 244 1 209 2
0 62 3 171 2 17 2
0 59 0 194 2 178 1
0 228 2 147 1 53 3
1 9 2 108 0 72 1
0 43 1 185 1 2 2
0 76 2 71 3 202 2
0 206 2 154 3 160 3
0 100 2 44 1 204 3
0 239 3 87 3 26 0
0 249 1 51 3 179 2
1 8 0 96 1 77 2
0 183 0 60 2 140 0
1 130 1 158 1 143 0
1 204 2 64 2 229 2
1 124 0 130 0 15 3
1 149 3 166 0 188 0
0 159 2 131 0 95 0
1 75 3 9 1 168 0
0 29 3 237 0 166 3
1 139 0 62 2 189 3
1 33 1 19 0 107 0
0 6 2 113 2 224 3
1 100 0 62 1 251 0
0 204 1 179 3 136 2
1 158 3 243 3 212 3
0 223 0 83 2 26 1
1 10 3 95 0 157 0
0 29 1 214 2 97 0
1 65 0 22 3 149 1
1 154 0 108 1 215 0
0 7 3 96 2 124 1
0 2 2 43 0 185 3
1 236 3 193 0 98 1
1 165 1 133 2 23 1
1 204 3 147 1 229 2
1 42 0 174 1 99 1
1 143 1 189 1 193 2
0 40 2 229 1 42 1
1 189 1 235 2 191 3
1 24 0 231 2 251 2
1 195 3 219 3 103 1
0 80 0 246 0 179 2
0 242 1 150 3 4 2
1 20 1 49 2 148 3
1 171 3 174 2 213 2
0 217 0 54 0 253 1
1 47 3 217 2 130 3
1 81 1 70 0 161 3
0 12 0 132 1 50 1
1 219 3 97 0 130 3
0 33 2 44 1 211 0
1 96 3 15 0 38 1
0 170 2 165 1 107 2
1 214 1 220 3 185 1
0 218 3 151 3 154 0
0 213 3 171 1 31 2
0 230 2 208 2 138 0
1 0 1 101 3 33 3
0 144 3 76 2 0 3
0 55 3 190 2 49 1
1 150 1 243 0 84 1
1 172 1 153 2 135 3
1 8 3 120 1 157 3
0 196 3 35 3 44 2
1 53 2 205 2 169 2
1 88 1 218 2 201 2
0 27 0 77 1 149 3
0 65 3 140 1 49 1
0 187 0 46 1 52 1
0 118 2 187 0 21 1
0 232 0 16 2 80 0
0 205 3 250 1 139 1
1 145 1 133 2 110 2
1 46 0 251 3 144 3
0 36 2 43 2 38 1
0 192 2 7 3 172 1
1 138 3 160 2 141 3
0 232 3 245 2 48 3
1 235 1 252 0 17 1
0 113 2 211 3 226 0
0 250 2 121 1 124 0
1 204 1 34 2 48 2
0 206 2 209 2 52 1
0 224 0 45 1 70 0
1 241 0 7 0 80 0
1 99 1 49 0 131 3
1 25 2 182 1 90 2
1 249 2 82 0 244 1
1 14 1 58 1 209 3
0 131 1 141 0 225 2
0 157 3 85 2 212 2
0 103 2 34 1 151 2
1 184 1 21 3 115 2
0 189 3 50 2 237 1
0 7 3 47 1 153 1
1 158 2 132 0 56 3
1 155 1 7 0 147 2
1 10 2 176 1 168 3
1 129 2 28 3 156 1
1 35 3 23 3 72 0
1 102 3 143 3 244 2
0 177 3 125 3 21 1
1 141 0 5 2 109 3
1 31 2 27 3 235 3
0 195 3 17 3 121 1
1 124 0 127 2 46 2
1 29 2 224 0 20 2
0 36 2 158 1 135 2
1 152 3 242 3 37 0
1 27 3 217 2 8 3
1 247 3 237 2 42 0
1 63 3 235 2 141 3
1 125 2 250 3 80 3
1 216 3 246 0 66 2
0 72 3 48 3 57 1
0 62 1 47 2 135 1
1 125 0 236 2 42 1
1 125 3 212 2 179 1
0 135 2 47 2 86 1
0 67 1 110 3 98 3
1 17 1 94 2 118 2
1 131 3 147 0 83 3
0 140 2 237 3 253 1
0 138 1 166 0 254 2
1 89 3 223 1 128 0
1 124 1 62 2 106 3
1 241 2 39 0 44 3
0 119 2 65 3 244 3
0 158 1 73 0 96 1
1 195 0 217 3 249 1
1 168 1 205 3 195 0
0 227 2 193 3 167 2
0 5 1 98 1 114 3
0 98 2 171 1 102 0
1 222 0 195 2 27 3
0 168 2 167 1 142 3
0 149 1 186 1 21 1
0 67 2 205 1 107 0
1 16 2 218 3 229 0
0 106 1 164 2 192 3
1 108 2 194 3 164 1
0 156 3 243 2 65 0
0 108 1 10 1 69 0
0 169 2 3 2 193 0
0 61 0 41 0 178 2
1 148 0 122 0 8 3
0 106 1 241 3 47 3
1 4 0 86 3 140 0
0 13 2 123 3 139 0
0 58 1 179 2 122 0
1 170 3 145 3 2 1
1 208 0 96 1 225 2
0 47 0 252 3 231 2
1 169 3 111 1 209 3
1 16 1 70 2 99 0
0 217 3 67 0 208 2
0 126 1 194 2 240 3
0 116 2 204 2 246 2
0 30 0 5 3 92 1
0 120 0 235 2 134 3
1 218 0 18 0 119 3
0 88 2 62 3 235 0
1 147 2 220 1 182 3
1 214 3 187 3 87 3
1 229 1 253 2 114 3
1 34 0 225 1 123 0
0 66 0 167 0 147 1
1 127 2 118 1 13 3
1 254 0 59 0 186 3
0 221 1 254 1 32 0
1 52 2 15 3 79 0
0 42 0 111 1 112 0
1 127 1 71 0 3 3
1 65 1 219 0 52 0
0 0 2 201 2 153 3
1 199 0 245 2 22 1
1 51 1 187 0 28 1
0 89 0 199 3 92 1
0 106 2 12 2 205 0
1 202 0 249 0 109 1
0 27 1 238 1 104 2
1 172 1 153 2 135 3
1 8 3 120 1 157 3
0 196 3 35 3 44 2
1 53 2 205 2 169 2
1 88 1 218 2 201 2
0 27 0 77 1 149 3
0 65 3 140 1 49 1
0 187 0 46 1 52 1
0 118 2 187 0 21 1
0 232 0 16 2 80 0
0 115 1 102 0 50 3
1 60 2 84 3 149 3
0 183 3 2 1 6 2
0 98 1 205 2 157 3
0 77 0 58 1 50 2
0 98 0 86 1 192 1
0 239 0 83 3 36 3
0 157 3 246 0 188 2
0 125 1 115 2 231 3
0 73 1 67 2 98 0
1 172 1 153 2 135 3
1 8 3 120 1 157 3
0 196 3 35 3 44 2
1 53 2 205 2 169 2
1 88 1 218 2 201 2
0 27 0 77 1 149 3
0 65 3 140 1 49 1
0 187 0 46 1 52 1
0 118 2 187 0 21 1
0 232 0 16 2 80 0
0 186 0 91 2 133 3
0 72 1 28 2 81 0
1 33 3 249 2 87 3
0 120 1 65 1 45 1
0 148 1 93 2 112 3
0 126 2 150 0 236 1
0 201 0 182 2 171 3
1 112 2 39 3 15 1
0 188 3 96 0 0 2
0 248 0 73 0 223 2
0 161 3 41 1 35 0
1 193 3 120 3 12 0
0 251 2 89 1 175 2
1 72 3 185 1 58 2
1 227 3 40 2 58 1
0 110 2 163 0 94 3
0 178 1 152 0 38 1
0 87 1 106 3 4 0
0 125 1 245 0 21 0
1 131 1 121 3 204 0
1 172 1 153 2 135 3
1 8 3 120 1 157 3
0 196 3 35 3 44 2
1 53 2 205 2 169 2
1 88 1 218 2 201 2
0 27 0 77 1 149 3
0 65 3 140 1 49 1
0 187 0 46 1 52 1
0 118 2 187 0 21 1
0 232 0 16 2 80 0
0 39 2 112 0 67 0
1 29 3 124 2 188 3
0 254 0 132 2 50 1
0 244 1 239 0 71 3
1 17 3 43 1 108 0
1 160 2 135 1 16 2
0 199 0 12 3 78 0
0 184 0 22 0 203 3
0 98 0 45 3 19 0
1 47 0 180 2 220 2
1 111 1 204 1 151 2
0 39 2 87 0 117 3
1 84 2 103 3 138 2
1 224 1 30 0 102 2
1 119 1 31 3 19 3
1 145 2 244 1 224 1
1 182 0 255 2 9 0
1 71 1 103 1 216 2
1 47 0 195 0 80 3
1 32 1 188 0 198 0
0 121 3 61 2 254 1
0 121 0 158 1 254 3
1 232 2 102 1 78 2
0 239 3 13 3 212 1
0 118 3 185 3 148 0
1 65 1 80 2 65 1
1 91 2 115 0 169 0
1 107 0 16 1 205 2
1 130 3 195 2 134 0
1 161 3 237 1 228 2
0 89 2 27 3 11 0
1 234 2 48 2 226 3
1 180 1 19 1 38 2
1 140 1 94 1 126 2
0 181 2 166 2 209 3
1 138 1 219 3 81 2
1 246 3 178 3 168 3
1 226 3 228 2 183 3
0 111 1 252 0 253 1
0 77 3 126 0 61 2
1 202 0 41 1 181 1
1 172 1 52 0 72 2
0 34 1 111 2 92 3
1 114 1 187 2 205 1
1 95 3 232 0 45 0
1 153 3 208 1 45 2
0 176 2 203 2 248 0
1 21 1 236 3 136 1
1 212 0 249 1 59 0
0 186 2 168 0 45 1
1 172 1 153 2 135 3
1 8 3 120 1 157 3
0 196 3 35 3 44 2
1 53 2 205 2 169 2
1 88 1 218 2 201 2
0 27 0 77 1 149 3
0 65 3 140 1 49 1
0 187 0 46 1 52 1
0 118 2 187 0 21 1
0 232 0 16 2 80 0
0 44 2 160 0 193 2
1 10 1 221 2 240 0
0 203 0 229 3 159 2
1 122 1 241 3 141 1
0 8 3 207 2 119 3
0 247 3 198 1 94 3
0 50 3 231 3 56 2
0 224 3 69 3 15 1
1 128 1 83 0 219 0
0 177 2 135 1 29 2
1 78 0 80 1 208 3
1 8 0 253 2 50 3
1 70 2 82 0 22 0
0 217 1 40 1 201 2
0 9 1 58 1 45 2
1 224 1 203 1 165 3
1 111 3 100 3 105 1
0 183 3 145 3 234 2
1 125 3 113 0 85 3
0 32 1 155 3 12 1
1 157 0 34 2 23 0
1 86 2 133 1 205 2
1 192 3 159 1 33 2
1 140 1 172 2 247 3
0 110 2 243 0 144 2
1 225 0 229 3 163 0
0 242 2 182 3 5 1
0 109 0 234 0 32 3
1 37 3 19 0 223 2
1 61 2 35 3 221 0
1 172 1 153 2 135 3
1 8 3 120 1 157 3
0 196 3 35 3 44 2
1 53 2 205 2 169 2
1 88 1 218 2 201 2
0 27 0 77 1 149 3
0 65 3 140 1 49 1
0 187 0 46 1 52 1
0 118 2 187 0 21 1
0 232 0 16 2 80 0
1 133 2 163 0 30 3
1 77 0 143 0 228 3
0 152 3 228 0 86 1
0 231 2 4 2 198 3
0 205 2 49 2 124 3
1 242 3 250 2 4 1
0 90 2 122 3 120 3
1 16 3 154 3 98 3
0 200 3 59 1 178 0
0 158 0 207 0 158 1
0 41 2 97 0 38 3
0 247 3 130 1 134 2
1 47 3 22 1 156 1
0 134 3 80 2 102 0
1 154 2 177 0 14 1
1 135 2 91 1 57 3
1 189 2 62 1 113 1
1 144 3 251 0 42 3
0 3 2 85 2 81 3
1 50 1 134 0 74 1
1 190 0 63 0 9 1
0 81 0 101 2 133 0
0 169 1 151 0 116 2
0 13 1 37 2 51 3
1 220 2 231 2 111 0
1 70 1 86 0 226 1
1 43 0 240 0 138 2
1 44 1 78 0 46 3
1 38 3 170 2 170 2
1 82 0 37 3 181 2
1 47 0 15 0 159 1
1 63 1 143 2 149 2
1 98 1 85 3 201 3
1 121 3 86 3 245 3
0 75 3 40 3 103 3
1 110 0 167 0 127 3
0 149 0 247 0 45 3
1 219 0 114 2 221 2
1 54 3 127 0 39 1
0 114 0 131 1 152 3
0 208 2 13 0 27 3
0 243 1 39 1 228 2
1 48 3 52 3 228 3
0 246 3 119 1 65 2
1 60 1 237 2 130 2
1 17 1 160 2 250 1
1 175 2 81 2 203 3
1 45 1 191 1 232 0
1 104 1 117 1 9 1
0 22 2 39 1 5 2
1 75 1 17 2 225 1
1 179 1 53 0 170 1
1 211 0 244 2 92 0
1 111 3 249 2 155 2
1 236 3 115 3 236 3
0 169 1 84 3 39 1
1 181 0 89 2 184 2
0 84 1 105 2 2 3
0 50 3 0 0 161 1
0 12 2 109 0 166 2
0 19 3 154 2 181 2
1 65 2 57 1 101 2
0 36 1 216 2 15 0
0 86 2 41 0 106 3
1 3 1 103 1 84 2
0 182 0 52 0 88 3
1 29 2 3 2 76 2
1 88 3 63 3 83 2
0 59 2 17 1 73 3
0 43 3 16 0 143 1
1 244 1 247 2 94 3
0 86 0 119 0 185 1
0 225 1 181 2 138 3
0 87 1 132 2 218 3
0 108 2 101 2 108 2
1 100 3 223 0 133 2
1 142 1 173 3 25 3
1 162 1 165 0 100 1
0 219 2 73 3 38 2
0 1 2 77 2 144 3
0 164 1 56 0 14 0
1 232 3 134 0 46 3
0 30 2 49 3 113 2
1 243 2 21 1 65 0
0 209 2 104 0 231 0
0 112 3 15 3 198 1
0 188 0 205 1 87 3
1 98 0 11 2 98 0
1 228 1 77 3 20 0
1 44 0 29 0 76 2
1 89 2 184 0 47 1
1 55 1 188 0 67 1
1 208 1 96 3 190 1
0 50 2 220 2 168 1
1 94 2 134 3 9 0
1 183 1 233 0 19 3
1 254 3 50 0 216 3
0 123 3 98 3 5 0
1 231 3 14 3 93 0
0 91 3 68 0 123 3
1 216 0 85 1 105 1
0 219 2 141 2 145 2
1 237 2 249 0 244 3
0 243 1 111 3 124 0
0 147 3 139 1 24 2
1 66 1 30 3 120 1
1 180 1 140 0 22 2
0 252 1 50 3 138 2
1 60 3 46 1 249 3
0 49 0 21 1 30 1
0 120 1 178 1 245 2
0 61 2 252 3 233 2
1 6 3 223 0 151 2
0 127 2 80 1 156 3
0 84 2 77 1 89 3
0 169 3 157 3 71 1
0 211 3 115 0 66 2
0 77 3 96 1 126 1
1 114 2 190 0 142 2
0 113 0 66 0 155 0
0 0 1 27 2 154 3
0 71 2 171 3 187 1
1 121 3 179 2 139 3
1 104 0 177 0 62 0
0 118 1 210 1 92 0
0 29 2 200 2 245 3
1 52 2 48 2 100 2
1 156 3 198 2 72 2
1 238 2 12 2 109 3
1 66 3 23 0 243 0
0 127 0 225 1 242 2
1 50 1 46 2 46 1
1 132 2 157 0 37 0
0 227 2 159 2 92 0
0 119 0 159 2 193 2
1 129 1 99 3 153 3
0 127 0 231 2 221 2
1 43 0 45 1 182 0
1 226 0 64 1 58 3
0 115 2 232 1 136 2
0 95 3 72 1 187 2
0 182 2 170 2 158 0
0 221 0 164 2 17 2
0 25 3 198 2 169 0
0 41 1 195 3 189 1
1 83 2 189 0 72 2
0 196 0 252 1 242 0
1 141 2 70 3 245 3
1 239 1 237 3 4 1
1 254 0 162 0 58 3
1 172 1 153 2 135 3
1 8 3 120 1 157 3
0 196 3 35 3 44 2
1 53 2 205 2 169 2
1 88 1 218 2 201 2
0 27 0 77 1 149 3
0 65 3 140 1 49 1
0 187 0 46 1 52 1
0 118 2 187 0 21 1
0 232 0 16 2 80 0
1 172 1 153 2 135 3
1 8 3 120 1 157 3
0 196 3 35 3 44 2
1 53 2 205 2 169 2
1 88 1 218 2 201 2
0 27 0 77 1 149 3
0 65 3 140 1 49 1
0 187 0 46 1 52 1
0 118 2 187 0 21 1
0 232 0 16 2 80 0
0 103 2 94 0 103 3
1 13 3 241 0 139 1
0 162 1 27 3 99 2
1 29 1 74 1 70 1
1 107 0 135 0 13 2
1 84 2 197 3 206 3
0 28 0 202 0 40 2
0 250 3 180 1 198 1
0 253 3 239 3 248 3
1 60 2 186 0 194 1
1 105 3 79 0 42 0
1 129 1 139 3 27 3
0 191 3 19 1 99 0
1 146 3 117 2 164 2
0 86 1 192 1 20 1
0 59 2 0 2 104 0
0 236 0 254 1 156 0
1 57 2 74 0 200 0
0 61 0 33 1 240 2
0 139 3 234 2 139 3
1 205 1 26 2 48 3
1 131 2 120 3 184 2
0 15 2 211 1 247 1
0 40 2 28 1 93 3
1 97 0 54 2 83 0
0 204 2 161 3 138 0
1 162 1 58 2 151 3
0 219 3 6 1 43 3
1 72 2 215 2 146 1
0 88 2 136 1 130 0
0 61 3 174 1 198 1
0 122 2 144 0 116 2
1 241 0 195 3 188 3
0 110 3 15 0 233 3
1 98 0 165 2 135 1
1 37 2 51 3 228 1
1 5 2 204 1 13 0
0 181 3 112 2 44 2
0 219 1 31 3 186 3
1 192 0 89 3 145 3
1 19 3 218 2 157 2
0 207 3 187 0 56 2
1 8 0 81 2 40 1
0 177 0 246 0 117 0
1 125 1 60 1 8 2
1 53 2 144 3 21 1
1 103 1 149 2 206 3
0 219 2 104 0 45 1
0 162 2 48 3 95 0
0 82 3 30 1 194 2
1 172 1 153 2 135 3
1 8 3 120 1 157 3
0 196 3 35 3 44 2
1 53 2 205 2 169 2
1 88 1 218 2 201 2
0 27 0 77 1 149 3
0 65 3 140 1 49 1
0 187 0 46 1 52 1
0 118 2 187 0 21 1
0 232 0 16 2 80 0
1 172 1 153 2 135 3
1 8 3 120 1 157 3
0 196 3 35 3 44 2
1 53 2 205 2 169 2
1 88 1 218 2 201 2
0 27 0 77 1 149 3
0 65 3 140 1 49 1
0 187 0 46 1 52 1
0 118 2 187 0 21 1
0 232 0 16 2 80 0
0 100 0 146 1 106 2
1 218 1 140 3 240 3
0 77 2 177 1 80 0
0 227 2 92 1 81 2
1 99 3 167 1 68 3
1 128 0 33 0 210 1
1 94 3 128 3 145 2
1 142 0 134 3 67 0
1 12 3 158 0 63 0
1 145 2 98 0 59 2
0 183 2 118 1 146 2
1 192 3 219 0 38 3
1 214 1 143 2 31 2
1 187 0 223 1 162 3
0 106 0 8 3 99 2
0 204 3 150 0 109 3
0 215 3 18 2 29 1
1 217 0 156 2 142 2
0 33 1 27 2 227 3
1 66 3 42 0 143 1
0 202 0 168 3 169 0
1 104 3 109 0 207 0
1 205 2 10 0 43 2
1 142 3 194 2 99 2
1 98 3 108 0 126 3
0 74 1 145 0 249 0
1 147 2 246 3 58 3
0 210 3 248 2 186 2
1 206 0 246 1 236 2
0 186 0 141 2 34 0
1 243 1 77 3 225 0
1 4 3 213 3 63 1
1 141 3 144 0 98 3
0 144 3 75 1 221 3
1 58 1 158 1 242 0
0 75 0 10 2 140 2
0 116 3 157 3 59 0
1 183 1 115 2 119 3
1 43 1 155 3 165 1
0 151 3 109 2 141 3
0 253 1 70 3 202 2
1 235 3 10 1 112 0
1 234 2 111 0 74 2
1 128 1 183 0 25 0
1 210 0 102 1 168 1
0 183 2 73 3 61 2
1 41 1 67 0 54 0
0 96 3 124 1 207 3
0 153 0 184 0 61 1
1 175 0 191 0 60 0
1 172 1 153 2 135 3
1 8 3 120 1 157 3
0 196 3 35 3 44 2
1 53 2 205 2 169 2
1 88 1 218 2 201 2
0 27 0 77 1 149 3
0 65 3 140 1 49 1
0 187 0 46 1 52 1
0 118 2 187 0 21 1
0 232 0 16 2 80 0
1 149 1 12 1 231 1
1 180 2 107 2 47 0
0 2 2 63 0 141 0
1 234 0 170 0 248 1
0 131 2 151 0 122 2
0 176 0 199 3 249 2
1 16 3 246 1 69 0
0 195 0 147 1 159 2
0 215 1 214 3 79 1
1 33 0 37 2 202 1
0 164 0 186 3 6 2
0 209 2 41 2 193 0
1 54 2 109 2 250 2
0 136 0 104 1 245 1
0 79 1 116 0 241 0
0 37 1 96 2 74 0
0 109 0 120 3 110 1
0 116 2 251 2 159 2
0 89 0 139 1 115 1
1 194 1 202 2 194 1
1 32 0 159 2 101 0
0 32 1 78 3 31 1
1 13 1 137 2 82 3
0 98 1 52 1 196 1
0 183 0 93 1 19 2
0 77 0 147 2 148 3
0 72 3 12 0 249 1
1 103 1 133 2 189 2
0 133 0 141 0 11 1
0 98 2 186 3 200 0
1 172 1 153 2 135 3
1 8 3 120 1 157 3
0 196 3 35 3 44 2
1 53 2 205 2 169 2
1 88 1 218 2 201 2
0 27 0 77 1 149 3
0 65 3 140 1 49 1
0 187 0 46 1 52 1
0 118 2 187 0 21 1
0 232 0 16 2 80 0
0 66 1 240 1 0 1
0 32 1 212 3 230 2
0 59 1 54 1 113 3
0 194 0 170 3 68 3
0 155 2 187 2 255 3
1 62 0 200 3 132 1
0 141 2 152 3 98 3
0 109 0 193 2 180 0
1 169 1 73 3 149 3
0 150 0 52 0 94 3
1 172 1 153 2 135 3
1 8 3 120 1 157 3
0 196 3 35 3 44 2
1 53 2 205 2 169 2
1 88 1 218 2 201 2
0 27 0 77 1 149 3
0 65 3 140 1 49 1
0 187 0 46 1 52 1
0 118 2 187 0 21 1
0 232 0 16 2 80 0
1 172 1 153 2 135 3
1 8 3 120 1 157 3
0 196 3 35 3 44 2
1 53 2 205 2 169 2
1 88 1 218 2 201 2
0 27 0 77 1 149 3
0 65 3 140 1 49 1
0 187 0 46 1 52 1
0 118 2 187 0 21 1
0 232 0 16 2 80 0
0 35 0 119 3 160 2
1 219 3 143 0 126 2
0 0 0 185 3 179 0
0 24 0 243 3 128 2
0 195 2 166 2 131 3
0 21 1 207 0 158 2
1 67 3 151 2 46 2
1 16 2 2 0 47 1
1 188 0 216 1 28 0
1 21 2 167 3 196 2
1 43 0 75 1 133 1
1 156 0 220 2 44 2
0 149 2 163 2 171 1
0 95 1 32 3 177 2
0 213 2 193 0 239 2
0 110 1 26 2 45 0
0 247 0 214 0 67 2
1 225 0 232 2 206 0
0 81 3 90 1 169 3
1 195 1 75 3 153 0
1 172 1 153 2 135 3
1 8 3 120 1 157 3
0 196 3 35 3 44 2
1 53 2 205 2 169 2
1 88 1 218 2 201 2
0 27 0 77 1 149 3
0 65 3 140 1 49 1
0 187 0 46 1 52 1
0 118 2 187 0 21 1
0 232 0 16 2 80 0
1 172 1 153 2 135 3
1 8 3 120 1 157 3
0 196 3 35 3 44 2
1 53 2 205 2 169 2
1 88 1 218 2 201 2
0 27 0 77 1 149 3
0 65 3 140 1 49 1
0 187 0 46 1 52 1
0 118 2 187 0 21 1
0 232 0 16 2 80 0
1 216 1 253 1 188 0
1 8 2 71 1 15 3
1 103 2 19 3 126 1
0 164 1 17 1 132 0
0 234 2 49 3 217 0
1 36 1 96 0 7 3
1 172 0 244 0 151 1
1 92 3 126 2 234 1
0 67 1 37 0 187 1
1 254 2 170 0 76 2
0 198 0 188 0 133 0
1 57 1 173 1 48 3
1 78 1 110 1 134 3
0 183 2 174 0 13 1
0 251 1 203 3 140 3
0 135 3 164 1 216 2
1 241 3 19 2 82 3
0 227 2 2 0 241 0
0 1 0 79 2 50 3
0 202 3 105 2 131 3
1 0 0 85 2 84 0
0 230 2 133 2 51 3
1 1 3 179 1 8 0
1 60 0 99 1 45 3
1 226 1 192 1 78 2
1 143 2 221 1 251 2
1 237 1 69 2 184 0
1 135 3 244 1 165 2
0 130 0 115 3 52 2
1 243 1 46 0 0 3
0 4 2 38 1 80 1
0 195 1 84 0 75 3
0 121 0 172 3 32 3
1 140 2 29 0 92 3
0 163 1 120 2 206 2
1 178 0 176 0 13 0
0 122 0 151 1 120 3
1 146 1 5 0 175 2
1 78 0 194 0 236 3
1 59 0 132 3 164 1
1 253 0 87 3 93 0
0 154 1 120 1 119 2
1 254 0 167 1 45 0
0 37 0 53 1 11 1
0 48 1 86 1 88 0
1 109 3 249 1 175 2
0 173 2 200 1 40 0
1 22 3 243 0 65 3
0 26 1 202 2 64 2
1 42 3 248 0 166 3
0 32 0 246 3 21 1
1 203 3 206 3 64 1
1 17 2 136 2 111 3
0 160 1 15 1 34 3
0 244 3 157 1 149 2
1 153 0 22 3 61 3
0 95 3 14 3 37 1
0 229 2 123 2 182 1
1 236 1 109 0 198 0
1 36 2 248 3 34 3
1 49 2 203 0 60 2
0 59 3 221 3 97 1
0 122 2 74 0 135 1
1 95 2 87 2 73 0
1 192 1 177 0 14 0
1 37 2 50 3 104 3
0 139 0 118 0 9 3
1 196 3 232 3 122 3
0 195 3 253 2 164 3
1 197 0 17 0 116 2
1 172 1 153 2 135 3
1 8 3 120 1 157 3
0 196 3 35 3 44 2
1 53 2 205 2 169 2
1 88 1 218 2 201 2
0 27 0 77 1 149 3
0 65 3 140 1 49 1
0 187 0 46 1 52 1
0 118 2 187 0 21 1
0 232 0 16 2 80 0
0 152 3 253 0 151 0
1 212 0 146 0 40 0
0 19 3 70 0 33 3
1 121 3 36 0 239 2
0 234 2 98 2 167 2
1 210 1 5 2 232 2
0 160 0 197 1 109 0
0 181 1 234 0 156 1
0 45 3 136 3 32 1
1 188 3 152 0 50 2
1 149 2 228 3 37 3
0 35 0 171 0 118 3
1 57 0 227 3 238 0
0 139 3 104 1 92 0
1 200 0 9 2 195 3
1 250 2 187 0 203 0
0 28 2 223 3 196 0
1 172 2 174 0 212 3
0 101 0 164 2 10 0
1 155 0 243 2 153 3
0 107 2 145 1 49 2
0 191 2 96 2 157 2
1 218 0 119 3 181 2
0 114 3 109 3 41 0
0 202 2 157 1 230 3
1 142 3 12 2 12 3
1 5 0 37 2 96 0
1 12 3 128 3 233 1
0 186 3 103 3 70 1
0 80 2 242 2 195 0
1 172 1 153 2 135 3
1 8 3 120 1 157 3
0 196 3 35 3 44 2
1 53 2 205 2 169 2
1 88 1 218 2 201 2
0 27 0 77 1 149 3
0 65 3 140 1 49 1
0 187 0 46 1 52 1
0 118 2 187 0 21 1
0 232 0 16 2 80 0
0 156 3 254 2 183 2
0 116 2 252 0 143 1
1 163 0 125 1 47 1
1 32 2 97 3 239 2
1 222 2 9 0 221 0
0 211 3 166 2 108 1
1 34 1 69 2 8 2
0 184 3 83 2 191 1
0 120 1 83 3 31 1
1 72 0 247 0 13 3
1 172 1 153 2 135 3
1 8 3 120 1 157 3
0 196 3 35 3 44 2
1 53 2 205 2 169 2
1 88 1 218 2 201 2
0 27 0 77 1 149 3
0 65 3 140 1 49 1
0 187 0 46 1 52 1
0 118 2 187 0 21 1
0 232 0 16 2 80 0
0 148 0 227 3 12 1
1 115 3 75 1 37 2
0 186 1 120 0 218 0
1 5 1 17 1 24 0
1 227 3 109 0 213 2
1 130 3 111 3 208 0
0 251 3 111 1 169 1
0 172 3 2 3 102 0
1 144 0 83 1 44 1
1 109 2 226 0 105 2
1 172 1 153 2 135 3
1 8 3 120 1 157 3
0 196 3 35 3 44 2
1 53 2 205 2 169 2
1 88 1 218 2 201 2
0 27 0 77 1 149 3
0 65 3 140 1 49 1
0 187 0 46 1 52 1
0 118 2 187 0 21 1
0 232 0 16 2 80 0
1 74 2 154 0 212 3
1 232 0 61 0 93 1
0 1 0 9 3 16 2
0 206 0 100 0 13 3
0 87 0 14 2 246 1
0 79 3 85 1 144 1
1 13 3 246 2 4 2
0 73 1 44 3 12 3
1 160 0 31 0 237 2
0 119 3 253 3 154 0
1 198 0 162 0 158 3
0 207 0 5 1 224 0
1 223 3 48 2 7 2
1 88 0 61 3 55 1
1 134 0 27 3 77 0
1 20 3 168 2 113 0
1 180 0 185 2 106 1
1 225 1 246 2 164 3
1 61 1 168 3 107 1
0 79 3 89 0 135 3
0 143 2 153 2 197 1
1 222 3 152 2 57 2
1 249 2 177 1 131 1
0 49 1 197 3 144 0
0 225 1 158 1 53 3
1 9 2 35 3 69 3
0 182 1 238 3 228 1
0 39 2 27 1 148 0
1 132 3 83 3 122 1
0 110 3 92 1 41 1
1 105 3 208 1 102 2
0 212 2 106 3 117 1
0 103 0 9 0 91 0
0 5 2 81 0 184 1
0 71 0 45 0 123 1
1 202 0 58 0 108 3
0 126 3 41 3 87 0
0 139 0 15 1 207 1
1 91 0 47 1 122 2
0 136 0 110 0 192 0
1 233 2 184 3 141 0
1 160 3 162 0 48 0
1 71 1 126 3 41 1
1 185 2 89 3 201 2
0 99 1 43 1 238 3
1 39 0 77 2 164 0
0 90 1 173 2 137 0
1 171 2 31 3 37 2
1 238 3 110 2 161 3
1 218 1 12 1 81 3
0 211 2 227 3 229 2
0 14 1 78 3 58 3
0 189 1 47 3 182 1
1 45 0 71 1 88 0
0 117 0 203 3 30 3
0 239 2 189 2 236 3
0 98 3 112 3 16 1
0 102 0 216 1 179 2
1 76 3 189 0 48 0
0 244 0 165 3 159 1
0 57 0 76 1 141 3
0 249 2 64 2 78 2
0 190 1 45 1 9 1
0 217 3 254 1 112 3
0 21 1 9 3 119 1
0 41 2 38 0 101 0
0 213 1 85 1 140 2
1 42 1 28 2 176 2
1 41 0 95 1 47 3
-1 27 0 63 1 222 1
