0 2 1 12 3 55 2
0 26 1 3 1 50 1
0 3 2 15 3 50 0
1 60 0 14 2 59 0
1 53 0 1 1 37 0
0 37 2 21 2 4 2
0 62 1 42 2 40 2
1 40 3 28 0 34 0
1 28 2 63 0 58 0
0 28 0 49 0 61 0
0 43 3 48 3 21 3
1 12 3 19 3 56 0
1 58 3 8 3 19 2
0 1 1 18 1 15 2
0 27 1 27 2 41 1
1 4 1 24 2 51 1
1 49 3 44 3 36 1
1 43 0 31 2 5 2
1 44 3 20 1 50 3
0 8 3 53 3 6 0
0 45 1 22 0 27 1
1 31 2 42 3 25 2
0 18 0 29 2 44 3
0 35 0 50 1 30 2
1 16 1 27 0 18 0
1 46 3 41 3 24 0
0 41 2 0 3 11 2
0 49 0 52 3 28 2
1 32 0 5 0 59 1
0 15 1 53 2 55 3
0 57 2 57 3 7 0
0 30 2 20 1 18 2
1 45 3 28 1 6 1
1 63 2 2 3 54 3
1 11 1 34 2 40 1
0 28 2 2 1 2 3
1 7 1 54 2 23 2
1 24 2 31 1 53 2
1 43 3 30 0 17 3
0 35 2 26 2 20 2
1 31 3 1 2 38 1
1 47 3 47 2 20 1
0 62 0 8 1 17 1
1 46 3 6 1 23 3
0 60 0 14 3 54 0
0 49 3 40 3 17 2
1 6 2 28 1 39 2
0 52 0 21 3 59 3
1 33 1 32 0 58 0
1 63 2 11 2 28 3
0 51 3 37 2 22 1
1 38 1 27 2 12 1
1 60 1 53 0 4 3
1 8 0 36 0 62 3
0 44 3 40 2 42 1
1 40 1 10 2 50 0
1 18 1 20 0 48 0
0 39 2 3 1 42 2
1 30 3 17 2 9 0
0 18 3 16 3 40 0
0 12 0 11 0 49 1
1 52 2 31 2 49 3
1 55 2 11 3 34 0
1 51 3 9 3 13 0
1 19 2 12 3 11 3
1 46 2 27 1 45 3
1 48 0 38 0 53 0
1 47 2 48 1 19 1
1 41 2 37 3 25 1
0 9 3 9 2 14 2
1 42 3 23 2 16 2
0 62 1 58 2 35 3
0 4 2 29 2 61 2
0 39 2 49 2 59 3
0 55 0 59 2 25 3
1 18 3 25 2 15 1
0 56 3 7 3 0 2
1 22 0 39 1 5 2
1 9 2 37 2 14 2
1 39 1 39 3 27 3
0 57 0 55 3 8 3
1 48 3 56 2 41 3
1 54 3 55 1 43 0
0 29 0 35 2 16 0
1 60 3 39 0 21 1
1 42 0 24 1 15 1
0 4 3 19 1 20 3
1 12 3 59 2 53 0
1 55 3 24 3 58 1
1 21 0 0 1 35 2
0 12 0 11 0 49 1
1 52 2 31 2 49 3
1 55 2 11 3 34 0
1 51 3 9 3 13 0
1 19 2 12 3 11 3
1 46 2 27 1 45 3
1 48 0 38 0 53 0
1 47 2 48 1 19 1
1 41 2 37 3 25 1
0 9 3 9 2 14 2
1 27 1 47 0 63 2
0 29 0 11 2 38 1
1 44 1 52 1 40 0
1 26 0 14 0 10 0
1 41 1 26 2 31 2
0 42 2 24 1 52 0
0 51 0 5 2 1 2
0 59 1 29 3 37 2
0 20 0 13 1 18 2
1 24 3 14 2 62 1
0 12 0 11 0 49 1
1 52 2 31 2 49 3
1 55 2 11 3 34 0
1 51 3 9 3 13 0
1 19 2 12 3 11 3
1 46 2 27 1 45 3
1 48 0 38 0 53 0
1 47 2 48 1 19 1
1 41 2 37 3 25 1
0 9 3 9 2 14 2
1 11 1 22 1 26 0
1 6 0 39 2 11 0
0 39 1 53 2 14 0
0 51 3 56 2 14 1
1 34 2 39 1 18 0
0 28 3 25 3 1 2
0 55 2 0 0 7 0
1 9 0 0 1 55 1
0 34 0 23 2 18 0
0 34 1 54 0 59 2
0 21 1 38 1 35 0
1 10 3 38 1 47 3
0 63 0 13 2 37 3
0 7 2 47 1 24 0
0 57 0 57 3 33 3
1 31 2 4 1 41 3
1 62 3 39 2 59 3
1 54 2 2 0 26 1
0 44 2 48 0 7 1
1 9 3 2 2 53 1
0 7 1 39 3 55 1
1 28 0 18 3 36 2
1 54 0 48 1 11 3
1 60 2 22 2 26 0
0 46 3 26 2 1 2
1 29 1 6 3 56 3
0 10 3 28 1 4 0
1 61 2 0 2 51 2
1 63 3 10 3 9 2
0 19 2 37 3 47 0
1 47 0 31 1 18 0
1 56 1 4 1 9 2
1 8 0 39 0 25 3
1 8 2 49 2 59 3
1 47 1 55 2 11 0
1 38 1 39 1 49 1
0 42 3 49 2 30 0
1 53 0 2 1 27 2
0 5 2 4 3 39 3
1 30 1 46 0 38 1
0 35 1 41 3 56 2
0 58 1 38 0 30 2
1 2 0 16 0 46 3
0 57 0 20 3 40 3
1 21 1 56 3 63 2
1 31 0 54 0 26 1
0 0 0 33 3 32 2
1 44 3 12 3 21 0
0 28 0 31 0 24 0
1 11 2 59 0 46 1
0 11 3 61 0 37 2
1 32 1 55 1 8 3
1 14 3 33 3 57 3
0 4 0 2 3 54 0
0 12 3 60 3 55 3
1 21 0 38 3 49 0
1 18 1 46 1 57 1
1 40 3 60 2 13 2
1 56 2 20 2 12 0
0 55 2 18 2 52 3
0 39 1 17 1 27 1
0 41 3 25 2 8 1
1 57 3 33 3 7 0
1 0 2 27 3 5 2
0 44 1 28 3 28 0
0 15 2 39 1 49 1
1 27 1 52 0 33 1
0 15 0 63 1 2 0
1 53 0 17 1 58 1
1 41 2 38 1 2 0
0 57 3 30 1 19 1
0 8 2 29 1 18 3
1 17 1 20 2 7 0
1 21 1 47 0 36 3
0 40 0 60 2 8 1
1 45 0 41 0 62 0
1 21 1 16 0 47 0
0 49 1 6 1 40 1
1 35 0 4 1 1 3
1 60 2 49 3 14 1
1 45 3 39 2 6 3
1 33 0 59 3 4 2
0 57 2 17 2 8 0
0 10 0 16 0 38 3
1 35 1 30 1 22 1
1 3 1 8 0 16 0
1 52 1 43 1 25 1
1 31 2 49 1 34 1
1 48 1 7 1 39 1
1 48 0 38 1 2 2
0 12 1 26 3 13 1
1 18 1 8 2 46 1
1 3 1 48 3 15 0
1 54 2 50 0 40 2
0 11 1 44 0 9 0
1 39 1 12 3 41 1
0 16 3 12 2 59 3
0 18 0 0 1 37 1
0 1 3 5 0 38 2
0 39 0 56 2 59 0
0 27 1 33 0 62 3
1 50 1 61 1 46 3
1 43 3 39 0 34 2
0 0 3 3 2 53 2
0 4 0 50 2 26 2
1 42 1 9 3 6 0
0 31 0 1 3 7 0
1 29 3 29 0 42 0
1 21 3 45 2 12 1
1 53 0 21 2 56 0
0 59 3 61 2 26 0
0 8 3 44 2 12 1
1 9 2 23 3 29 0
1 48 3 59 3 19 2
1 14 1 4 1 7 1
1 62 0 6 1 8 1
0 31 3 54 2 38 1
1 19 3 28 2 44 1
1 6 0 20 3 10 2
1 18 0 48 3 37 3
0 31 1 63 3 35 0
1 48 0 63 3 15 3
0 28 1 5 3 33 0
1 5 3 24 2 25 2
0 44 3 1 3 60 2
0 48 3 39 1 6 2
0 61 0 24 3 48 0
0 37 2 15 2 45 3
1 11 3 17 0 15 0
1 10 3 52 0 15 3
0 58 0 1 0 52 2
1 37 2 9 1 20 2
0 51 3 56 1 1 3
0 6 0 61 3 23 0
0 51 0 54 3 44 2
1 60 0 25 3 7 1
0 21 3 26 0 7 1
0 50 0 45 3 60 2
0 63 2 56 0 5 1
1 2 2 39 1 35 1
0 45 3 39 1 47 2
0 35 2 29 1 2 3
0 30 3 33 1 5 3
1 6 2 52 3 5 3
1 9 0 7 1 52 0
1 48 0 50 2 21 1
0 34 3 47 1 57 3
1 52 1 17 0 37 2
1 25 2 1 2 2 3
0 42 1 55 1 0 0
0 26 2 16 1 35 3
0 38 2 27 1 50 3
1 56 0 45 0 7 0
1 31 0 60 2 44 0
0 2 2 46 2 30 1
0 9 0 58 1 46 0
1 58 3 27 3 58 0
1 15 0 48 1 27 2
0 40 3 60 0 20 2
1 51 1 27 0 10 0
0 12 0 11 0 49 1
1 52 2 31 2 49 3
1 55 2 11 3 34 0
1 51 3 9 3 13 0
1 19 2 12 3 11 3
1 46 2 27 1 45 3
1 48 0 38 0 53 0
1 47 2 48 1 19 1
1 41 2 37 3 25 1
0 9 3 9 2 14 2
0 54 0 3 3 48 0
1 47 3 59 0 38 0
1 31 0 1 2 34 2
0 1 0 44 2 3 3
0 21 1 46 2 28 0
0 30 3 32 1 53 3
0 41 3 36 3 9 0
0 54 1 23 1 62 2
1 28 1 36 0 38 0
1 37 3 18 3 62 0
0 32 0 57 0 24 0
0 18 3 0 0 33 2
0 54 2 23 1 48 2
1 51 3 21 0 0 2
1 37 2 11 2 24 2
1 49 3 3 3 51 1
0 5 2 15 2 36 1
1 24 3 24 2 0 3
0 13 3 42 2 56 0
1 36 3 41 1 54 0
0 12 0 11 0 49 1
1 52 2 31 2 49 3
1 55 2 11 3 34 0
1 51 3 9 3 13 0
1 19 2 12 3 11 3
1 46 2 27 1 45 3
1 48 0 38 0 53 0
1 47 2 48 1 19 1
1 41 2 37 3 25 1
0 9 3 9 2 14 2
1 42 1 24 0 2 1
0 1 0 16 2 5 0
0 9 1 54 0 58 2
0 20 0 42 1 2 3
0 18 3 41 1 40 0
0 52 0 23 1 16 2
0 20 0 44 1 30 0
1 21 3 40 3 36 1
1 4 2 22 0 35 0
0 13 2 5 0 31 2
1 34 1 49 3 13 0
1 7 2 42 0 55 1
0 41 2 56 1 53 2
0 57 2 14 3 35 0
1 7 3 28 1 8 2
1 52 3 23 0 2 1
1 26 3 26 1 39 2
1 50 3 30 1 63 3
1 37 0 9 3 17 2
0 38 2 52 0 20 0
1 48 2 39 2 16 0
0 59 1 49 3 3 3
0 26 3 27 3 26 0
1 7 0 33 0 29 2
1 7 3 19 1 38 2
1 28 2 54 1 40 0
0 41 1 17 2 45 1
1 62 2 15 2 13 2
1 20 2 7 3 5 2
0 33 3 38 1 14 2
0 12 0 11 0 49 1
1 52 2 31 2 49 3
1 55 2 11 3 34 0
1 51 3 9 3 13 0
1 19 2 12 3 11 3
1 46 2 27 1 45 3
1 48 0 38 0 53 0
1 47 2 48 1 19 1
1 41 2 37 3 25 1
0 9 3 9 2 14 2
0 39 2 12 1 27 1
0 7 2 5 3 49 1
1 41 0 17 2 61 1
1 15 3 32 3 51 2
0 41 2 31 3 41 3
0 19 3 21 0 12 0
1 6 1 11 1 33 1
0 40 3 7 0 53 0
1 44 2 24 3 55 0
1 33 2 25 1 51 3
1 35 0 10 2 13 1
0 32 3 31 2 10 1
1 4 3 14 1 51 0
1 28 1 50 3 44 0
0 59 1 9 3 55 3
1 31 1 37 0 62 2
0 9 0 43 2 62 2
1 53 0 3 0 9 2
0 26 1 22 2 57 2
0 57 0 45 2 46 1
1 63 3 60 3 28 2
1 3 0 42 3 0 3
0 41 2 61 2 29 3
0 43 3 1 3 4 3
1 5 3 55 2 33 3
1 25 3 63 3 14 3
0 57 3 52 2 41 0
0 24 3 55 2 52 2
0 0 0 11 0 26 2
1 39 3 17 3 12 2
1 15 3 7 0 46 0
0 3 0 18 2 53 1
0 8 0 46 2 58 1
1 20 2 30 2 16 3
1 47 0 5 2 12 3
1 14 3 29 1 1 2
1 19 0 34 2 6 0
0 27 1 19 1 8 3
1 44 2 43 3 7 2
0 51 1 5 3 17 3
0 32 2 9 0 3 3
1 37 1 4 3 20 1
1 46 3 14 1 16 0
1 2 3 53 0 20 3
1 39 1 44 1 30 0
0 39 2 44 0 34 3
0 4 2 14 1 13 1
0 27 3 54 3 47 3
1 63 0 6 0 28 2
0 60 2 39 1 14 0
0 44 0 57 3 42 3
0 45 1 7 0 59 0
1 15 0 22 3 2 1
1 5 1 47 2 59 3
1 33 2 61 3 36 0
0 46 0 58 3 58 3
0 57 0 36 0 7 3
0 62 2 21 1 44 0
1 36 0 19 1 19 2
0 29 3 16 2 26 0
1 4 3 18 0 57 3
0 35 2 1 2 39 1
1 13 1 40 0 55 1
1 54 3 23 1 45 2
0 8 1 39 3 45 2
1 4 3 45 3 11 0
0 20 0 13 1 6 1
1 52 0 1 0 41 3
1 31 1 24 1 43 3
1 37 3 29 2 47 3
0 27 2 33 2 53 3
0 13 0 7 3 29 2
1 10 2 24 0 25 3
0 26 2 34 0 61 3
1 62 1 60 0 5 3
1 41 2 63 0 52 2
0 34 3 34 0 38 1
1 34 1 16 0 16 0
0 29 0 31 2 16 2
0 35 1 59 0 46 2
1 0 0 4 3 58 1
0 2 0 61 0 11 1
0 41 3 27 3 19 1
1 4 3 35 2 27 1
0 46 2 46 0 28 3
1 36 3 60 3 59 0
1 45 1 63 2 62 0
0 61 2 20 0 26 0
1 15 2 59 1 35 1
1 48 3 26 3 47 1
0 12 0 11 0 49 1
1 52 2 31 2 49 3
1 55 2 11 3 34 0
1 51 3 9 3 13 0
1 19 2 12 3 11 3
1 46 2 27 1 45 3
1 48 0 38 0 53 0
1 47 2 48 1 19 1
1 41 2 37 3 25 1
0 9 3 9 2 14 2
0 31 0 6 3 57 0
1 36 2 58 1 18 0
0 11 2 62 3 33 2
1 42 3 23 0 22 3
0 39 1 0 1 57 0
1 49 0 42 2 48 2
1 0 0 16 2 12 2
0 14 1 40 2 24 2
0 47 0 63 3 4 1
0 58 1 4 1 33 1
1 38 3 25 1 47 2
0 40 2 43 3 56 3
1 43 2 5 3 1 1
1 45 1 8 2 17 2
0 1 3 29 0 17 1
0 55 2 43 1 41 1
1 42 1 43 1 3 1
0 14 3 54 3 35 3
0 12 0 9 0 35 2
1 4 3 22 2 46 1
0 30 3 21 0 23 2
0 48 2 43 3 51 0
1 36 1 62 3 48 0
1 62 0 59 0 56 0
1 40 3 20 1 12 1
0 55 1 58 2 9 3
0 50 3 29 1 0 3
1 25 0 9 3 59 2
0 40 0 28 0 2 1
1 14 2 8 0 31 1
1 29 0 19 1 13 1
1 38 0 5 0 16 2
1 3 3 39 3 54 0
1 37 3 44 3 22 1
0 47 0 38 0 41 1
1 53 2 11 1 17 1
0 53 2 41 1 12 2
0 46 2 5 1 53 0
0 6 2 0 2 47 2
1 42 0 7 2 49 3
0 12 0 11 0 49 1
1 52 2 31 2 49 3
1 55 2 11 3 34 0
1 51 3 9 3 13 0
1 19 2 12 3 11 3
1 46 2 27 1 45 3
1 48 0 38 0 53 0
1 47 2 48 1 19 1
1 41 2 37 3 25 1
0 9 3 9 2 14 2
0 12 0 11 0 49 1
1 52 2 31 2 49 3
1 55 2 11 3 34 0
1 51 3 9 3 13 0
1 19 2 12 3 11 3
1 46 2 27 1 45 3
1 48 0 38 0 53 0
1 47 2 48 1 19 1
1 41 2 37 3 25 1
0 9 3 9 2 14 2
1 24 1 53 0 29 2
0 24 3 28 2 34 1
0 62 3 60 2 42 3
1 28 1 53 1 27 1
0 53 1 47 2 3 2
1 13 3 61 1 37 3
0 29 1 47 0 2 1
0 53 1 23 1 13 3
0 11 0 52 2 35 2
0 40 2 17 2 26 1
0 63 1 56 0 46 1
1 5 2 53 3 53 1
0 30 0 6 1 59 3
0 58 0 63 0 53 0
1 3 2 11 1 22 3
0 40 1 27 2 11 0
0 2 3 60 2 44 1
1 62 0 3 3 60 3
0 53 1 58 2 7 3
0 27 2 14 1 48 2
0 40 2 42 2 9 1
0 25 2 13 0 0 3
1 60 3 5 1 29 3
1 25 0 15 2 6 3
1 39 3 13 0 32 0
0 23 3 30 0 29 1
1 7 3 35 3 43 1
1 59 0 20 0 17 1
1 14 0 57 1 7 2
0 35 2 31 2 51 0
1 52 0 16 3 46 2
1 16 0 4 0 13 2
0 41 2 6 3 42 1
0 6 1 3 1 36 3
0 1 1 26 2 52 2
0 58 3 50 0 17 0
1 17 0 55 3 21 1
1 35 0 32 0 16 0
1 54 3 39 2 6 2
0 10 3 29 1 35 1
0 57 0 45 0 61 2
1 49 0 8 3 14 1
1 18 3 9 1 29 0
1 30 3 39 3 28 3
0 54 2 12 2 19 3
0 57 0 45 3 45 3
0 53 2 4 0 4 2
1 57 2 19 2 62 3
1 15 3 44 2 12 0
0 17 3 54 1 43 1
1 13 0 30 0 10 1
1 34 3 2 3 20 2
1 5 3 2 3 42 3
0 24 2 28 1 52 1
1 5 3 40 1 43 2
0 0 3 48 2 10 0
1 36 2 15 1 15 3
0 52 1 8 0 30 1
0 43 1 12 0 62 1
0 53 3 43 2 13 0
1 10 0 10 1 3 0
1 9 3 49 1 35 0
1 32 0 24 2 34 2
1 57 2 21 3 37 3
1 55 3 9 1 3 1
0 60 3 49 0 31 2
0 5 1 10 3 36 1
0 57 2 28 3 16 3
1 22 1 53 2 12 3
1 40 0 40 0 11 1
1 36 3 28 0 52 2
0 48 1 55 0 34 3
1 11 3 47 3 40 2
1 31 1 20 0 58 2
1 29 0 17 1 10 0
0 6 3 34 1 27 1
0 61 1 61 3 57 2
1 36 1 48 0 19 1
0 18 0 0 1 18 1
0 40 1 27 3 8 0
0 38 3 58 1 3 3
1 39 3 11 1 15 0
1 20 2 32 2 31 2
1 38 1 31 1 30 3
0 24 3 60 2 62 0
0 1 1 43 1 52 0
0 14 0 21 3 15 0
0 19 1 32 3 19 1
1 17 3 7 3 28 2
0 50 2 35 3 18 0
0 50 2 58 0 58 3
1 25 1 8 2 61 2
1 3 1 50 1 23 0
1 24 2 49 2 61 2
1 36 2 47 2 33 1
0 28 0 52 0 48 2
0 29 1 24 3 63 2
0 49 3 28 1 11 3
1 36 3 37 0 20 3
1 17 1 41 3 19 0
0 29 2 2 2 3 2
0 20 0 13 3 14 0
0 63 3 39 1 37 3
1 31 1 27 3 2 1
0 26 1 18 2 61 2
1 43 0 44 0 21 2
0 55 0 42 3 11 1
1 53 0 31 1 43 2
1 12 2 51 3 2 2
0 52 3 61 3 31 1
0 50 1 24 2 25 3
0 45 1 45 1 34 3
1 31 0 63 2 42 0
0 57 0 59 1 32 0
1 32 2 25 0 32 2
1 32 3 27 0 6 2
1 57 3 49 2 29 2
0 14 0 52 2 56 0
1 49 2 36 1 33 3
0 11 2 22 2 25 2
1 7 3 12 2 30 0
0 10 1 38 1 49 3
1 54 0 5 2 55 1
0 33 0 35 1 26 0
0 14 3 11 0 28 3
0 8 3 25 2 56 2
1 22 0 46 0 4 1
1 49 0 23 2 38 3
0 49 3 10 2 55 0
0 30 3 62 3 31 2
1 53 2 2 2 28 3
0 59 3 18 3 15 2
0 62 3 52 0 15 1
0 30 0 8 3 17 3
1 31 0 31 1 47 2
0 13 1 2 2 60 3
0 61 0 47 3 19 0
1 13 2 8 2 22 1
1 58 1 44 3 58 3
1 36 0 21 1 2 2
0 59 0 5 0 8 1
1 33 0 14 1 9 0
1 45 1 36 1 47 1
1 0 2 63 2 3 0
1 19 1 20 3 24 2
1 63 1 61 2 22 2
0 11 3 33 3 35 1
0 8 1 47 0 5 1
0 63 2 55 0 30 1
1 53 2 47 2 56 0
0 5 0 44 2 57 0
0 30 2 12 2 20 0
1 30 1 54 2 47 1
0 52 0 10 2 51 1
1 14 2 4 3 13 0
0 4 2 52 3 27 0
1 6 3 43 0 42 0
1 16 1 33 3 14 1
0 16 0 44 2 36 0
1 49 0 54 2 63 2
1 11 1 55 1 2 0
0 59 3 14 1 20 2
1 15 3 58 3 18 2
0 46 2 15 0 62 1
0 16 3 37 0 11 0
0 0 3 16 2 12 2
0 28 2 29 1 43 3
0 52 3 35 0 7 2
1 13 3 28 0 3 2
1 61 2 33 0 54 1
1 61 1 46 2 45 1
1 10 1 62 2 27 1
1 33 3 10 0 35 2
1 35 1 26 0 8 1
1 27 0 59 2 46 3
0 26 0 11 3 35 3
0 26 2 15 2 38 2
0 49 3 9 0 40 2
0 44 2 15 2 2 2
1 20 3 18 0 18 2
0 3 0 40 0 25 3
1 47 0 18 3 44 0
0 33 0 6 2 47 3
1 6 1 56 1 61 1
0 45 1 29 3 36 2
0 39 0 5 3 15 3
1 18 3 15 2 21 0
1 59 2 50 3 56 0
1 0 0 44 3 24 3
0 41 0 0 2 53 2
1 41 0 2 2 23 3
0 19 2 11 0 52 3
1 4 3 55 3 57 1
1 0 0 5 1 34 3
0 12 2 36 2 15 0
0 34 1 24 2 23 1
0 43 1 43 2 13 0
0 48 2 29 2 54 2
0 15 0 56 0 49 2
0 12 1 56 2 28 0
0 12 0 11 0 49 1
1 52 2 31 2 49 3
1 55 2 11 3 34 0
1 51 3 9 3 13 0
1 19 2 12 3 11 3
1 46 2 27 1 45 3
1 48 0 38 0 53 0
1 47 2 48 1 19 1
1 41 2 37 3 25 1
0 9 3 9 2 14 2
1 33 3 51 2 37 3
1 50 1 46 1 45 3
1 25 2 9 2 62 1
0 31 1 16 3 43 3
0 23 0 28 0 42 2
0 50 1 25 1 21 1
1 20 2 53 3 44 1
0 50 0 7 3 58 0
0 11 0 9 0 44 2
1 7 1 24 0 16 0
1 27 3 60 1 20 2
0 62 1 62 1 37 3
0 28 2 26 2 40 2
0 51 2 23 3 11 1
0 31 0 9 2 28 3
1 59 3 19 3 11 2
0 13 3 25 0 23 1
0 29 3 17 2 63 0
0 27 0 63 3 37 1
1 61 3 23 1 42 2
0 12 0 11 0 49 1
1 52 2 31 2 49 3
1 55 2 11 3 34 0
1 51 3 9 3 13 0
1 19 2 12 3 11 3
1 46 2 27 1 45 3
1 48 0 38 0 53 0
1 47 2 48 1 19 1
1 41 2 37 3 25 1
0 9 3 9 2 14 2
1 23 2 37 2 62 1
0 12 2 46 0 38 3
0 57 2 7 0 55 2
1 15 1 12 3 60 2
1 52 2 34 3 51 0
1 37 2 26 2 1 2
0 3 3 25 0 43 1
1 15 0 36 0 19 2
0 40 0 32 2 45 0
1 39 0 40 2 9 2
0 12 0 11 0 49 1
1 52 2 31 2 49 3
1 55 2 11 3 34 0
1 51 3 9 3 13 0
1 19 2 12 3 11 3
1 46 2 27 1 45 3
1 48 0 38 0 53 0
1 47 2 48 1 19 1
1 41 2 37 3 25 1
0 9 3 9 2 14 2
0 14 0 10 3 25 2
0 11 2 55 3 49 3
0 18 1 10 1 16 0
1 38 2 39 1 51 1
0 36 2 21 2 4 1
1 28 3 5 2 44 0
0 52 2 18 0 54 0
0 5 2 4 1 40 3
1 49 2 43 2 3 3
0 1 0 44 0 1 3
0 63 2 27 0 1 0
1 57 0 33 0 4 2
0 48 2 63 1 48 2
0 61 3 41 2 55 2
0 35 3 39 1 32 1
0 59 3 53 0 14 3
0 22 0 14 1 22 2
1 52 0 21 1 54 0
1 21 0 2 2 32 1
0 12 1 38 1 57 1
0 12 0 11 0 49 1
1 52 2 31 2 49 3
1 55 2 11 3 34 0
1 51 3 9 3 13 0
1 19 2 12 3 11 3
1 46 2 27 1 45 3
1 48 0 38 0 53 0
1 47 2 48 1 19 1
1 41 2 37 3 25 1
0 9 3 9 2 14 2
1 63 1 44 2 22 3
1 2 3 25 3 40 0
0 33 2 46 1 53 1
0 47 0 35 3 25 1
0 24 3 20 2 27 0
0 30 0 51 0 16 3
1 50 1 16 2 9 3
1 33 0 5 0 40 3
1 12 2 49 3 62 0
0 46 3 45 2 40 1
1 31 1 27 3 4 0
0 29 2 39 2 59 3
1 50 0 40 0 60 1
0 43 1 26 0 0 1
0 56 2 59 0 28 3
1 15 2 4 0 63 3
0 55 1 41 3 23 2
0 56 3 19 3 21 1
1 17 1 4 3 31 0
1 22 0 18 2 57 0
0 8 2 53 3 9 1
1 61 1 49 2 47 1
1 14 0 28 0 62 0
0 62 3 29 2 61 3
0 3 2 49 1 48 0
0 10 1 13 0 63 2
0 47 3 38 3 28 1
1 61 0 37 1 45 2
1 30 2 44 3 54 2
0 41 1 53 3 55 1
0 30 3 48 1 23 3
0 45 1 58 2 54 2
0 23 2 45 0 1 1
0 3 1 49 2 42 1
1 54 2 31 3 21 3
1 10 1 24 1 6 2
1 29 2 1 2 26 3
1 55 1 54 2 38 3
0 22 1 25 0 19 0
0 46 2 63 3 17 1
0 12 0 11 0 49 1
1 52 2 31 2 49 3
1 55 2 11 3 34 0
1 51 3 9 3 13 0
1 19 2 12 3 11 3
1 46 2 27 1 45 3
1 48 0 38 0 53 0
1 47 2 48 1 19 1
1 41 2 37 3 25 1
0 9 3 9 2 14 2
0 12 0 11 0 49 1
1 52 2 31 2 49 3
1 55 2 11 3 34 0
1 51 3 9 3 13 0
1 19 2 12 3 11 3
1 46 2 27 1 45 3
1 48 0 38 0 53 0
1 47 2 48 1 19 1
1 41 2 37 3 25 1
0 9 3 9 2 14 2
0 63 2 3 2 33 3
0 54 2 41 1 16 0
0 39 2 51 3 42 1
0 10 3 21 1 5 1
1 20 1 44 1 48 1
1 35 0 23 0 1 0
1 42 2 28 1 34 3
1 38 1 62 2 11 1
1 42 1 29 3 15 0
0 43 1 50 3 30 0
0 12 0 11 0 49 1
1 52 2 31 2 49 3
1 55 2 11 3 34 0
1 51 3 9 3 13 0
1 19 2 12 3 11 3
1 46 2 27 1 45 3
1 48 0 38 0 53 0
1 47 2 48 1 19 1
1 41 2 37 3 25 1
0 9 3 9 2 14 2
1 5 1 10 3 60 2
1 27 0 59 2 0 3
1 51 0 43 0 24 2
1 32 3 16 2 60 0
1 15 3 35 2 58 0
1 15 3 2 0 51 1
0 44 1 42 1 43 0
1 27 3 32 2 53 2
0 25 3 46 2 50 0
1 50 0 30 2 32 0
1 15 1 60 1 21 0
1 18 0 45 0 5 3
0 63 1 59 1 18 1
0 56 0 7 3 45 2
1 59 2 27 0 60 0
0 55 1 22 1 41 1
1 48 1 16 2 54 0
0 23 2 3 1 37 2
0 34 1 37 3 14 1
1 18 3 14 2 56 0
0 58 1 21 1 40 3
0 2 2 62 3 50 1
0 52 0 40 1 42 0
0 32 2 17 1 3 0
1 25 3 2 0 54 2
0 37 0 39 1 31 3
0 10 3 46 2 15 3
1 44 2 39 0 42 2
1 0 3 7 2 58 1
1 35 2 12 3 13 2
0 22 1 10 1 4 2
0 45 1 28 2 0 2
1 41 3 60 2 37 3
0 13 2 56 0 52 2
0 8 0 35 3 7 3
1 34 3 63 0 33 1
0 26 2 10 0 14 2
1 36 0 10 0 30 0
1 3 1 1 1 57 0
0 42 1 27 1 17 0
0 12 0 11 0 49 1
1 52 2 31 2 49 3
1 55 2 11 3 34 0
1 51 3 9 3 13 0
1 19 2 12 3 11 3
1 46 2 27 1 45 3
1 48 0 38 0 53 0
1 47 2 48 1 19 1
1 41 2 37 3 25 1
0 9 3 9 2 14 2
0 12 0 11 0 49 1
1 52 2 31 2 49 3
1 55 2 11 3 34 0
1 51 3 9 3 13 0
1 19 2 12 3 11 3
1 46 2 27 1 45 3
1 48 0 38 0 53 0
1 47 2 48 1 19 1
1 41 2 37 3 25 1
0 9 3 9 2 14 2
0 57 1 25 3 58 0
0 18 0 24 3 31 0
1 1 0 21 2 9 0
1 40 2 51 1 24 1
1 17 0 60 2 44 2
0 37 2 5 2 24 2
0 4 3 13 2 32 0
1 22 3 2 2 28 3
0 36 0 25 0 46 3
1 12 2 31 2 45 1
0 12 0 11 0 49 1
1 52 2 31 2 49 3
1 55 2 11 3 34 0
1 51 3 9 3 13 0
1 19 2 12 3 11 3
1 46 2 27 1 45 3
1 48 0 38 0 53 0
1 47 2 48 1 19 1
1 41 2 37 3 25 1
0 9 3 9 2 14 2
0 63 2 25 2 14 3
1 39 2 50 3 62 3
1 51 1 29 1 32 2
1 22 1 61 0 4 2
0 3 0 55 1 51 0
0 34 1 28 1 56 1
0 12 2 31 3 1 3
0 39 1 23 1 0 2
1 46 2 5 1 47 3
1 61 3 1 0 53 1
0 20 3 19 0 59 3
0 61 2 39 3 62 2
0 17 0 8 2 14 2
1 55 3 7 3 50 0
1 20 2 50 1 52 2
1 36 1 0 3 14 2
0 33 0 56 3 46 0
0 57 3 55 3 21 1
1 8 1 40 0 17 2
0 53 1 44 0 53 2
0 12 0 11 0 49 1
1 52 2 31 2 49 3
1 55 2 11 3 34 0
1 51 3 9 3 13 0
1 19 2 12 3 11 3
1 46 2 27 1 45 3
1 48 0 38 0 53 0
1 47 2 48 1 19 1
1 41 2 37 3 25 1
-1 9 3 9 2 14 2
