1 156 0 149 2 297 3
1 301 1 639 2 29 0
1 637 2 402 3 83 1
1 725 0 576 0 246 3
1 638 2 199 0 844 1
1 173 2 867 3 894 3
0 740 1 928 3 971 2
1 984 1 844 0 212 1
0 312 2 778 1 528 3
0 506 0 141 3 585 1
0 530 2 147 1 582 3
1 331 2 657 0 342 1
1 88 1 692 1 474 1
1 36 2 128 3 224 0
1 462 2 196 2 572 3
1 955 0 233 1 250 2
0 5 1 640 0 909 0
1 9 2 982 0 162 2
0 13 2 52 1 283 0
0 783 2 839 1 301 3
0 121 1 996 0 709 0
0 1017 2 596 2 346 0
1 144 0 265 0 412 1
1 719 2 356 1 593 3
0 195 0 950 1 853 0
1 939 2 564 0 744 1
0 959 2 331 3 872 0
0 183 1 171 2 526 3
0 187 0 1023 0 510 3
1 96 3 430 3 814 2
0 709 0 992 1 1004 0
0 380 1 871 3 990 3
0 581 2 799 1 113 1
1 342 3 712 0 62 0
1 237 2 197 1 121 1
0 990 0 44 3 979 1
0 458 0 34 0 136 2
1 112 1 352 2 706 2
1 572 3 144 1 416 2
1 494 3 387 0 940 0
1 500 1 98 3 704 2
1 803 2 887 1 171 1
0 848 0 803 2 972 3
0 161 0 473 1 536 0
0 682 0 607 1 1019 2
0 931 1 960 1 30 1
0 632 0 434 1 289 0
1 406 1 938 0 74 2
1 844 3 475 2 628 1
1 591 3 616 1 667 1
1 532 0 1015 2 149 1
1 805 2 490 2 445 2
0 48 1 313 1 515 2
0 859 0 40 2 111 2
0 47 2 180 1 589 3
1 680 0 180 2 585 2
0 860 3 23 1 915 1
1 189 2 906 3 93 0
1 859 2 362 2 314 3
1 269 3 566 3 615 2
0 133 0 810 0 992 0
0 89 1 120 3 905 1
0 205 0 344 3 499 2
0 413 0 988 2 449 2
1 73 3 346 0 373 0
1 624 2 522 2 421 1
0 953 1 951 3 725 1
0 775 3 956 0 1022 3
0 681 1 542 0 486 3
0 70 2 657 3 350 2
0 496 3 309 1 346 1
0 688 3 578 0 972 1
0 201 2 282 3 586 3
0 787 3 479 1 265 0
0 440 3 175 0 182 0
1 574 3 29 0 46 0
0 492 3 759 3 765 0
0 813 3 474 3 906 0
1 235 1 819 1 441 1
0 867 1 105 0 7 2
1 938 0 899 0 660 3
1 883 2 321 2 390 3
0 340 1 821 2 993 2
0 487 1 798 0 1000 0
0 372 0 266 1 32 0
0 252 0 189 1 714 1
0 582 2 785 2 957 1
0 1017 0 952 3 535 0
0 843 0 243 3 167 1
1 769 1 555 0 1018 2
1 893 2 706 2 650 1
0 183 1 40 3 224 2
1 956 0 415 1 991 2
1 777 0 553 2 126 3
1 314 1 225 2 777 1
0 251 3 1019 2 799 1
1 287 3 382 3 46 3
1 339 2 991 3 169 1
0 410 2 736 0 926 0
0 616 3 969 1 782 0
0 529 0 883 3 479 3
0 393 0 783 2 44 2
0 823 1 136 3 431 3
1 181 1 225 0 844 1
0 303 0 105 1 422 0
0 930 3 96 1 187 0
1 258 3 688 0 572 0
0 314 2 307 2 559 2
1 21 2 566 1 599 0
1 280 3 999 2 254 3
1 864 2 320 1 954 0
0 185 1 894 2 844 2
0 407 2 945 2 483 1
1 588 1 503 1 954 2
0 644 2 102 3 309 3
1 878 2 955 2 836 2
1 830 2 527 0 403 1
0 54 1 554 3 833 1
0 524 0 280 0 678 1
0 857 1 968 3 464 0
0 518 1 899 3 392 3
0 593 3 176 2 279 0
1 478 0 202 0 658 1
1 202 3 89 1 528 3
1 598 1 790 3 883 2
1 198 2 472 2 486 0
0 68 1 113 1 229 1
0 303 1 540 0 272 0
1 832 3 451 3 146 2
1 728 2 988 3 420 2
0 327 3 696 1 781 0
0 26 2 812 3 668 0
1 251 1 215 1 747 3
0 399 2 754 3 3 3
0 842 1 384 0 346 0
1 662 0 185 3 70 3
1 670 3 392 1 460 2
1 681 2 912 3 281 3
1 231 0 670 2 404 2
0 172 1 245 3 692 1
0 798 2 468 0 386 2
0 957 0 766 1 593 0
1 14 0 977 1 734 3
1 304 3 321 3 303 3
0 394 3 668 0 601 0
0 434 1 546 0 913 3
0 604 1 514 2 716 0
0 977 1 153 1 873 3
1 134 2 769 3 725 1
0 96 2 648 3 173 1
0 697 0 961 2 960 1
0 353 3 573 0 399 2
0 262 1 254 1 304 0
1 644 0 433 2 780 3
0 53 2 764 0 137 2
1 609 1 161 2 655 2
1 76 2 839 1 20 3
0 489 1 670 2 921 3
1 548 2 513 1 319 2
0 976 3 151 0 171 0
1 292 3 98 2 665 3
0 981 0 412 3 237 1
1 376 2 950 2 345 0
1 565 0 188 1 63 0
1 94 2 772 2 898 3
1 434 3 593 3 443 2
1 863 0 791 0 784 0
0 747 0 288 3 207 0
1 141 1 942 3 947 3
1 510 3 7 2 891 2
1 286 2 497 1 1016 1
0 940 1 825 3 85 1
1 255 3 904 1 1015 1
0 373 3 57 0 347 0
0 301 1 734 2 733 0
0 97 2 522 1 200 3
1 1021 3 124 3 496 0
0 125 2 859 2 866 2
1 404 3 641 2 731 1
0 809 2 656 2 1008 3
0 68 0 663 0 94 2
0 209 2 1007 1 486 3
1 901 3 3 2 961 0
0 680 3 109 0 362 3
0 451 2 669 1 661 3
0 882 0 965 3 305 1
1 58 2 206 1 936 2
1 658 0 728 2 759 1
1 406 0 491 1 825 2
1 715 2 914 2 368 2
1 785 2 904 1 463 0
0 631 3 453 2 777 0
1 323 2 914 1 573 3
1 291 2 181 2 732 1
0 230 1 595 2 698 0
1 720 3 848 1 400 3
0 308 0 689 2 539 2
1 841 1 325 2 555 0
0 176 0 67 2 395 3
0 75 1 367 2 769 3
0 629 3 531 3 85 3
0 891 3 606 2 313 1
1 352 2 545 2 672 3
1 340 1 985 1 425 2
0 944 0 266 2 299 2
1 150 0 173 0 1011 3
1 246 3 607 0 877 2
1 484 3 561 0 305 0
1 358 3 394 1 671 0
0 389 3 826 0 389 2
1 229 0 91 1 924 2
1 398 2 632 3 113 3
1 367 1 905 1 678 2
0 227 2 118 1 453 1
1 937 3 727 0 867 1
0 967 0 946 0 377 2
0 436 0 407 3 176 1
1 243 3 389 1 735 3
1 934 3 441 3 806 0
1 629 3 214 1 989 3
0 48 0 791 0 244 1
0 982 1 112 0 532 2
0 518 3 664 0 244 1
1 1012 0 913 2 67 2
1 753 0 749 2 478 2
1 667 0 431 0 829 2
0 100 1 103 1 192 0
1 709 3 690 1 919 1
0 747 0 639 3 827 3
1 769 0 68 2 93 1
0 48 0 791 0 244 1
0 982 1 112 0 532 2
0 518 3 664 0 244 1
1 1012 0 913 2 67 2
1 753 0 749 2 478 2
1 667 0 431 0 829 2
0 100 1 103 1 192 0
1 709 3 690 1 919 1
0 747 0 639 3 827 3
1 769 0 68 2 93 1
1 556 2 697 3 604 2
1 962 1 973 3 833 3
1 835 3 768 2 78 3
0 699 3 1020 2 322 0
0 532 1 396 1 884 1
0 923 1 191 0 969 0
0 584 3 775 1 872 0
0 4 1 450 1 38 1
1 115 2 151 1 303 0
1 940 2 997 2 557 0
0 117 2 1022 3 898 1
1 335 0 255 1 244 0
0 974 0 1007 1 168 1
0 246 2 813 0 940 0
1 355 2 165 0 706 3
0 185 1 684 2 328 1
1 296 2 18 1 153 0
0 890 3 372 3 1011 1
0 416 1 587 2 72 0
0 336 0 527 2 383 2
0 574 2 509 3 605 1
1 930 2 854 1 82 1
1 262 1 519 3 838 3
1 791 0 297 0 131 2
1 768 1 144 0 549 1
1 1005 2 565 0 800 0
0 604 1 310 1 861 2
1 341 2 354 0 469 3
0 595 1 804 3 633 2
1 735 0 392 0 876 0
0 48 1 309 3 571 0
1 803 2 116 3 476 1
1 517 1 362 1 755 1
0 296 1 614 0 229 3
0 755 0 607 3 627 0
1 565 3 405 3 109 1
1 529 3 134 0 567 3
0 19 1 339 1 12 0
1 86 0 586 1 924 1
1 1001 1 745 3 410 3
0 789 2 364 3 822 3
0 50 3 586 1 664 1
0 996 3 318 2 941 3
0 142 0 807 3 192 3
0 16 2 123 1 421 2
1 73 0 779 3 42 2
1 225 3 758 0 408 1
0 246 2 905 2 459 1
0 865 0 600 1 440 0
0 120 3 934 0 818 1
0 48 0 791 0 244 1
0 982 1 112 0 532 2
0 518 3 664 0 244 1
1 1012 0 913 2 67 2
1 753 0 749 2 478 2
1 667 0 431 0 829 2
0 100 1 103 1 192 0
1 709 3 690 1 919 1
0 747 0 639 3 827 3
1 769 0 68 2 93 1
0 355 3 667 1 293 0
0 574 0 506 1 205 0
0 765 1 526 2 803 2
1 428 1 328 1 545 1
0 687 0 510 1 17 0
1 989 0 891 3 959 0
0 1007 3 99 3 851 0
0 327 2 838 1 209 0
1 726 2 21 1 104 2
1 1003 2 727 3 662 3
1 278 2 124 1 744 1
1 270 0 615 1 561 2
1 912 0 697 1 32 2
1 436 2 904 0 394 1
1 282 1 437 0 631 0
1 852 0 631 1 565 2
1 600 0 926 1 502 1
0 637 1 233 3 418 2
0 944 1 698 0 638 1
0 869 1 521 2 1021 2
0 456 0 147 3 909 1
0 150 0 412 0 900 0
0 528 0 490 0 680 0
0 565 3 139 2 68 2
0 55 1 764 0 197 3
0 160 1 830 2 123 1
0 691 1 750 3 67 1
1 842 0 657 0 12 1
1 914 2 652 1 89 1
0 289 3 586 1 458 3
0 48 0 791 0 244 1
0 982 1 112 0 532 2
0 518 3 664 0 244 1
1 1012 0 913 2 67 2
1 753 0 749 2 478 2
1 667 0 431 0 829 2
0 100 1 103 1 192 0
1 709 3 690 1 919 1
0 747 0 639 3 827 3
1 769 0 68 2 93 1
1 81 3 405 1 1023 1
1 487 2 91 0 904 0
1 632 0 839 0 445 1
0 69 3 587 3 560 2
0 26 0 499 0 745 0
1 635 1 680 0 330 3
1 665 3 696 3 54 1
1 1015 3 583 2 444 1
1 820 0 442 1 679 3
0 73 1 446 0 430 1
1 80 1 111 3 827 1
0 33 3 360 3 979 1
0 886 2 728 2 245 3
0 856 3 698 3 647 3
0 894 0 447 0 11 2
0 831 2 1003 3 895 2
1 868 1 850 0 608 1
1 669 0 789 3 776 0
0 426 1 181 0 144 0
0 298 0 78 0 506 3
0 362 2 608 3 65 0
0 616 3 632 2 1012 2
1 343 3 604 2 884 1
0 35 1 181 3 891 0
1 604 1 713 0 509 2
1 780 0 705 2 10 0
1 678 2 47 1 385 3
1 31 3 158 0 576 1
1 814 2 641 0 380 3
0 979 0 598 1 171 3
0 48 0 791 0 244 1
0 982 1 112 0 532 2
0 518 3 664 0 244 1
1 1012 0 913 2 67 2
1 753 0 749 2 478 2
1 667 0 431 0 829 2
0 100 1 103 1 192 0
1 709 3 690 1 919 1
0 747 0 639 3 827 3
1 769 0 68 2 93 1
0 300 1 223 0 62 3
1 82 0 710 3 988 2
0 497 2 897 3 743 0
0 545 2 169 1 718 2
1 790 2 71 0 455 3
0 766 2 859 2 195 0
0 527 2 486 3 935 2
1 231 2 268 3 38 3
1 379 0 685 0 492 3
0 894 0 611 3 531 2
0 48 0 791 0 244 1
0 982 1 112 0 532 2
0 518 3 664 0 244 1
1 1012 0 913 2 67 2
1 753 0 749 2 478 2
1 667 0 431 0 829 2
0 100 1 103 1 192 0
1 709 3 690 1 919 1
0 747 0 639 3 827 3
1 769 0 68 2 93 1
0 967 3 846 2 154 1
1 75 1 952 2 145 2
1 513 1 827 0 142 3
1 654 1 620 2 421 1
1 747 2 879 0 919 3
1 405 1 280 2 964 0
1 435 1 445 1 311 0
1 221 3 886 1 84 1
1 216 2 505 1 37 0
0 861 2 858 1 821 0
0 290 2 924 3 1016 3
1 981 1 541 3 653 0
1 439 3 430 3 888 0
1 500 1 568 2 73 0
1 442 1 27 0 903 1
1 169 0 779 3 792 3
0 243 1 192 0 941 3
0 15 0 260 3 704 3
1 103 1 977 0 153 1
1 417 3 670 2 37 3
0 251 1 618 2 582 0
0 955 2 755 0 861 1
1 361 2 871 1 637 3
0 418 1 213 0 666 2
1 569 2 466 2 488 1
0 893 0 427 2 730 3
1 373 0 403 0 251 2
0 513 0 385 2 924 3
1 338 0 542 2 852 1
0 968 0 527 1 267 1
1 13 1 84 1 876 0
1 649 3 169 0 92 2
1 160 1 982 1 420 2
1 165 0 841 2 81 1
0 801 0 368 3 281 0
1 970 1 829 1 35 3
1 237 1 889 1 455 2
0 926 2 25 3 322 1
1 998 3 556 3 729 0
0 933 3 1023 2 161 0
1 369 3 355 0 320 0
1 491 2 606 3 662 3
1 246 3 587 3 486 0
1 21 1 175 0 114 2
1 783 0 734 2 26 0
1 736 0 227 0 341 0
0 426 2 585 1 0 2
1 64 2 886 3 1010 2
1 716 3 135 2 559 3
0 663 0 875 3 319 3
0 692 1 216 1 198 3
0 958 1 150 0 67 0
1 912 1 483 3 922 3
0 217 3 255 1 380 3
0 1 0 923 3 80 1
1 41 3 79 3 155 3
0 800 3 578 2 122 3
1 83 0 119 3 389 3
0 973 2 802 1 785 2
1 229 1 276 1 467 2
0 604 1 724 0 1001 1
1 503 2 839 2 594 0
0 776 1 551 1 748 2
1 305 1 495 1 46 2
0 182 1 522 0 573 0
1 175 3 652 0 965 0
0 744 1 7 1 405 0
0 111 2 306 0 870 0
0 755 1 47 3 638 3
1 329 1 599 1 599 2
1 976 2 644 3 43 2
1 176 0 864 2 253 1
0 294 1 327 3 807 2
1 671 0 824 2 258 2
0 353 0 697 3 19 1
1 899 1 603 2 194 0
0 1001 0 39 2 545 1
1 518 0 527 2 878 1
1 990 3 350 2 279 2
1 255 1 206 1 930 0
0 222 0 726 3 1020 3
0 1018 0 527 2 95 3
1 708 0 573 2 191 3
0 271 3 478 2 177 3
0 614 3 36 1 624 1
1 263 3 275 2 94 0
0 170 2 756 3 751 2
0 766 1 268 1 120 2
0 672 0 648 3 533 2
1 763 1 549 1 167 2
0 87 0 238 3 962 0
1 835 2 622 2 641 1
1 421 2 63 3 863 1
1 586 1 589 3 596 2
0 803 3 668 1 678 3
0 910 1 783 0 289 1
1 770 0 162 2 732 0
0 961 2 919 0 455 0
1 143 3 1016 2 697 3
0 274 0 419 2 902 3
0 48 0 791 0 244 1
0 982 1 112 0 532 2
0 518 3 664 0 244 1
1 1012 0 913 2 67 2
1 753 0 749 2 478 2
1 667 0 431 0 829 2
0 100 1 103 1 192 0
1 709 3 690 1 919 1
0 747 0 639 3 827 3
1 769 0 68 2 93 1
0 630 2 712 0 177 3
1 623 3 615 0 605 2
1 807 3 572 1 100 2
0 277 2 880 0 513 0
0 1006 3 349 0 851 2
0 465 3 257 1 593 2
1 664 1 735 0 54 0
1 951 1 376 3 148 3
0 702 3 962 2 387 2
0 61 1 340 0 750 0
1 782 2 465 3 770 3
1 255 3 492 3 959 2
1 34 3 102 0 908 3
0 401 0 263 3 249 1
1 464 1 760 0 828 3
0 44 3 461 0 904 0
1 244 2 99 2 960 1
0 540 2 967 1 349 2
1 798 2 747 0 913 0
1 313 0 741 2 201 2
1 687 2 93 1 560 0
1 461 1 975 3 537 3
1 330 2 749 1 709 2
0 178 2 486 0 190 1
0 933 2 663 2 940 1
0 922 2 184 3 871 1
0 278 1 44 0 210 1
0 439 3 224 3 718 3
0 636 2 599 3 1019 1
1 308 1 130 3 302 1
0 48 0 791 0 244 1
0 982 1 112 0 532 2
0 518 3 664 0 244 1
1 1012 0 913 2 67 2
1 753 0 749 2 478 2
1 667 0 431 0 829 2
0 100 1 103 1 192 0
1 709 3 690 1 919 1
0 747 0 639 3 827 3
1 769 0 68 2 93 1
0 48 0 791 0 244 1
0 982 1 112 0 532 2
0 518 3 664 0 244 1
1 1012 0 913 2 67 2
1 753 0 749 2 478 2
1 667 0 431 0 829 2
0 100 1 103 1 192 0
1 709 3 690 1 919 1
0 747 0 639 3 827 3
1 769 0 68 2 93 1
0 846 0 571 1 318 2
1 590 3 488 1 154 1
1 239 1 124 2 859 2
1 745 1 740 1 171 3
1 933 0 206 0 700 1
1 493 3 518 2 68 3
0 450 2 350 1 828 3
0 985 1 721 0 603 2
1 213 2 181 1 7 0
1 583 3 96 1 257 2
1 518 3 998 2 568 0
0 605 2 587 0 43 1
1 498 0 28 3 507 3
1 599 0 422 1 482 3
1 400 1 494 0 855 2
0 180 3 108 2 995 3
0 271 0 513 2 758 2
1 940 0 958 1 735 0
0 692 3 474 0 130 0
1 496 3 434 1 464 3
1 788 3 245 3 878 0
1 500 3 432 2 37 3
1 326 0 376 0 68 2
0 801 2 650 1 945 3
0 223 1 280 0 978 1
0 203 1 979 0 929 1
0 211 2 533 1 712 2
0 192 2 32 2 997 2
1 409 2 335 3 934 2
1 964 0 57 0 205 0
0 48 0 791 0 244 1
0 982 1 112 0 532 2
0 518 3 664 0 244 1
1 1012 0 913 2 67 2
1 753 0 749 2 478 2
1 667 0 431 0 829 2
0 100 1 103 1 192 0
1 709 3 690 1 919 1
0 747 0 639 3 827 3
1 769 0 68 2 93 1
0 48 0 791 0 244 1
0 982 1 112 0 532 2
0 518 3 664 0 244 1
1 1012 0 913 2 67 2
1 753 0 749 2 478 2
1 667 0 431 0 829 2
0 100 1 103 1 192 0
1 709 3 690 1 919 1
0 747 0 639 3 827 3
1 769 0 68 2 93 1
0 540 2 480 0 528 1
0 94 3 871 0 210 2
1 603 3 968 2 475 3
1 185 0 857 3 698 1
0 980 2 644 3 371 3
1 653 0 612 3 152 3
0 770 2 432 0 620 1
1 80 1 252 2 95 0
1 666 2 257 0 89 1
0 271 0 959 3 248 1
1 79 0 563 3 319 1
0 206 1 362 1 801 1
1 57 1 715 2 58 3
0 318 1 139 0 895 0
0 835 2 181 3 570 0
0 800 3 725 1 930 3
0 543 1 38 2 468 1
0 700 3 85 3 503 2
0 441 1 591 2 676 0
1 551 3 774 2 207 2
0 796 1 961 1 429 1
0 603 3 876 3 783 0
1 69 1 653 3 958 3
1 68 2 326 1 292 2
0 93 3 913 0 969 3
1 335 1 881 0 841 2
1 332 3 870 3 674 2
0 805 3 143 2 579 1
0 424 2 752 0 685 0
1 147 0 543 1 548 0
0 48 0 791 0 244 1
0 982 1 112 0 532 2
0 518 3 664 0 244 1
1 1012 0 913 2 67 2
1 753 0 749 2 478 2
1 667 0 431 0 829 2
0 100 1 103 1 192 0
1 709 3 690 1 919 1
0 747 0 639 3 827 3
1 769 0 68 2 93 1
0 357 2 125 2 348 0
0 462 3 500 1 693 1
1 217 1 502 3 404 0
1 152 1 603 0 907 1
1 240 0 406 3 328 3
1 235 2 846 1 511 3
1 157 0 535 2 496 2
0 309 3 895 2 382 3
0 757 2 91 2 683 0
1 341 3 553 1 745 3
1 622 2 1022 0 36 1
1 459 1 739 3 512 2
0 318 1 337 2 404 3
0 226 2 750 3 11 0
0 975 0 681 2 896 2
1 440 0 941 0 320 1
0 440 2 21 2 1013 1
0 370 0 81 2 664 2
1 713 0 967 0 381 3
0 255 2 219 3 11 2
0 263 0 732 0 254 1
0 567 2 766 3 879 2
0 422 1 334 0 58 1
0 310 2 399 2 626 1
0 616 0 298 1 442 3
1 836 1 383 2 608 2
0 492 2 96 1 55 1
0 687 2 921 3 695 0
1 203 1 465 3 748 3
1 857 1 113 2 955 2
0 669 1 352 3 337 2
1 490 3 75 3 126 1
0 305 1 45 0 43 2
0 1005 0 744 3 31 1
0 429 2 335 1 767 3
0 315 3 888 2 49 0
1 580 3 159 1 61 3
0 893 2 799 3 641 3
1 196 0 109 2 971 0
1 696 1 206 2 692 2
0 48 0 791 0 244 1
0 982 1 112 0 532 2
0 518 3 664 0 244 1
1 1012 0 913 2 67 2
1 753 0 749 2 478 2
1 667 0 431 0 829 2
0 100 1 103 1 192 0
1 709 3 690 1 919 1
0 747 0 639 3 827 3
1 769 0 68 2 93 1
0 48 0 791 0 244 1
0 982 1 112 0 532 2
0 518 3 664 0 244 1
1 1012 0 913 2 67 2
1 753 0 749 2 478 2
1 667 0 431 0 829 2
0 100 1 103 1 192 0
1 709 3 690 1 919 1
0 747 0 639 3 827 3
1 769 0 68 2 93 1
0 310 2 71 2 689 0
1 532 2 869 3 123 2
0 310 2 526 0 19 3
0 614 0 854 3 331 2
1 987 2 6 1 705 2
0 28 3 836 2 215 0
1 832 2 441 2 1 1
1 163 0 841 2 456 3
0 9 2 692 1 870 2
1 868 3 243 3 92 1
1 132 2 391 1 200 1
0 215 1 534 0 761 3
0 47 1 670 1 188 1
1 625 3 766 0 216 1
0 456 3 443 1 289 3
0 87 0 176 2 337 2
0 309 0 579 1 665 2
1 522 1 564 2 622 3
1 1002 2 414 0 262 0
0 409 1 29 2 981 0
1 404 0 79 3 105 1
1 254 2 977 3 802 2
1 39 0 413 2 174 1
0 927 2 60 0 329 3
0 438 3 728 1 588 0
0 569 0 1005 1 162 0
0 910 2 678 2 712 2
1 413 1 214 2 412 0
0 399 1 473 2 883 1
0 263 3 37 1 87 2
0 447 1 703 1 508 1
0 749 1 233 0 914 2
1 893 0 236 3 439 3
1 935 1 648 0 429 3
1 745 0 744 2 415 2
1 822 0 48 0 689 1
0 93 0 75 1 635 2
0 19 3 196 0 670 0
0 259 3 562 2 438 1
0 728 1 758 0 366 0
1 239 0 266 3 196 2
0 782 1 913 1 645 3
0 73 2 545 0 558 2
0 922 0 29 1 919 0
1 107 0 142 1 151 0
0 368 2 606 1 802 2
1 762 2 63 3 346 0
1 407 1 362 0 260 2
0 100 1 849 2 915 2
1 942 1 827 2 1001 2
1 81 2 258 3 429 1
0 102 1 531 2 122 0
0 478 2 730 0 719 1
0 941 3 775 3 911 0
1 705 2 992 1 698 1
1 137 2 907 1 735 0
1 939 0 758 2 502 1
0 200 1 475 1 983 3
1 373 0 176 3 361 0
0 280 3 141 0 677 1
1 522 0 573 2 929 3
1 544 1 950 3 922 3
1 264 0 580 2 891 0
0 430 0 615 3 880 1
0 898 3 450 2 756 3
0 803 0 362 3 790 2
0 896 1 580 1 576 3
0 148 3 136 0 522 3
0 764 1 25 1 636 3
0 608 2 454 3 632 0
0 913 0 589 2 151 2
0 301 2 589 1 137 2
0 801 2 910 1 72 3
1 650 1 773 0 684 0
0 784 0 586 3 39 3
0 674 2 776 3 703 2
1 755 2 932 3 838 2
1 458 2 119 1 100 1
1 182 3 19 0 477 0
1 718 1 83 2 739 3
0 48 0 791 0 244 1
0 982 1 112 0 532 2
0 518 3 664 0 244 1
1 1012 0 913 2 67 2
1 753 0 749 2 478 2
1 667 0 431 0 829 2
0 100 1 103 1 192 0
1 709 3 690 1 919 1
0 747 0 639 3 827 3
1 769 0 68 2 93 1
0 942 3 460 0 481 1
0 841 1 110 3 358 2
1 279 3 68 3 422 0
0 364 0 659 2 637 2
1 993 0 360 2 472 2
0 766 3 619 0 27 1
0 738 0 96 0 365 1
1 896 3 975 1 919 2
0 968 0 767 3 353 3
1 949 2 394 1 342 1
1 602 1 551 2 856 2
1 771 1 179 1 546 3
0 748 1 706 1 383 0
0 864 0 811 0 97 2
0 21 0 52 1 831 2
1 722 2 992 0 422 1
0 766 2 576 3 416 2
0 419 3 483 1 334 1
0 755 0 986 1 878 2
1 729 3 887 1 814 0
1 1009 3 357 2 123 1
1 154 0 162 0 380 1
0 354 1 65 2 156 3
0 123 1 229 2 883 2
1 343 3 697 3 553 0
1 1005 3 549 0 616 1
1 465 1 700 1 299 0
0 838 1 753 0 328 1
0 254 1 727 3 898 3
1 535 3 159 2 694 2
0 48 0 791 0 244 1
0 982 1 112 0 532 2
0 518 3 664 0 244 1
1 1012 0 913 2 67 2
1 753 0 749 2 478 2
1 667 0 431 0 829 2
0 100 1 103 1 192 0
1 709 3 690 1 919 1
0 747 0 639 3 827 3
1 769 0 68 2 93 1
0 626 1 110 3 929 2
0 469 3 515 2 70 3
0 714 3 812 0 698 2
0 1011 2 419 0 384 3
1 53 1 285 1 103 0
1 773 0 694 2 952 3
1 469 3 1009 0 315 3
0 648 2 597 3 990 3
0 257 1 853 0 705 1
1 859 1 674 0 457 1
0 709 0 363 0 710 1
1 790 0 978 2 182 2
0 309 1 450 0 270 3
0 693 2 867 0 748 1
0 878 0 98 2 453 3
1 353 1 989 1 709 0
1 94 2 455 2 65 3
0 561 3 1006 2 396 0
0 937 3 479 1 244 3
1 61 3 459 2 238 2
1 314 3 867 2 672 2
0 603 1 20 3 502 3
1 883 0 554 3 560 0
1 90 2 944 3 195 2
1 238 1 582 3 444 1
0 411 0 599 2 643 3
0 585 2 772 0 671 1
0 338 0 971 0 850 1
1 388 1 46 2 945 0
0 733 3 1005 3 10 1
0 48 0 791 0 244 1
0 982 1 112 0 532 2
0 518 3 664 0 244 1
1 1012 0 913 2 67 2
1 753 0 749 2 478 2
1 667 0 431 0 829 2
0 100 1 103 1 192 0
1 709 3 690 1 919 1
0 747 0 639 3 827 3
1 769 0 68 2 93 1
1 964 2 289 3 1 3
0 240 1 559 2 50 2
0 936 1 136 0 927 3
0 130 0 787 0 645 3
1 369 3 232 2 854 0
1 195 3 692 0 717 1
1 931 3 324 3 361 2
1 903 2 916 3 514 3
1 498 2 623 3 177 2
1 484 0 798 0 495 1
1 407 2 248 3 172 2
1 756 0 409 3 973 3
1 347 2 178 3 91 3
0 771 1 395 0 400 3
0 253 3 569 2 771 0
1 904 3 691 1 988 0
1 710 2 19 1 300 2
0 185 3 802 2 734 0
1 861 2 54 1 378 2
0 931 2 294 1 635 3
1 825 1 23 0 39 2
0 9 3 762 2 654 0
0 589 2 150 0 336 3
1 884 1 376 1 568 1
1 442 2 95 1 340 0
1 824 3 329 0 357 3
0 173 0 660 3 1009 0
0 355 0 571 1 529 3
1 176 1 228 1 482 2
0 206 3 718 2 769 0
0 48 0 791 0 244 1
0 982 1 112 0 532 2
0 518 3 664 0 244 1
1 1012 0 913 2 67 2
1 753 0 749 2 478 2
1 667 0 431 0 829 2
0 100 1 103 1 192 0
1 709 3 690 1 919 1
0 747 0 639 3 827 3
1 769 0 68 2 93 1
1 800 0 857 2 562 3
0 705 1 535 1 989 2
1 125 2 376 0 893 3
1 237 1 128 2 749 0
1 974 2 921 0 719 2
1 175 0 27 3 760 2
1 857 0 122 2 237 1
0 210 0 888 2 997 1
1 344 2 625 3 35 1
1 332 2 580 0 819 2
0 48 0 791 0 244 1
0 982 1 112 0 532 2
0 518 3 664 0 244 1
1 1012 0 913 2 67 2
1 753 0 749 2 478 2
1 667 0 431 0 829 2
0 100 1 103 1 192 0
1 709 3 690 1 919 1
0 747 0 639 3 827 3
1 769 0 68 2 93 1
0 625 0 216 2 1009 2
0 169 2 284 2 359 0
1 284 3 384 2 296 0
1 290 3 590 0 1019 2
0 65 3 843 3 91 2
1 918 0 910 3 891 3
0 171 3 581 3 431 0
1 211 0 188 1 968 1
1 46 1 718 3 108 0
0 512 2 596 3 195 2
0 48 0 791 0 244 1
0 982 1 112 0 532 2
0 518 3 664 0 244 1
1 1012 0 913 2 67 2
1 753 0 749 2 478 2
1 667 0 431 0 829 2
0 100 1 103 1 192 0
1 709 3 690 1 919 1
0 747 0 639 3 827 3
1 769 0 68 2 93 1
1 648 3 184 2 480 3
1 768 1 547 1 969 1
1 872 0 96 1 625 3
1 544 0 840 1 710 0
1 548 2 812 3 244 2
0 634 3 699 3 974 3
0 767 0 507 0 926 2
1 715 0 963 2 121 1
1 790 0 868 0 817 3
1 173 1 40 0 629 0
0 836 3 212 1 43 0
0 124 0 518 0 782 3
0 926 1 244 2 807 2
0 73 3 389 1 409 3
0 98 3 725 1 174 1
0 165 2 745 1 258 1
1 605 1 218 1 553 0
1 50 3 434 3 760 2
0 60 3 856 2 184 0
0 823 1 967 3 866 2
1 846 1 605 3 15 2
0 682 3 991 1 291 3
0 394 3 806 2 691 3
0 624 3 168 3 349 2
0 8 3 294 2 555 2
0 190 3 601 1 171 0
0 47 0 943 2 251 0
0 228 1 689 3 527 2
1 824 2 157 2 393 0
1 494 1 917 3 394 2
1 734 3 395 0 59 1
1 463 3 713 0 141 3
1 857 2 134 2 107 3
0 32 2 379 3 207 0
1 493 0 561 0 778 1
1 922 0 142 3 556 0
0 182 3 731 3 773 3
1 967 2 756 1 654 2
1 889 1 247 3 711 0
-1 219 3 559 3 18 3
