1 12 1 84 3 3 3
1 95 3 48 3 22 1
1 28 3 6 2 50 1
0 47 3 87 1 95 0
1 57 2 86 0 45 3
0 52 0 65 3 11 1
0 9 1 19 3 41 2
0 8 3 20 1 58 3
0 72 2 3 1 8 3
1 89 1 3 1 94 3
0 72 0 85 0 43 0
0 84 1 24 2 17 2
1 36 0 46 0 87 2
1 62 2 63 0 79 2
0 60 1 80 3 30 0
1 91 3 97 2 75 1
0 4 0 41 3 16 1
0 85 0 69 2 37 0
1 19 3 88 3 65 0
0 15 3 21 1 30 3
1 11 3 73 0 35 1
0 64 2 18 1 36 3
0 42 0 2 1 99 0
1 79 0 40 2 86 1
0 68 1 61 3 71 1
1 77 3 93 3 26 2
0 57 1 29 2 57 1
1 84 2 73 1 1 3
1 51 1 58 0 39 1
1 21 3 79 2 55 3
1 70 2 21 0 25 3
0 59 3 84 1 25 3
1 76 1 44 3 7 2
1 22 1 56 3 43 2
1 32 1 89 1 4 0
0 18 0 97 1 21 3
1 11 0 17 1 88 2
0 49 2 60 0 97 2
0 86 0 12 0 9 3
1 56 1 56 1 97 3
1 86 0 99 1 72 3
0 35 0 69 0 44 1
1 25 1 43 3 50 3
0 71 3 45 0 37 2
1 6 0 60 3 70 3
1 68 0 28 1 44 1
1 68 2 41 1 57 3
0 94 2 20 1 19 3
1 24 0 9 1 39 1
1 2 3 4 2 78 3
0 82 1 21 1 20 1
0 81 2 0 3 97 0
1 88 1 5 2 54 2
0 27 3 30 3 39 1
0 75 3 72 2 83 3
1 29 3 73 0 77 3
1 22 2 36 1 1 1
1 82 0 83 2 91 0
1 41 2 35 2 83 3
1 20 2 13 3 8 2
1 70 2 21 0 25 3
0 59 3 84 1 25 3
1 76 1 44 3 7 2
1 22 1 56 3 43 2
1 32 1 89 1 4 0
0 18 0 97 1 21 3
1 11 0 17 1 88 2
0 49 2 60 0 97 2
0 86 0 12 0 9 3
1 56 1 56 1 97 3
1 70 2 21 0 25 3
0 59 3 84 1 25 3
1 76 1 44 3 7 2
1 22 1 56 3 43 2
1 32 1 89 1 4 0
0 18 0 97 1 21 3
1 11 0 17 1 88 2
0 49 2 60 0 97 2
0 86 0 12 0 9 3
1 56 1 56 1 97 3
1 68 1 40 0 82 3
1 76 0 79 0 24 1
1 20 1 36 3 76 3
1 9 0 31 0 76 3
1 76 2 9 2 91 0
1 60 0 1 0 50 0
1 38 1 61 1 17 3
1 24 0 87 1 56 2
0 3 1 15 2 57 3
1 90 3 3 1 70 2
1 70 2 21 0 25 3
0 59 3 84 1 25 3
1 76 1 44 3 7 2
1 22 1 56 3 43 2
1 32 1 89 1 4 0
0 18 0 97 1 21 3
1 11 0 17 1 88 2
0 49 2 60 0 97 2
0 86 0 12 0 9 3
1 56 1 56 1 97 3
0 68 0 99 0 22 3
0 22 2 39 2 76 0
1 71 0 86 1 16 1
1 1 1 43 0 4 3
0 81 2 18 3 58 1
1 59 1 49 3 26 2
0 7 0 61 2 22 1
0 35 3 38 3 60 3
1 26 2 3 1 81 1
1 80 1 94 0 5 3
1 36 1 14 3 32 3
0 64 2 19 3 0 0
1 82 0 57 3 22 3
1 52 1 38 1 9 2
0 69 3 34 2 0 3
0 31 1 91 0 58 3
0 19 0 91 1 8 0
0 75 3 48 3 34 2
1 27 3 84 1 8 0
1 69 3 87 1 32 2
1 70 2 21 0 25 3
0 59 3 84 1 25 3
1 76 1 44 3 7 2
1 22 1 56 3 43 2
1 32 1 89 1 4 0
0 18 0 97 1 21 3
1 11 0 17 1 88 2
0 49 2 60 0 97 2
0 86 0 12 0 9 3
1 56 1 56 1 97 3
0 58 1 30 1 46 0
1 44 1 4 2 33 3
1 67 0 20 2 27 2
0 71 2 87 2 77 2
0 4 2 71 2 1 3
1 17 1 79 0 60 0
0 9 3 46 3 35 3
0 90 0 81 2 45 1
1 14 0 67 1 42 2
0 81 1 95 2 98 3
1 41 3 62 1 47 0
1 85 3 52 1 80 2
0 5 2 62 1 36 0
0 65 0 47 1 63 1
1 31 0 62 3 9 3
1 82 0 59 0 71 3
0 64 1 69 3 90 2
0 65 0 5 3 37 1
0 14 2 65 2 6 3
0 8 2 13 2 72 0
1 18 3 48 0 36 0
1 9 0 86 0 91 0
1 30 0 46 1 96 0
1 76 1 50 0 96 2
0 23 2 51 2 87 1
0 61 1 61 3 0 0
1 79 2 78 2 8 1
1 74 1 47 0 82 2
1 40 0 48 2 84 0
1 58 1 27 0 34 2
0 97 0 5 3 13 0
0 87 1 41 3 57 3
1 47 1 84 0 97 3
0 17 2 62 3 48 2
1 5 3 19 2 64 0
0 9 1 67 1 21 0
0 30 0 64 3 1 3
1 58 0 45 1 6 3
1 75 2 38 1 14 0
0 70 1 1 1 25 3
1 70 2 21 0 25 3
0 59 3 84 1 25 3
1 76 1 44 3 7 2
1 22 1 56 3 43 2
1 32 1 89 1 4 0
0 18 0 97 1 21 3
1 11 0 17 1 88 2
0 49 2 60 0 97 2
0 86 0 12 0 9 3
1 56 1 56 1 97 3
0 99 3 31 2 94 1
0 20 1 79 3 28 0
1 65 1 59 0 2 2
0 11 2 69 0 96 2
1 99 2 50 2 51 1
1 62 0 36 0 82 1
0 56 0 2 3 99 2
0 87 1 65 1 71 3
1 4 1 57 2 31 1
0 75 1 35 2 22 3
1 70 2 21 0 25 3
0 59 3 84 1 25 3
1 76 1 44 3 7 2
1 22 1 56 3 43 2
1 32 1 89 1 4 0
0 18 0 97 1 21 3
1 11 0 17 1 88 2
0 49 2 60 0 97 2
0 86 0 12 0 9 3
1 56 1 56 1 97 3
1 70 2 21 0 25 3
0 59 3 84 1 25 3
1 76 1 44 3 7 2
1 22 1 56 3 43 2
1 32 1 89 1 4 0
0 18 0 97 1 21 3
1 11 0 17 1 88 2
0 49 2 60 0 97 2
0 86 0 12 0 9 3
1 56 1 56 1 97 3
1 25 3 65 3 18 0
0 44 3 72 3 83 3
1 57 0 4 1 51 0
0 82 0 92 0 22 3
0 90 0 8 0 87 0
1 58 1 53 3 3 1
0 30 3 75 3 11 3
0 93 0 25 1 43 3
0 98 2 42 1 38 1
0 34 1 89 0 63 1
1 69 2 1 3 32 3
1 11 1 7 1 13 1
1 19 0 39 0 19 0
1 49 0 77 3 86 3
0 35 3 90 2 53 0
1 90 1 80 2 89 3
0 22 1 2 3 57 2
1 60 1 96 2 1 1
0 23 3 85 2 73 1
1 30 3 37 0 52 0
1 7 2 68 3 91 0
0 43 1 49 0 40 1
1 41 1 45 1 84 1
1 67 1 85 0 18 2
0 10 0 34 2 68 2
1 78 0 55 3 26 2
1 41 0 79 1 47 1
1 29 3 36 1 75 1
0 28 3 11 2 50 1
0 67 0 13 2 92 2
1 98 2 4 2 24 2
0 34 0 74 3 32 2
1 87 3 97 1 90 1
1 26 1 84 1 41 3
0 46 2 15 1 30 2
1 71 0 36 2 29 3
1 33 2 65 3 77 3
0 44 0 84 1 20 1
1 35 3 65 2 13 2
0 48 2 27 3 82 2
1 70 2 21 0 25 3
0 59 3 84 1 25 3
1 76 1 44 3 7 2
1 22 1 56 3 43 2
1 32 1 89 1 4 0
0 18 0 97 1 21 3
1 11 0 17 1 88 2
0 49 2 60 0 97 2
0 86 0 12 0 9 3
1 56 1 56 1 97 3
0 23 2 77 0 82 3
0 47 0 66 0 34 0
0 27 2 96 0 23 2
0 69 1 15 1 95 3
1 80 1 17 2 49 1
1 78 1 67 2 71 2
0 62 2 9 0 18 3
1 65 1 64 3 59 3
1 7 1 41 1 2 0
0 90 2 37 0 67 0
1 63 1 48 1 57 0
0 10 3 28 3 23 2
0 38 0 78 1 16 3
1 69 2 17 1 70 1
0 57 2 62 2 76 1
1 0 0 69 1 48 1
0 32 0 90 3 52 0
1 18 2 69 1 88 2
1 17 0 18 0 13 0
1 86 1 37 1 79 0
1 70 2 21 0 25 3
0 59 3 84 1 25 3
1 76 1 44 3 7 2
1 22 1 56 3 43 2
1 32 1 89 1 4 0
0 18 0 97 1 21 3
1 11 0 17 1 88 2
0 49 2 60 0 97 2
0 86 0 12 0 9 3
1 56 1 56 1 97 3
1 70 2 21 0 25 3
0 59 3 84 1 25 3
1 76 1 44 3 7 2
1 22 1 56 3 43 2
1 32 1 89 1 4 0
0 18 0 97 1 21 3
1 11 0 17 1 88 2
0 49 2 60 0 97 2
0 86 0 12 0 9 3
1 56 1 56 1 97 3
0 73 3 45 3 43 2
0 87 2 26 1 44 3
1 93 1 3 1 6 2
0 70 0 99 2 97 1
1 92 2 68 1 14 2
0 98 0 42 1 7 2
1 46 0 5 1 12 0
0 16 1 71 1 30 1
0 73 2 33 3 91 0
1 48 0 3 1 4 3
1 8 3 26 3 74 1
1 82 1 14 1 28 2
0 32 3 37 2 63 3
0 43 1 43 3 2 3
0 93 1 56 3 26 0
0 2 2 71 0 23 1
0 34 1 92 0 77 3
1 46 1 82 3 25 0
1 41 2 59 3 55 1
1 64 3 1 2 72 2
1 70 2 21 0 25 3
0 59 3 84 1 25 3
1 76 1 44 3 7 2
1 22 1 56 3 43 2
1 32 1 89 1 4 0
0 18 0 97 1 21 3
1 11 0 17 1 88 2
0 49 2 60 0 97 2
0 86 0 12 0 9 3
1 56 1 56 1 97 3
1 70 2 21 0 25 3
0 59 3 84 1 25 3
1 76 1 44 3 7 2
1 22 1 56 3 43 2
1 32 1 89 1 4 0
0 18 0 97 1 21 3
1 11 0 17 1 88 2
0 49 2 60 0 97 2
0 86 0 12 0 9 3
1 56 1 56 1 97 3
0 94 0 47 0 96 2
0 23 0 76 0 90 1
0 57 0 23 3 32 1
0 37 3 49 0 63 2
0 30 0 29 3 16 1
1 81 2 33 1 85 2
1 7 2 32 1 95 1
0 84 3 94 3 29 0
0 67 0 4 3 94 3
0 26 2 86 3 16 2
0 64 3 49 0 41 3
0 20 1 27 1 46 3
1 38 2 87 3 40 3
0 53 1 61 2 5 0
0 66 1 11 0 69 0
0 99 1 68 0 75 2
0 88 3 63 2 54 3
1 68 3 52 3 88 3
0 72 2 82 2 82 1
1 29 3 76 1 63 0
1 92 0 23 2 95 1
0 94 0 6 1 73 1
0 0 2 92 2 94 0
0 35 2 38 0 98 2
0 19 1 22 3 39 0
1 16 2 38 2 24 2
1 4 2 20 2 60 1
0 52 3 59 2 94 3
1 64 1 43 3 86 1
0 65 2 67 3 19 2
1 70 2 21 0 25 3
0 59 3 84 1 25 3
1 76 1 44 3 7 2
1 22 1 56 3 43 2
1 32 1 89 1 4 0
0 18 0 97 1 21 3
1 11 0 17 1 88 2
0 49 2 60 0 97 2
0 86 0 12 0 9 3
1 56 1 56 1 97 3
1 70 2 21 0 25 3
0 59 3 84 1 25 3
1 76 1 44 3 7 2
1 22 1 56 3 43 2
1 32 1 89 1 4 0
0 18 0 97 1 21 3
1 11 0 17 1 88 2
0 49 2 60 0 97 2
0 86 0 12 0 9 3
1 56 1 56 1 97 3
0 56 0 2 0 85 1
0 64 2 84 3 70 3
0 37 2 8 1 97 0
0 45 0 47 1 79 0
1 34 0 89 3 50 3
0 93 0 96 1 36 3
0 17 2 79 2 3 2
0 90 3 96 2 55 3
1 58 2 8 1 21 1
0 3 2 8 0 83 0
1 31 2 59 3 34 1
1 26 1 1 1 85 2
1 16 0 69 1 98 1
0 61 3 16 0 16 1
1 43 1 45 0 19 1
1 87 2 14 2 46 0
0 76 2 15 3 92 0
1 24 0 48 3 63 1
1 67 0 70 0 71 0
0 5 0 78 2 64 2
1 69 0 34 3 63 2
0 21 1 60 3 85 1
0 69 0 67 2 11 0
0 48 3 60 1 13 0
1 61 0 64 2 0 0
1 2 0 68 2 45 3
1 26 0 1 3 1 0
0 53 2 23 0 95 1
1 51 1 14 2 75 1
0 29 2 92 0 25 0
0 86 1 71 1 48 1
1 28 1 34 1 53 2
1 34 3 88 2 51 0
0 25 3 55 2 6 3
0 34 3 50 3 98 2
1 42 0 40 0 56 0
0 13 3 78 2 8 2
0 92 1 90 0 58 2
0 94 1 72 1 37 1
1 56 0 7 0 7 2
1 70 2 21 0 25 3
0 59 3 84 1 25 3
1 76 1 44 3 7 2
1 22 1 56 3 43 2
1 32 1 89 1 4 0
0 18 0 97 1 21 3
1 11 0 17 1 88 2
0 49 2 60 0 97 2
0 86 0 12 0 9 3
1 56 1 56 1 97 3
0 83 1 75 0 57 2
1 29 0 31 2 60 0
1 28 0 80 2 44 0
1 2 0 95 2 83 2
0 29 3 26 2 61 2
0 99 1 14 1 80 3
0 36 0 16 0 74 0
0 21 2 49 1 32 3
1 53 1 38 1 83 3
0 98 1 87 0 97 0
1 70 2 21 0 25 3
0 59 3 84 1 25 3
1 76 1 44 3 7 2
1 22 1 56 3 43 2
1 32 1 89 1 4 0
0 18 0 97 1 21 3
1 11 0 17 1 88 2
0 49 2 60 0 97 2
0 86 0 12 0 9 3
1 56 1 56 1 97 3
1 70 2 21 0 25 3
0 59 3 84 1 25 3
1 76 1 44 3 7 2
1 22 1 56 3 43 2
1 32 1 89 1 4 0
0 18 0 97 1 21 3
1 11 0 17 1 88 2
0 49 2 60 0 97 2
0 86 0 12 0 9 3
1 56 1 56 1 97 3
1 70 2 21 0 25 3
0 59 3 84 1 25 3
1 76 1 44 3 7 2
1 22 1 56 3 43 2
1 32 1 89 1 4 0
0 18 0 97 1 21 3
1 11 0 17 1 88 2
0 49 2 60 0 97 2
0 86 0 12 0 9 3
1 56 1 56 1 97 3
1 70 2 21 0 25 3
0 59 3 84 1 25 3
1 76 1 44 3 7 2
1 22 1 56 3 43 2
1 32 1 89 1 4 0
0 18 0 97 1 21 3
1 11 0 17 1 88 2
0 49 2 60 0 97 2
0 86 0 12 0 9 3
1 56 1 56 1 97 3
1 70 2 21 0 25 3
0 59 3 84 1 25 3
1 76 1 44 3 7 2
1 22 1 56 3 43 2
1 32 1 89 1 4 0
0 18 0 97 1 21 3
1 11 0 17 1 88 2
0 49 2 60 0 97 2
0 86 0 12 0 9 3
1 56 1 56 1 97 3
1 70 2 21 0 25 3
0 59 3 84 1 25 3
1 76 1 44 3 7 2
1 22 1 56 3 43 2
1 32 1 89 1 4 0
0 18 0 97 1 21 3
1 11 0 17 1 88 2
0 49 2 60 0 97 2
0 86 0 12 0 9 3
1 56 1 56 1 97 3
1 70 2 21 0 25 3
0 59 3 84 1 25 3
1 76 1 44 3 7 2
1 22 1 56 3 43 2
1 32 1 89 1 4 0
0 18 0 97 1 21 3
1 11 0 17 1 88 2
0 49 2 60 0 97 2
0 86 0 12 0 9 3
1 56 1 56 1 97 3
0 37 3 19 0 55 0
1 36 2 38 2 31 3
0 33 3 70 3 88 1
1 46 3 58 1 40 0
1 15 1 58 3 5 1
0 24 3 2 2 32 1
0 20 2 43 1 72 3
1 32 0 83 1 23 1
0 15 0 54 3 34 1
0 39 1 24 2 27 1
1 70 2 21 0 25 3
0 59 3 84 1 25 3
1 76 1 44 3 7 2
1 22 1 56 3 43 2
1 32 1 89 1 4 0
0 18 0 97 1 21 3
1 11 0 17 1 88 2
0 49 2 60 0 97 2
0 86 0 12 0 9 3
1 56 1 56 1 97 3
1 70 2 21 0 25 3
0 59 3 84 1 25 3
1 76 1 44 3 7 2
1 22 1 56 3 43 2
1 32 1 89 1 4 0
0 18 0 97 1 21 3
1 11 0 17 1 88 2
0 49 2 60 0 97 2
0 86 0 12 0 9 3
1 56 1 56 1 97 3
1 70 2 21 0 25 3
0 59 3 84 1 25 3
1 76 1 44 3 7 2
1 22 1 56 3 43 2
1 32 1 89 1 4 0
0 18 0 97 1 21 3
1 11 0 17 1 88 2
0 49 2 60 0 97 2
0 86 0 12 0 9 3
1 56 1 56 1 97 3
0 87 3 41 3 3 1
1 79 3 73 0 17 1
0 52 0 72 1 79 1
0 38 3 35 2 60 1
0 8 3 75 0 90 1
1 63 2 65 3 27 2
0 7 3 74 3 60 3
0 22 2 65 0 56 3
0 7 3 69 0 74 2
0 20 3 82 0 0 3
1 70 2 21 0 25 3
0 59 3 84 1 25 3
1 76 1 44 3 7 2
1 22 1 56 3 43 2
1 32 1 89 1 4 0
0 18 0 97 1 21 3
1 11 0 17 1 88 2
0 49 2 60 0 97 2
0 86 0 12 0 9 3
1 56 1 56 1 97 3
1 70 2 21 0 25 3
0 59 3 84 1 25 3
1 76 1 44 3 7 2
1 22 1 56 3 43 2
1 32 1 89 1 4 0
0 18 0 97 1 21 3
1 11 0 17 1 88 2
0 49 2 60 0 97 2
0 86 0 12 0 9 3
1 56 1 56 1 97 3
1 70 2 21 0 25 3
0 59 3 84 1 25 3
1 76 1 44 3 7 2
1 22 1 56 3 43 2
1 32 1 89 1 4 0
0 18 0 97 1 21 3
1 11 0 17 1 88 2
0 49 2 60 0 97 2
0 86 0 12 0 9 3
1 56 1 56 1 97 3
1 52 3 80 1 62 3
0 48 1 39 2 66 2
0 65 3 47 0 0 3
0 86 1 32 3 53 1
1 74 3 66 1 28 1
1 3 1 4 2 11 3
1 46 1 17 1 45 3
0 3 0 60 2 87 1
1 33 2 88 3 47 0
0 93 0 34 2 22 1
1 1 1 98 0 39 0
1 65 3 74 3 12 0
1 58 1 85 1 31 1
1 22 1 66 1 30 2
0 87 2 40 1 61 1
0 22 2 70 0 24 0
0 8 1 44 3 31 2
0 81 3 72 0 0 2
1 12 3 27 1 87 0
1 57 1 3 3 92 3
1 25 0 32 2 60 0
1 13 3 19 3 8 0
0 52 2 89 1 13 1
1 18 3 71 3 61 1
0 74 0 25 0 47 2
0 11 3 54 1 95 0
0 21 1 46 1 26 0
0 13 2 78 3 27 3
1 51 1 23 3 5 0
0 55 0 82 2 24 1
1 16 3 60 1 55 0
1 31 1 84 0 19 0
0 89 2 93 1 2 1
0 45 2 29 1 51 3
0 93 1 73 2 1 0
1 49 2 22 1 53 2
0 33 3 90 3 23 0
0 68 2 16 3 76 3
1 72 1 20 0 7 2
0 41 3 15 2 70 2
1 70 2 21 0 25 3
0 59 3 84 1 25 3
1 76 1 44 3 7 2
1 22 1 56 3 43 2
1 32 1 89 1 4 0
0 18 0 97 1 21 3
1 11 0 17 1 88 2
0 49 2 60 0 97 2
0 86 0 12 0 9 3
1 56 1 56 1 97 3
1 82 1 40 3 28 0
0 29 3 41 2 4 2
1 97 2 50 2 16 3
1 17 3 48 1 50 3
1 35 2 10 0 24 1
0 46 1 52 0 12 3
0 12 1 49 2 61 2
1 38 2 52 0 21 2
0 59 2 96 0 51 2
1 56 3 10 2 19 1
1 13 0 81 3 9 0
1 33 1 1 2 14 1
1 11 2 27 1 96 1
0 51 0 73 0 71 3
0 45 1 26 0 81 3
1 68 2 48 1 0 1
0 68 3 74 0 69 0
1 39 0 14 3 79 1
1 86 0 21 2 42 1
1 29 3 71 0 28 2
1 70 2 21 0 25 3
0 59 3 84 1 25 3
1 76 1 44 3 7 2
1 22 1 56 3 43 2
1 32 1 89 1 4 0
0 18 0 97 1 21 3
1 11 0 17 1 88 2
0 49 2 60 0 97 2
0 86 0 12 0 9 3
1 56 1 56 1 97 3
1 70 2 21 0 25 3
0 59 3 84 1 25 3
1 76 1 44 3 7 2
1 22 1 56 3 43 2
1 32 1 89 1 4 0
0 18 0 97 1 21 3
1 11 0 17 1 88 2
0 49 2 60 0 97 2
0 86 0 12 0 9 3
1 56 1 56 1 97 3
0 81 2 10 1 91 1
1 79 0 77 2 83 0
1 31 0 58 0 68 3
1 50 0 1 2 91 0
1 96 3 98 1 65 0
0 39 2 24 1 74 1
0 95 2 2 2 5 2
1 20 3 25 2 26 0
0 22 3 31 0 63 1
1 1 2 7 2 71 3
1 70 2 21 0 25 3
0 59 3 84 1 25 3
1 76 1 44 3 7 2
1 22 1 56 3 43 2
1 32 1 89 1 4 0
0 18 0 97 1 21 3
1 11 0 17 1 88 2
0 49 2 60 0 97 2
0 86 0 12 0 9 3
1 56 1 56 1 97 3
1 70 2 21 0 25 3
0 59 3 84 1 25 3
1 76 1 44 3 7 2
1 22 1 56 3 43 2
1 32 1 89 1 4 0
0 18 0 97 1 21 3
1 11 0 17 1 88 2
0 49 2 60 0 97 2
0 86 0 12 0 9 3
1 56 1 56 1 97 3
1 70 2 21 0 25 3
0 59 3 84 1 25 3
1 76 1 44 3 7 2
1 22 1 56 3 43 2
1 32 1 89 1 4 0
0 18 0 97 1 21 3
1 11 0 17 1 88 2
0 49 2 60 0 97 2
0 86 0 12 0 9 3
1 56 1 56 1 97 3
1 70 2 21 0 25 3
0 59 3 84 1 25 3
1 76 1 44 3 7 2
1 22 1 56 3 43 2
1 32 1 89 1 4 0
0 18 0 97 1 21 3
1 11 0 17 1 88 2
0 49 2 60 0 97 2
0 86 0 12 0 9 3
1 56 1 56 1 97 3
1 70 2 21 0 25 3
0 59 3 84 1 25 3
1 76 1 44 3 7 2
1 22 1 56 3 43 2
1 32 1 89 1 4 0
0 18 0 97 1 21 3
1 11 0 17 1 88 2
0 49 2 60 0 97 2
0 86 0 12 0 9 3
1 56 1 56 1 97 3
0 34 0 29 0 42 2
1 16 3 42 1 11 3
1 63 3 41 2 95 2
1 25 1 9 0 62 2
0 93 1 9 0 90 1
0 38 1 54 0 85 1
1 58 1 15 3 88 1
0 56 3 70 2 38 2
0 11 1 18 2 40 1
1 89 2 61 2 98 1
0 76 1 79 1 19 0
1 28 3 63 1 81 0
0 73 3 2 3 25 1
0 32 0 52 1 19 1
0 47 0 9 2 30 3
0 85 0 38 0 27 3
1 87 1 40 3 26 1
1 52 3 26 3 93 1
1 78 2 48 3 7 3
1 95 0 41 0 22 2
1 70 2 21 0 25 3
0 59 3 84 1 25 3
1 76 1 44 3 7 2
1 22 1 56 3 43 2
1 32 1 89 1 4 0
0 18 0 97 1 21 3
1 11 0 17 1 88 2
0 49 2 60 0 97 2
0 86 0 12 0 9 3
1 56 1 56 1 97 3
1 94 0 83 3 46 1
1 53 2 27 0 91 0
1 95 2 94 1 72 2
0 18 1 17 3 1 1
1 36 0 27 3 37 0
1 72 0 4 1 80 1
1 65 2 69 1 8 3
1 34 3 71 1 43 0
0 42 2 13 0 44 0
1 77 3 77 0 38 2
1 70 2 21 0 25 3
0 59 3 84 1 25 3
1 76 1 44 3 7 2
1 22 1 56 3 43 2
1 32 1 89 1 4 0
0 18 0 97 1 21 3
1 11 0 17 1 88 2
0 49 2 60 0 97 2
0 86 0 12 0 9 3
1 56 1 56 1 97 3
1 70 2 21 0 25 3
0 59 3 84 1 25 3
1 76 1 44 3 7 2
1 22 1 56 3 43 2
1 32 1 89 1 4 0
0 18 0 97 1 21 3
1 11 0 17 1 88 2
0 49 2 60 0 97 2
0 86 0 12 0 9 3
1 56 1 56 1 97 3
0 35 1 10 0 17 3
1 98 0 36 2 94 0
0 17 0 86 1 23 0
0 69 3 25 3 50 3
0 88 1 51 3 67 0
0 59 1 15 1 41 1
1 84 1 93 2 95 0
0 95 0 50 2 66 2
1 32 0 91 0 81 0
1 60 1 17 1 82 3
1 70 2 21 0 25 3
0 59 3 84 1 25 3
1 76 1 44 3 7 2
1 22 1 56 3 43 2
1 32 1 89 1 4 0
0 18 0 97 1 21 3
1 11 0 17 1 88 2
0 49 2 60 0 97 2
0 86 0 12 0 9 3
1 56 1 56 1 97 3
1 70 2 21 0 25 3
0 59 3 84 1 25 3
1 76 1 44 3 7 2
1 22 1 56 3 43 2
1 32 1 89 1 4 0
0 18 0 97 1 21 3
1 11 0 17 1 88 2
0 49 2 60 0 97 2
0 86 0 12 0 9 3
1 56 1 56 1 97 3
0 13 1 46 1 28 1
0 5 3 12 0 16 2
1 67 1 76 3 94 1
1 57 3 13 0 8 1
1 82 2 53 0 16 2
0 81 3 48 3 77 0
1 88 3 15 0 11 0
0 76 0 50 1 0 2
0 93 0 63 3 37 2
1 61 3 93 3 25 0
1 70 2 21 0 25 3
0 59 3 84 1 25 3
1 76 1 44 3 7 2
1 22 1 56 3 43 2
1 32 1 89 1 4 0
0 18 0 97 1 21 3
1 11 0 17 1 88 2
0 49 2 60 0 97 2
0 86 0 12 0 9 3
1 56 1 56 1 97 3
0 84 1 71 1 78 3
1 95 2 29 3 2 2
1 6 2 50 0 68 3
1 78 3 14 1 84 1
1 40 1 69 1 70 3
1 62 2 89 2 58 0
0 4 2 7 0 56 1
1 95 0 53 1 2 0
1 52 2 71 2 1 1
0 79 1 53 1 31 1
1 11 2 17 3 41 2
1 60 3 59 2 90 1
0 85 3 55 0 18 3
0 88 2 52 0 23 0
0 61 3 53 2 62 2
0 81 1 17 3 81 3
0 1 3 53 3 84 3
1 53 2 7 1 80 3
1 67 2 53 0 94 3
1 74 0 10 1 9 1
1 70 2 21 0 25 3
0 59 3 84 1 25 3
1 76 1 44 3 7 2
1 22 1 56 3 43 2
1 32 1 89 1 4 0
0 18 0 97 1 21 3
1 11 0 17 1 88 2
0 49 2 60 0 97 2
0 86 0 12 0 9 3
1 56 1 56 1 97 3
0 10 1 39 2 22 0
1 63 0 40 1 99 2
0 69 1 48 3 22 3
1 16 0 13 0 47 1
1 72 0 68 1 92 1
1 79 3 46 0 18 3
1 36 0 61 0 81 0
1 93 2 26 2 58 1
1 70 2 96 0 21 2
1 15 2 69 0 23 2
1 32 1 79 0 13 3
1 92 1 91 3 64 2
1 30 0 86 1 11 3
0 65 2 79 1 54 0
0 94 0 37 0 61 3
0 19 1 5 1 71 0
1 8 3 7 3 71 3
0 97 1 70 2 79 1
0 31 3 23 0 68 0
0 53 0 40 2 24 0
0 81 1 59 3 33 1
1 33 2 23 3 65 2
0 85 1 92 0 80 1
1 91 3 27 0 90 1
1 1 2 33 3 64 2
1 55 3 55 3 82 1
0 33 0 0 1 10 3
0 30 1 24 0 46 2
1 78 0 23 1 98 3
1 74 2 69 3 44 0
1 70 2 21 0 25 3
0 59 3 84 1 25 3
1 76 1 44 3 7 2
1 22 1 56 3 43 2
1 32 1 89 1 4 0
0 18 0 97 1 21 3
1 11 0 17 1 88 2
0 49 2 60 0 97 2
0 86 0 12 0 9 3
1 56 1 56 1 97 3
1 70 2 21 0 25 3
0 59 3 84 1 25 3
1 76 1 44 3 7 2
1 22 1 56 3 43 2
1 32 1 89 1 4 0
0 18 0 97 1 21 3
1 11 0 17 1 88 2
0 49 2 60 0 97 2
0 86 0 12 0 9 3
1 56 1 56 1 97 3
1 70 2 21 0 25 3
0 59 3 84 1 25 3
1 76 1 44 3 7 2
1 22 1 56 3 43 2
1 32 1 89 1 4 0
0 18 0 97 1 21 3
1 11 0 17 1 88 2
0 49 2 60 0 97 2
0 86 0 12 0 9 3
1 56 1 56 1 97 3
1 70 2 21 0 25 3
0 59 3 84 1 25 3
1 76 1 44 3 7 2
1 22 1 56 3 43 2
1 32 1 89 1 4 0
0 18 0 97 1 21 3
1 11 0 17 1 88 2
0 49 2 60 0 97 2
0 86 0 12 0 9 3
1 56 1 56 1 97 3
1 17 0 1 1 1 3
1 17 2 46 3 66 2
1 62 1 2 2 62 3
1 64 0 9 3 82 0
0 88 2 26 3 1 1
1 28 2 73 0 23 1
0 63 0 54 3 41 0
0 79 3 83 0 91 1
1 76 2 20 1 85 2
0 69 0 33 1 3 2
0 45 3 6 0 10 2
0 86 3 2 3 75 1
0 99 0 88 2 95 2
0 77 2 66 1 30 1
0 25 3 66 3 16 0
1 79 0 22 1 11 2
1 33 1 24 1 8 2
1 10 1 23 2 92 2
1 79 3 21 2 61 3
0 34 1 88 0 99 1
1 70 2 21 0 25 3
0 59 3 84 1 25 3
1 76 1 44 3 7 2
1 22 1 56 3 43 2
1 32 1 89 1 4 0
0 18 0 97 1 21 3
1 11 0 17 1 88 2
0 49 2 60 0 97 2
0 86 0 12 0 9 3
1 56 1 56 1 97 3
1 70 2 21 0 25 3
0 59 3 84 1 25 3
1 76 1 44 3 7 2
1 22 1 56 3 43 2
1 32 1 89 1 4 0
0 18 0 97 1 21 3
1 11 0 17 1 88 2
0 49 2 60 0 97 2
0 86 0 12 0 9 3
-1 56 1 56 1 97 3
