0 843 1 845 2 460 3
0 473 1 295 2 654 2
0 525 0 143 1 626 2
0 140 2 784 0 424 2
1 660 1 660 0 465 1
1 410 1 581 3 348 2
0 665 1 947 3 419 3
0 418 1 67 0 602 1
1 510 0 413 1 725 1
1 906 3 446 1 481 3
1 243 2 22 0 290 1
1 823 3 471 2 433 3
0 887 3 797 2 394 3
1 957 2 298 2 606 3
0 355 2 672 1 628 3
0 101 3 408 3 179 2
0 953 1 256 2 403 3
0 470 1 34 2 278 3
1 756 3 791 0 745 0
0 322 2 47 2 57 2
0 903 3 898 3 384 3
0 369 1 13 2 633 3
1 209 2 88 1 433 1
0 494 2 145 2 951 0
1 42 0 403 3 523 0
1 722 1 551 0 914 1
1 223 3 984 3 829 3
1 987 0 936 1 586 3
0 812 1 618 1 146 3
0 975 3 978 3 179 2
0 923 1 91 0 472 0
0 349 2 64 1 514 2
0 340 2 103 1 212 3
0 251 3 289 3 95 2
0 310 0 1012 2 902 2
1 882 2 820 2 370 1
0 226 2 302 1 495 1
0 788 1 419 3 631 0
1 1008 2 317 3 284 3
1 467 0 985 0 886 3
0 843 1 845 2 460 3
0 473 1 295 2 654 2
0 525 0 143 1 626 2
0 140 2 784 0 424 2
1 660 1 660 0 465 1
1 410 1 581 3 348 2
0 665 1 947 3 419 3
0 418 1 67 0 602 1
1 510 0 413 1 725 1
1 906 3 446 1 481 3
1 779 3 769 1 666 2
0 175 3 877 0 937 1
1 946 3 984 1 673 2
0 315 1 170 2 324 1
0 184 1 862 1 159 3
0 34 2 107 0 278 0
0 750 0 38 2 229 2
0 1014 0 54 3 695 3
1 635 0 729 1 925 2
0 434 2 487 0 67 1
0 843 1 845 2 460 3
0 473 1 295 2 654 2
0 525 0 143 1 626 2
0 140 2 784 0 424 2
1 660 1 660 0 465 1
1 410 1 581 3 348 2
0 665 1 947 3 419 3
0 418 1 67 0 602 1
1 510 0 413 1 725 1
1 906 3 446 1 481 3
0 843 1 845 2 460 3
0 473 1 295 2 654 2
0 525 0 143 1 626 2
0 140 2 784 0 424 2
1 660 1 660 0 465 1
1 410 1 581 3 348 2
0 665 1 947 3 419 3
0 418 1 67 0 602 1
1 510 0 413 1 725 1
1 906 3 446 1 481 3
0 187 2 582 2 95 1
1 174 0 583 0 215 0
0 978 3 572 1 764 1
1 510 3 602 3 834 0
1 44 0 81 2 332 0
1 882 0 341 2 684 0
0 416 3 222 2 816 0
1 172 2 371 0 290 0
1 242 2 980 2 261 1
0 264 3 42 0 68 3
0 843 1 845 2 460 3
0 473 1 295 2 654 2
0 525 0 143 1 626 2
0 140 2 784 0 424 2
1 660 1 660 0 465 1
1 410 1 581 3 348 2
0 665 1 947 3 419 3
0 418 1 67 0 602 1
1 510 0 413 1 725 1
1 906 3 446 1 481 3
0 1000 1 64 0 563 3
1 850 3 614 1 660 1
1 307 3 655 2 161 0
0 117 0 982 0 3 1
1 716 0 239 1 829 0
1 167 0 119 1 734 1
0 169 1 620 1 204 2
1 713 1 470 2 555 0
1 711 2 149 2 453 2
1 1003 3 454 2 261 1
0 254 2 195 3 743 3
1 304 1 640 1 684 1
0 38 1 353 0 957 3
1 147 3 93 3 310 3
1 871 2 204 0 865 3
0 310 3 946 2 301 2
1 461 0 665 2 778 2
1 570 0 375 0 630 2
1 896 0 357 2 340 2
0 859 1 955 2 858 2
0 808 3 637 1 579 0
0 196 1 787 3 139 2
0 871 2 517 3 868 3
0 983 2 137 3 368 2
1 367 3 351 3 171 3
0 213 2 953 3 554 2
1 284 1 769 2 468 3
0 431 3 789 2 263 0
0 31 2 513 0 368 0
1 113 3 140 2 866 0
0 280 3 254 0 490 2
1 1016 0 780 3 544 2
1 181 2 815 1 549 2
1 1012 1 401 1 73 3
1 556 2 951 1 645 3
1 363 2 704 1 623 2
1 429 3 669 3 126 3
1 821 3 63 2 997 2
1 669 1 1008 0 509 0
0 554 3 846 3 746 3
1 186 3 258 3 843 3
0 759 1 71 0 861 3
1 637 2 187 2 315 2
1 978 1 272 3 914 2
0 72 1 885 3 696 3
0 656 3 677 3 352 2
0 844 3 1002 2 25 2
1 961 0 69 2 386 1
0 47 1 520 1 963 3
1 477 1 743 1 470 3
0 207 0 468 2 763 1
0 937 2 511 3 821 3
1 441 3 931 2 766 2
1 869 1 701 2 454 2
0 816 1 76 1 431 3
0 86 3 333 0 796 1
0 727 2 804 1 646 2
0 716 2 962 2 904 2
1 600 0 223 2 898 1
0 700 1 171 3 96 0
1 160 2 436 1 835 3
1 891 3 906 3 812 0
1 649 2 590 0 163 2
0 836 2 935 1 500 0
1 267 1 620 0 354 0
0 910 3 492 1 810 1
0 576 2 332 1 189 3
1 856 0 212 1 991 0
1 1005 2 809 1 16 0
1 766 3 401 0 331 2
0 330 1 120 3 720 2
1 301 1 1012 2 712 2
0 821 3 684 0 121 1
0 783 0 702 2 983 3
0 292 0 926 1 592 2
0 464 3 97 1 451 2
1 614 0 1014 0 1 2
1 509 2 94 2 768 1
0 664 3 554 3 385 1
1 372 1 956 1 603 2
0 843 1 845 2 460 3
0 473 1 295 2 654 2
0 525 0 143 1 626 2
0 140 2 784 0 424 2
1 660 1 660 0 465 1
1 410 1 581 3 348 2
0 665 1 947 3 419 3
0 418 1 67 0 602 1
1 510 0 413 1 725 1
1 906 3 446 1 481 3
1 342 0 738 2 449 3
1 738 1 851 0 654 0
0 149 2 236 1 274 2
1 507 0 218 0 736 0
1 550 3 516 0 837 3
1 491 3 1022 1 973 1
0 79 1 787 0 248 3
0 962 0 748 3 754 3
1 642 0 450 3 133 1
1 188 2 525 0 948 0
0 843 1 845 2 460 3
0 473 1 295 2 654 2
0 525 0 143 1 626 2
0 140 2 784 0 424 2
1 660 1 660 0 465 1
1 410 1 581 3 348 2
0 665 1 947 3 419 3
0 418 1 67 0 602 1
1 510 0 413 1 725 1
1 906 3 446 1 481 3
0 664 3 613 2 653 0
1 178 2 237 0 590 2
1 26 1 176 1 801 1
1 801 0 644 2 343 1
1 638 3 700 2 1001 1
0 388 1 337 3 473 3
0 97 1 305 1 224 0
1 1014 3 15 3 143 0
1 294 3 197 0 128 2
0 340 3 492 3 747 3
0 843 1 845 2 460 3
0 473 1 295 2 654 2
0 525 0 143 1 626 2
0 140 2 784 0 424 2
1 660 1 660 0 465 1
1 410 1 581 3 348 2
0 665 1 947 3 419 3
0 418 1 67 0 602 1
1 510 0 413 1 725 1
1 906 3 446 1 481 3
0 843 1 845 2 460 3
0 473 1 295 2 654 2
0 525 0 143 1 626 2
0 140 2 784 0 424 2
1 660 1 660 0 465 1
1 410 1 581 3 348 2
0 665 1 947 3 419 3
0 418 1 67 0 602 1
1 510 0 413 1 725 1
1 906 3 446 1 481 3
1 901 1 76 1 363 2
0 600 1 390 2 231 1
1 744 2 1020 3 765 2
0 873 2 32 3 221 2
0 686 2 459 2 839 0
0 781 0 706 3 203 1
0 427 1 995 3 95 2
0 835 0 331 0 213 1
1 379 1 411 1 17 2
0 561 2 927 3 236 2
0 131 0 131 2 82 3
1 742 0 880 0 977 2
0 698 0 608 1 1022 2
1 291 0 338 3 1014 2
1 137 1 550 1 719 0
0 871 1 548 3 754 3
0 103 0 343 3 146 1
1 176 3 493 0 630 2
1 763 0 82 0 759 0
1 948 0 956 0 523 2
0 843 1 845 2 460 3
0 473 1 295 2 654 2
0 525 0 143 1 626 2
0 140 2 784 0 424 2
1 660 1 660 0 465 1
1 410 1 581 3 348 2
0 665 1 947 3 419 3
0 418 1 67 0 602 1
1 510 0 413 1 725 1
1 906 3 446 1 481 3
0 843 1 845 2 460 3
0 473 1 295 2 654 2
0 525 0 143 1 626 2
0 140 2 784 0 424 2
1 660 1 660 0 465 1
1 410 1 581 3 348 2
0 665 1 947 3 419 3
0 418 1 67 0 602 1
1 510 0 413 1 725 1
1 906 3 446 1 481 3
0 843 1 845 2 460 3
0 473 1 295 2 654 2
0 525 0 143 1 626 2
0 140 2 784 0 424 2
1 660 1 660 0 465 1
1 410 1 581 3 348 2
0 665 1 947 3 419 3
0 418 1 67 0 602 1
1 510 0 413 1 725 1
1 906 3 446 1 481 3
0 744 2 881 2 671 1
1 894 3 560 2 774 0
1 149 1 9 1 813 3
1 424 0 693 3 106 0
0 903 3 940 0 897 3
1 186 0 403 3 699 3
1 558 3 319 0 627 0
1 335 1 868 2 998 1
0 560 3 693 0 409 3
0 773 2 145 3 464 1
0 843 1 845 2 460 3
0 473 1 295 2 654 2
0 525 0 143 1 626 2
0 140 2 784 0 424 2
1 660 1 660 0 465 1
1 410 1 581 3 348 2
0 665 1 947 3 419 3
0 418 1 67 0 602 1
1 510 0 413 1 725 1
1 906 3 446 1 481 3
0 843 1 845 2 460 3
0 473 1 295 2 654 2
0 525 0 143 1 626 2
0 140 2 784 0 424 2
1 660 1 660 0 465 1
1 410 1 581 3 348 2
0 665 1 947 3 419 3
0 418 1 67 0 602 1
1 510 0 413 1 725 1
1 906 3 446 1 481 3
1 662 2 924 3 774 3
1 630 2 478 1 554 3
1 621 2 957 1 7 2
0 925 1 310 1 147 3
1 431 3 628 0 573 3
1 119 3 42 2 64 2
1 926 1 664 3 428 3
0 456 0 491 0 144 0
1 203 1 4 1 414 2
1 67 3 166 0 97 3
1 126 2 796 0 864 1
1 646 1 641 2 509 3
0 70 3 1006 3 323 3
0 176 0 183 3 507 0
1 467 1 440 2 368 3
1 119 1 893 1 359 2
0 612 1 248 2 876 1
1 261 3 949 1 4 3
1 116 1 340 3 91 0
0 10 1 931 0 410 3
0 876 0 513 0 357 2
0 452 3 534 3 383 2
1 641 0 617 0 206 1
0 1000 1 966 0 470 1
0 774 2 580 3 410 3
0 951 1 218 2 76 1
0 989 0 865 2 733 1
1 416 0 206 3 48 2
0 721 0 208 3 761 1
0 318 3 310 3 564 1
0 843 1 845 2 460 3
0 473 1 295 2 654 2
0 525 0 143 1 626 2
0 140 2 784 0 424 2
1 660 1 660 0 465 1
1 410 1 581 3 348 2
0 665 1 947 3 419 3
0 418 1 67 0 602 1
1 510 0 413 1 725 1
1 906 3 446 1 481 3
0 843 1 845 2 460 3
0 473 1 295 2 654 2
0 525 0 143 1 626 2
0 140 2 784 0 424 2
1 660 1 660 0 465 1
1 410 1 581 3 348 2
0 665 1 947 3 419 3
0 418 1 67 0 602 1
1 510 0 413 1 725 1
1 906 3 446 1 481 3
1 496 2 561 1 131 0
0 660 0 10 0 69 3
1 585 1 839 1 392 2
0 471 1 132 1 52 1
1 668 2 820 3 860 3
0 291 3 440 0 550 0
0 984 3 983 1 71 1
1 1006 2 107 2 10 3
1 637 3 330 0 418 2
0 536 2 467 0 384 2
0 827 1 631 3 72 3
0 231 0 842 1 1022 1
0 614 0 818 3 614 3
1 595 0 796 0 268 1
1 280 1 356 3 268 3
0 874 1 235 2 242 0
0 24 0 549 1 272 2
0 182 2 107 3 567 3
1 989 2 218 1 544 0
0 1006 2 870 1 685 1
0 580 3 435 0 25 1
0 83 1 56 0 274 2
0 475 0 535 0 505 1
0 905 1 82 3 612 1
0 964 1 227 3 776 2
0 724 0 613 0 124 1
1 163 2 397 2 525 2
0 246 1 563 2 907 2
0 534 2 134 3 939 2
1 810 0 78 1 654 1
1 416 0 103 2 51 1
1 1000 2 545 1 730 3
1 793 3 731 0 663 0
0 122 1 787 2 327 1
0 1014 2 320 0 317 3
1 654 1 437 0 930 0
1 524 0 106 1 738 2
1 324 2 37 3 888 3
1 923 0 31 3 211 0
0 359 1 313 1 850 0
0 843 1 845 2 460 3
0 473 1 295 2 654 2
0 525 0 143 1 626 2
0 140 2 784 0 424 2
1 660 1 660 0 465 1
1 410 1 581 3 348 2
0 665 1 947 3 419 3
0 418 1 67 0 602 1
1 510 0 413 1 725 1
1 906 3 446 1 481 3
0 843 1 845 2 460 3
0 473 1 295 2 654 2
0 525 0 143 1 626 2
0 140 2 784 0 424 2
1 660 1 660 0 465 1
1 410 1 581 3 348 2
0 665 1 947 3 419 3
0 418 1 67 0 602 1
1 510 0 413 1 725 1
1 906 3 446 1 481 3
1 963 1 538 2 287 3
1 725 0 15 3 499 1
0 435 3 437 0 658 3
1 328 3 528 2 837 3
0 556 1 148 1 410 1
1 240 3 903 0 239 0
0 561 0 474 2 101 2
1 939 0 354 0 206 2
0 770 1 220 2 470 0
1 440 1 693 3 447 3
0 843 1 845 2 460 3
0 473 1 295 2 654 2
0 525 0 143 1 626 2
0 140 2 784 0 424 2
1 660 1 660 0 465 1
1 410 1 581 3 348 2
0 665 1 947 3 419 3
0 418 1 67 0 602 1
1 510 0 413 1 725 1
1 906 3 446 1 481 3
1 684 0 326 2 548 1
1 314 1 781 1 902 3
1 465 2 557 2 324 0
0 482 2 707 0 180 0
0 639 0 653 1 619 2
0 667 3 201 2 469 1
0 298 2 278 1 326 3
1 280 0 421 0 848 2
1 36 0 606 3 189 1
1 894 2 410 3 959 2
0 808 0 979 3 100 3
0 688 0 43 1 685 1
1 978 1 764 3 218 1
0 997 2 379 3 1009 0
1 291 1 1005 2 204 2
0 654 1 580 1 556 2
1 853 3 765 0 861 2
1 948 1 329 2 780 1
1 691 1 277 1 528 2
1 599 0 404 2 609 2
0 814 1 834 1 921 3
0 121 0 749 1 305 1
1 1000 3 318 3 540 3
0 727 3 570 1 63 2
0 236 1 54 0 694 3
0 381 1 462 1 461 3
0 712 1 506 1 374 3
0 437 1 475 2 128 0
0 714 2 587 3 7 0
1 523 3 886 3 422 3
0 843 1 845 2 460 3
0 473 1 295 2 654 2
0 525 0 143 1 626 2
0 140 2 784 0 424 2
1 660 1 660 0 465 1
1 410 1 581 3 348 2
0 665 1 947 3 419 3
0 418 1 67 0 602 1
1 510 0 413 1 725 1
1 906 3 446 1 481 3
0 843 1 845 2 460 3
0 473 1 295 2 654 2
0 525 0 143 1 626 2
0 140 2 784 0 424 2
1 660 1 660 0 465 1
1 410 1 581 3 348 2
0 665 1 947 3 419 3
0 418 1 67 0 602 1
1 510 0 413 1 725 1
1 906 3 446 1 481 3
1 9 3 791 2 697 1
1 854 3 243 0 856 0
0 137 3 434 0 687 0
1 512 0 131 3 807 0
0 785 1 633 1 340 0
1 270 2 605 1 90 0
0 400 3 347 3 116 3
1 148 0 465 2 232 1
1 299 3 314 0 895 2
1 910 0 288 3 682 1
0 843 1 845 2 460 3
0 473 1 295 2 654 2
0 525 0 143 1 626 2
0 140 2 784 0 424 2
1 660 1 660 0 465 1
1 410 1 581 3 348 2
0 665 1 947 3 419 3
0 418 1 67 0 602 1
1 510 0 413 1 725 1
1 906 3 446 1 481 3
0 66 3 301 1 483 0
1 359 2 486 1 641 1
0 11 0 512 2 895 3
1 394 3 124 3 357 3
0 671 1 903 2 933 3
0 975 3 670 0 913 3
1 901 1 159 1 28 3
1 682 3 564 2 77 3
1 31 2 503 2 288 3
0 96 1 792 3 265 3
0 843 1 845 2 460 3
0 473 1 295 2 654 2
0 525 0 143 1 626 2
0 140 2 784 0 424 2
1 660 1 660 0 465 1
1 410 1 581 3 348 2
0 665 1 947 3 419 3
0 418 1 67 0 602 1
1 510 0 413 1 725 1
1 906 3 446 1 481 3
0 843 1 845 2 460 3
0 473 1 295 2 654 2
0 525 0 143 1 626 2
0 140 2 784 0 424 2
1 660 1 660 0 465 1
1 410 1 581 3 348 2
0 665 1 947 3 419 3
0 418 1 67 0 602 1
1 510 0 413 1 725 1
1 906 3 446 1 481 3
0 843 1 845 2 460 3
0 473 1 295 2 654 2
0 525 0 143 1 626 2
0 140 2 784 0 424 2
1 660 1 660 0 465 1
1 410 1 581 3 348 2
0 665 1 947 3 419 3
0 418 1 67 0 602 1
1 510 0 413 1 725 1
1 906 3 446 1 481 3
1 650 0 752 2 95 0
1 691 3 798 2 185 3
0 203 2 312 0 82 0
0 189 1 480 3 190 2
0 867 0 752 1 656 1
0 247 3 490 3 701 1
1 413 1 114 0 747 3
0 415 1 861 0 815 3
0 818 3 541 1 624 0
0 1018 0 47 3 662 0
0 843 1 845 2 460 3
0 473 1 295 2 654 2
0 525 0 143 1 626 2
0 140 2 784 0 424 2
1 660 1 660 0 465 1
1 410 1 581 3 348 2
0 665 1 947 3 419 3
0 418 1 67 0 602 1
1 510 0 413 1 725 1
1 906 3 446 1 481 3
0 843 1 845 2 460 3
0 473 1 295 2 654 2
0 525 0 143 1 626 2
0 140 2 784 0 424 2
1 660 1 660 0 465 1
1 410 1 581 3 348 2
0 665 1 947 3 419 3
0 418 1 67 0 602 1
1 510 0 413 1 725 1
1 906 3 446 1 481 3
0 538 1 942 3 169 1
1 803 1 126 1 915 3
0 165 3 525 3 691 0
0 358 0 444 2 600 0
1 813 3 408 0 761 1
1 857 3 417 0 551 1
0 509 1 592 2 449 2
1 561 3 541 2 987 0
1 839 3 121 1 459 2
1 777 0 452 0 182 2
0 843 1 845 2 460 3
0 473 1 295 2 654 2
0 525 0 143 1 626 2
0 140 2 784 0 424 2
1 660 1 660 0 465 1
1 410 1 581 3 348 2
0 665 1 947 3 419 3
0 418 1 67 0 602 1
1 510 0 413 1 725 1
1 906 3 446 1 481 3
0 843 1 845 2 460 3
0 473 1 295 2 654 2
0 525 0 143 1 626 2
0 140 2 784 0 424 2
1 660 1 660 0 465 1
1 410 1 581 3 348 2
0 665 1 947 3 419 3
0 418 1 67 0 602 1
1 510 0 413 1 725 1
1 906 3 446 1 481 3
0 843 1 845 2 460 3
0 473 1 295 2 654 2
0 525 0 143 1 626 2
0 140 2 784 0 424 2
1 660 1 660 0 465 1
1 410 1 581 3 348 2
0 665 1 947 3 419 3
0 418 1 67 0 602 1
1 510 0 413 1 725 1
1 906 3 446 1 481 3
1 575 3 904 2 429 0
0 781 2 107 1 738 2
1 948 0 627 2 437 0
1 200 0 495 0 361 0
0 441 3 966 1 886 3
1 272 2 345 0 910 0
1 832 3 255 0 844 1
1 572 2 225 1 977 1
0 441 3 40 2 381 3
1 677 0 892 0 259 0
0 523 1 933 2 959 2
0 939 1 762 2 50 2
1 905 3 944 0 327 0
0 178 0 475 2 89 3
0 681 3 507 0 693 3
0 459 2 616 3 274 0
1 686 1 871 3 117 3
1 11 0 183 0 965 2
0 126 1 225 0 361 0
1 453 3 918 0 770 2
0 843 1 845 2 460 3
0 473 1 295 2 654 2
0 525 0 143 1 626 2
0 140 2 784 0 424 2
1 660 1 660 0 465 1
1 410 1 581 3 348 2
0 665 1 947 3 419 3
0 418 1 67 0 602 1
1 510 0 413 1 725 1
1 906 3 446 1 481 3
0 843 1 845 2 460 3
0 473 1 295 2 654 2
0 525 0 143 1 626 2
0 140 2 784 0 424 2
1 660 1 660 0 465 1
1 410 1 581 3 348 2
0 665 1 947 3 419 3
0 418 1 67 0 602 1
1 510 0 413 1 725 1
1 906 3 446 1 481 3
0 843 1 845 2 460 3
0 473 1 295 2 654 2
0 525 0 143 1 626 2
0 140 2 784 0 424 2
1 660 1 660 0 465 1
1 410 1 581 3 348 2
0 665 1 947 3 419 3
0 418 1 67 0 602 1
1 510 0 413 1 725 1
1 906 3 446 1 481 3
0 609 0 947 0 257 0
1 791 2 156 2 520 2
1 857 3 762 1 772 1
1 907 3 466 3 684 0
1 590 0 758 2 186 2
1 961 3 936 2 537 0
1 79 0 110 2 570 0
0 604 3 61 0 286 0
1 652 1 360 3 2 1
0 418 2 283 3 782 2
1 986 3 478 0 40 1
0 917 0 760 0 598 3
0 734 2 567 1 967 3
0 109 0 800 3 81 0
0 307 0 680 2 109 3
0 954 1 141 3 526 1
0 297 0 476 2 703 3
0 666 1 731 3 512 3
0 748 2 606 1 648 1
1 452 3 924 2 713 0
1 821 2 448 2 488 1
1 86 0 692 3 420 1
1 209 2 385 3 113 3
0 173 2 199 1 798 2
1 935 2 271 3 64 1
0 683 3 738 3 791 1
1 769 0 386 0 635 2
0 826 3 223 1 325 2
0 575 1 732 0 449 1
1 748 1 58 1 432 0
0 843 1 845 2 460 3
0 473 1 295 2 654 2
0 525 0 143 1 626 2
0 140 2 784 0 424 2
1 660 1 660 0 465 1
1 410 1 581 3 348 2
0 665 1 947 3 419 3
0 418 1 67 0 602 1
1 510 0 413 1 725 1
1 906 3 446 1 481 3
0 843 1 845 2 460 3
0 473 1 295 2 654 2
0 525 0 143 1 626 2
0 140 2 784 0 424 2
1 660 1 660 0 465 1
1 410 1 581 3 348 2
0 665 1 947 3 419 3
0 418 1 67 0 602 1
1 510 0 413 1 725 1
1 906 3 446 1 481 3
0 843 1 845 2 460 3
0 473 1 295 2 654 2
0 525 0 143 1 626 2
0 140 2 784 0 424 2
1 660 1 660 0 465 1
1 410 1 581 3 348 2
0 665 1 947 3 419 3
0 418 1 67 0 602 1
1 510 0 413 1 725 1
1 906 3 446 1 481 3
0 843 1 845 2 460 3
0 473 1 295 2 654 2
0 525 0 143 1 626 2
0 140 2 784 0 424 2
1 660 1 660 0 465 1
1 410 1 581 3 348 2
0 665 1 947 3 419 3
0 418 1 67 0 602 1
1 510 0 413 1 725 1
1 906 3 446 1 481 3
0 843 1 845 2 460 3
0 473 1 295 2 654 2
0 525 0 143 1 626 2
0 140 2 784 0 424 2
1 660 1 660 0 465 1
1 410 1 581 3 348 2
0 665 1 947 3 419 3
0 418 1 67 0 602 1
1 510 0 413 1 725 1
1 906 3 446 1 481 3
0 843 1 845 2 460 3
0 473 1 295 2 654 2
0 525 0 143 1 626 2
0 140 2 784 0 424 2
1 660 1 660 0 465 1
1 410 1 581 3 348 2
0 665 1 947 3 419 3
0 418 1 67 0 602 1
1 510 0 413 1 725 1
1 906 3 446 1 481 3
0 584 0 1018 3 105 0
1 520 0 847 1 223 1
0 846 0 375 2 416 1
0 612 0 314 3 432 0
0 448 3 296 2 975 0
1 986 3 202 1 778 0
1 636 3 779 0 967 2
1 575 2 337 3 497 3
1 424 2 429 0 939 1
1 34 3 561 3 165 0
0 843 1 845 2 460 3
0 473 1 295 2 654 2
0 525 0 143 1 626 2
0 140 2 784 0 424 2
1 660 1 660 0 465 1
1 410 1 581 3 348 2
0 665 1 947 3 419 3
0 418 1 67 0 602 1
1 510 0 413 1 725 1
1 906 3 446 1 481 3
0 184 2 891 1 400 2
1 953 2 625 1 461 3
1 900 3 900 3 324 2
1 973 3 967 1 737 0
0 383 1 895 0 452 3
0 133 3 215 0 845 1
1 885 3 580 2 579 2
1 84 3 152 3 521 3
0 850 3 250 2 979 2
0 896 0 282 0 403 3
1 731 0 666 0 16 1
1 256 0 551 3 658 2
0 882 3 159 3 597 2
0 407 3 115 0 906 2
0 42 0 257 1 111 2
0 637 3 87 2 102 0
0 222 3 196 2 194 0
1 758 0 843 3 716 3
0 10 1 964 0 859 2
1 162 2 412 0 110 0
1 655 1 390 2 109 0
0 115 3 523 0 724 1
1 946 1 54 2 546 1
1 640 3 866 2 94 2
0 242 2 542 3 199 0
0 313 2 31 2 101 3
1 134 1 816 2 962 2
0 169 0 702 3 197 2
0 678 0 899 3 722 1
0 185 3 332 1 314 3
0 239 1 204 1 643 1
1 450 3 339 1 340 1
0 119 3 65 1 995 1
1 206 1 309 2 1007 3
1 634 3 865 3 726 0
0 332 1 648 1 878 1
1 156 0 408 3 925 3
1 47 2 296 0 47 3
1 308 1 447 2 877 2
0 175 1 232 1 753 3
0 843 1 845 2 460 3
0 473 1 295 2 654 2
0 525 0 143 1 626 2
0 140 2 784 0 424 2
1 660 1 660 0 465 1
1 410 1 581 3 348 2
0 665 1 947 3 419 3
0 418 1 67 0 602 1
1 510 0 413 1 725 1
1 906 3 446 1 481 3
0 301 2 473 2 298 0
0 283 3 45 0 800 3
1 70 0 172 2 668 0
1 648 3 986 0 324 3
1 487 1 1022 3 956 1
0 63 1 337 2 12 2
0 973 2 926 2 239 0
1 52 1 386 2 674 3
0 292 3 136 3 580 0
0 1003 2 48 0 337 3
0 843 1 845 2 460 3
0 473 1 295 2 654 2
0 525 0 143 1 626 2
0 140 2 784 0 424 2
1 660 1 660 0 465 1
1 410 1 581 3 348 2
0 665 1 947 3 419 3
0 418 1 67 0 602 1
1 510 0 413 1 725 1
1 906 3 446 1 481 3
1 1020 2 186 1 269 3
1 413 1 246 1 421 3
0 21 0 925 0 625 0
0 886 2 961 3 394 3
0 372 2 13 1 204 1
1 836 0 166 1 278 0
0 579 2 98 3 748 0
0 751 3 870 0 255 3
1 739 1 522 0 917 0
1 655 3 262 0 1012 3
1 69 2 406 1 211 3
1 773 3 564 1 843 2
0 988 2 325 3 506 2
1 85 3 893 1 962 0
1 451 1 880 1 115 1
1 313 1 127 1 332 2
0 246 0 878 3 662 3
1 424 2 402 2 278 3
1 683 2 699 1 330 0
0 66 3 938 0 848 3
0 843 1 845 2 460 3
0 473 1 295 2 654 2
0 525 0 143 1 626 2
0 140 2 784 0 424 2
1 660 1 660 0 465 1
1 410 1 581 3 348 2
0 665 1 947 3 419 3
0 418 1 67 0 602 1
1 510 0 413 1 725 1
1 906 3 446 1 481 3
0 843 1 845 2 460 3
0 473 1 295 2 654 2
0 525 0 143 1 626 2
0 140 2 784 0 424 2
1 660 1 660 0 465 1
1 410 1 581 3 348 2
0 665 1 947 3 419 3
0 418 1 67 0 602 1
1 510 0 413 1 725 1
1 906 3 446 1 481 3
1 296 3 400 1 37 2
1 738 0 86 2 607 3
0 946 3 304 1 316 2
1 193 2 45 2 893 0
1 100 2 907 2 228 1
1 243 3 13 0 246 1
1 526 1 787 1 789 3
0 550 1 487 1 129 2
1 882 2 720 0 811 3
1 233 2 32 1 105 3
0 843 1 845 2 460 3
0 473 1 295 2 654 2
0 525 0 143 1 626 2
0 140 2 784 0 424 2
1 660 1 660 0 465 1
1 410 1 581 3 348 2
0 665 1 947 3 419 3
0 418 1 67 0 602 1
1 510 0 413 1 725 1
1 906 3 446 1 481 3
0 843 1 845 2 460 3
0 473 1 295 2 654 2
0 525 0 143 1 626 2
0 140 2 784 0 424 2
1 660 1 660 0 465 1
1 410 1 581 3 348 2
0 665 1 947 3 419 3
0 418 1 67 0 602 1
1 510 0 413 1 725 1
1 906 3 446 1 481 3
0 843 1 845 2 460 3
0 473 1 295 2 654 2
0 525 0 143 1 626 2
0 140 2 784 0 424 2
1 660 1 660 0 465 1
1 410 1 581 3 348 2
0 665 1 947 3 419 3
0 418 1 67 0 602 1
1 510 0 413 1 725 1
1 906 3 446 1 481 3
1 626 0 530 2 63 2
0 994 2 678 2 124 2
1 271 3 92 3 841 1
1 448 0 839 1 3 2
1 843 3 346 2 453 0
1 719 2 757 2 43 3
1 71 2 503 3 672 2
0 108 0 1011 0 672 0
0 569 1 762 2 136 3
0 732 1 293 1 598 3
0 843 1 845 2 460 3
0 473 1 295 2 654 2
0 525 0 143 1 626 2
0 140 2 784 0 424 2
1 660 1 660 0 465 1
1 410 1 581 3 348 2
0 665 1 947 3 419 3
0 418 1 67 0 602 1
1 510 0 413 1 725 1
1 906 3 446 1 481 3
0 843 1 845 2 460 3
0 473 1 295 2 654 2
0 525 0 143 1 626 2
0 140 2 784 0 424 2
1 660 1 660 0 465 1
1 410 1 581 3 348 2
0 665 1 947 3 419 3
0 418 1 67 0 602 1
1 510 0 413 1 725 1
1 906 3 446 1 481 3
0 15 3 686 0 1 0
0 549 3 250 2 175 1
0 209 2 637 1 193 3
0 253 2 671 1 891 1
0 39 3 654 3 329 1
0 243 0 646 0 136 0
0 146 0 194 3 184 2
0 338 0 872 3 444 3
1 815 0 419 0 573 2
1 633 3 831 1 240 1
0 549 0 287 0 706 2
1 406 0 1013 3 262 1
1 520 3 561 0 163 1
1 262 2 440 1 491 2
0 984 2 951 2 641 0
1 971 0 305 2 900 2
1 109 2 561 1 417 2
0 729 1 536 0 961 2
1 861 3 281 0 343 3
1 292 1 717 1 579 2
0 843 1 845 2 460 3
0 473 1 295 2 654 2
0 525 0 143 1 626 2
0 140 2 784 0 424 2
1 660 1 660 0 465 1
1 410 1 581 3 348 2
0 665 1 947 3 419 3
0 418 1 67 0 602 1
1 510 0 413 1 725 1
-1 906 3 446 1 481 3
