1 84 0 385 0 143 3
1 446 3 496 0 35 3
1 213 2 208 3 263 1
1 4 3 111 0 68 0
0 314 3 405 2 73 1
0 162 3 320 3 158 3
1 256 0 422 1 325 2
0 235 3 260 0 223 2
0 187 0 210 1 433 1
0 82 0 25 0 15 3
1 254 1 510 3 326 2
1 76 0 116 0 16 0
1 470 1 395 0 22 1
0 320 1 341 2 16 1
1 440 3 130 2 98 1
0 345 3 345 1 20 3
0 491 1 382 2 395 2
0 15 0 406 1 33 2
1 468 0 332 0 233 2
1 450 3 205 1 439 2
1 439 1 177 2 168 0
1 193 3 459 0 146 2
0 198 2 484 2 5 2
0 391 2 152 3 490 2
0 400 2 399 2 382 0
1 34 2 1 1 436 2
0 308 1 124 3 209 1
1 251 1 414 2 393 3
1 226 2 63 0 475 2
0 372 2 109 0 320 2
1 144 1 107 0 186 0
0 282 3 137 2 357 0
0 234 1 324 1 192 1
0 92 2 182 0 7 3
1 496 0 488 0 278 2
1 12 1 179 0 153 3
1 178 1 347 1 288 0
0 269 1 391 3 476 1
1 48 0 265 2 3 3
0 505 1 342 2 267 2
0 77 1 145 3 475 3
1 179 0 85 0 447 0
1 331 0 507 0 130 1
1 16 2 247 1 65 0
1 340 2 164 1 251 2
1 34 1 366 2 75 1
1 246 0 131 3 469 0
1 466 3 271 2 103 0
1 161 3 156 3 45 1
1 192 0 67 0 98 0
1 127 2 181 0 21 1
0 164 3 508 3 413 2
1 330 3 425 2 130 0
0 432 0 503 3 23 1
1 486 3 243 1 23 2
0 405 0 296 0 389 3
1 225 0 319 0 359 1
0 320 1 40 0 476 3
0 57 2 297 3 129 1
1 364 3 377 1 269 3
1 234 2 113 1 227 0
1 149 1 508 2 493 2
0 308 3 328 2 40 2
0 246 3 504 0 122 1
1 413 3 139 1 272 1
0 405 0 368 1 508 3
1 25 3 257 2 429 1
0 398 0 197 2 438 3
1 478 1 243 0 220 0
1 277 0 221 0 286 1
0 461 0 195 0 88 0
1 493 2 58 2 219 2
0 122 2 65 2 1 1
0 325 0 203 3 501 3
0 53 2 502 2 52 0
1 308 2 95 3 255 3
1 164 2 157 0 66 2
0 88 1 507 1 287 3
1 208 0 121 3 364 3
1 56 1 142 0 322 3
0 431 3 345 2 488 2
1 376 2 431 1 480 1
0 149 0 347 2 229 2
0 269 3 359 0 22 0
1 13 1 464 2 381 2
1 489 0 61 3 267 2
1 270 0 214 0 28 3
0 213 2 247 2 207 1
0 392 1 381 1 200 2
1 123 1 468 1 54 2
1 182 3 401 3 66 1
0 458 3 292 0 363 3
1 192 0 351 1 265 1
1 310 3 397 3 286 2
0 144 3 278 1 150 3
0 394 0 92 3 162 0
1 485 3 141 2 117 1
1 322 1 181 3 344 3
1 265 3 402 2 3 2
0 419 0 126 3 50 0
0 182 0 21 0 245 2
1 276 1 89 0 58 1
1 16 3 204 2 507 3
1 95 2 9 0 356 3
0 442 1 27 0 27 0
0 223 2 275 2 265 0
1 115 3 105 3 147 0
0 465 0 388 2 483 2
1 190 1 47 2 101 2
0 314 0 276 2 357 1
1 124 2 350 1 479 0
0 289 0 301 1 190 0
1 143 1 238 0 438 1
0 14 3 115 3 497 2
1 461 0 181 2 143 1
0 20 0 229 3 443 3
1 504 0 220 0 273 2
0 451 1 437 3 326 2
1 121 1 389 3 459 1
0 223 3 91 2 222 2
0 511 2 129 3 408 0
1 172 2 157 3 282 2
1 355 2 44 3 76 2
0 45 1 377 0 58 2
1 348 1 450 0 198 1
1 175 1 309 1 429 0
1 475 0 207 0 189 3
0 366 3 268 1 504 2
0 314 0 130 1 489 2
1 313 0 285 3 373 3
1 376 2 433 1 44 3
1 274 3 238 1 230 2
1 286 0 51 1 277 0
0 73 0 457 2 358 2
0 240 2 274 2 251 1
0 94 1 189 1 326 2
1 432 1 17 3 379 0
1 123 3 197 0 65 3
1 362 2 392 2 405 1
1 349 0 181 3 334 2
0 119 1 276 3 337 1
0 354 3 439 3 165 3
1 306 0 122 2 226 1
1 353 0 276 2 266 3
0 304 3 286 1 164 2
0 230 2 282 0 448 3
1 133 1 86 3 32 3
0 91 0 196 3 340 3
1 189 3 458 3 471 3
1 511 0 318 1 132 0
1 153 2 17 0 474 1
1 32 3 211 1 499 3
0 308 1 40 1 486 1
0 293 0 68 2 243 0
1 183 0 146 3 141 3
1 92 3 295 2 495 3
0 479 1 61 3 77 2
0 209 1 78 2 291 3
0 259 0 135 3 182 3
0 408 3 376 3 161 0
0 92 2 247 3 221 0
0 330 3 430 3 205 0
0 188 2 129 0 465 3
1 169 3 28 3 225 1
1 249 1 369 2 216 2
0 172 2 334 1 275 1
1 437 0 81 1 145 2
1 88 3 271 3 113 2
0 78 0 361 1 339 2
0 313 2 352 3 146 2
0 276 3 419 3 98 3
0 339 3 322 0 425 3
1 28 3 255 2 205 3
0 484 3 71 2 424 3
0 330 1 473 0 28 2
0 84 1 37 3 357 0
0 357 3 431 0 12 3
1 283 1 452 2 263 1
1 338 0 298 2 9 3
0 144 3 375 0 300 3
1 376 2 433 1 44 3
1 274 3 238 1 230 2
1 286 0 51 1 277 0
0 73 0 457 2 358 2
0 240 2 274 2 251 1
0 94 1 189 1 326 2
1 432 1 17 3 379 0
1 123 3 197 0 65 3
1 362 2 392 2 405 1
1 349 0 181 3 334 2
1 460 3 145 3 56 3
1 469 3 101 2 123 1
1 302 2 251 0 282 1
1 99 2 333 2 418 3
1 47 3 464 0 58 1
0 221 1 299 2 504 2
1 416 1 381 0 358 0
1 57 2 97 3 304 3
0 132 2 361 1 343 1
0 93 2 378 3 231 1
0 293 0 136 3 484 2
0 447 0 158 0 242 2
1 241 3 293 0 264 0
1 430 3 327 3 434 3
0 56 2 439 2 361 2
0 331 1 489 3 481 1
1 47 3 473 1 29 3
0 351 0 381 2 398 3
1 196 2 453 2 228 1
0 394 1 305 2 66 1
0 288 2 477 0 275 0
1 388 0 176 0 136 0
1 234 0 295 3 216 2
0 361 0 441 2 334 3
0 430 2 202 3 433 2
0 64 0 5 0 467 0
0 245 3 491 0 27 0
0 69 0 165 1 291 0
0 231 0 121 0 490 0
0 150 3 97 1 81 2
0 155 3 208 1 462 3
1 86 2 196 1 235 1
0 87 1 312 3 495 2
1 364 0 465 3 351 1
1 373 0 422 0 157 3
1 345 1 157 2 330 3
1 166 3 334 2 403 3
0 224 0 314 3 486 2
0 193 3 232 0 313 3
1 381 0 188 1 270 0
0 371 1 434 2 228 3
0 464 3 66 3 415 0
0 88 1 152 0 18 2
1 144 2 62 1 18 2
1 111 0 8 1 6 2
1 420 2 382 0 166 1
0 234 1 90 0 89 1
0 363 0 411 2 116 3
0 445 0 476 3 83 3
0 95 2 220 1 322 0
1 376 2 433 1 44 3
1 274 3 238 1 230 2
1 286 0 51 1 277 0
0 73 0 457 2 358 2
0 240 2 274 2 251 1
0 94 1 189 1 326 2
1 432 1 17 3 379 0
1 123 3 197 0 65 3
1 362 2 392 2 405 1
1 349 0 181 3 334 2
1 385 3 213 3 53 1
1 411 3 435 0 504 1
1 393 2 291 2 178 1
0 230 2 84 2 499 0
1 53 2 70 0 69 3
1 337 0 285 2 443 2
1 231 2 495 1 309 3
1 399 0 203 0 445 3
1 44 1 102 0 87 0
1 396 0 427 3 28 3
1 495 0 370 1 502 3
1 238 1 328 2 180 0
0 214 1 383 0 359 0
1 133 3 66 0 231 1
1 279 2 53 2 307 2
0 219 0 90 0 201 1
1 102 1 201 2 219 1
0 91 3 216 0 452 0
1 464 1 410 3 167 1
0 456 0 457 3 212 1
1 404 3 10 2 253 1
1 0 0 206 0 224 0
1 100 1 144 3 44 2
1 65 1 124 2 482 1
1 146 2 109 2 185 0
1 99 3 369 3 474 1
1 270 1 406 2 399 0
1 196 0 170 3 192 0
1 332 0 163 2 153 1
1 479 0 203 0 240 3
0 91 0 498 1 435 0
0 452 1 69 0 456 0
0 228 2 57 2 254 0
0 484 0 175 0 107 1
0 194 0 50 3 234 2
1 504 2 420 3 235 3
0 109 2 57 0 416 3
1 229 3 3 3 72 1
1 383 0 484 0 143 3
0 233 1 112 3 511 3
1 231 3 260 2 72 2
0 129 2 80 2 40 0
0 180 0 146 2 488 3
1 443 2 208 1 331 2
0 124 3 367 2 204 1
1 501 0 393 3 378 3
1 194 3 2 1 60 1
1 59 1 216 3 81 0
1 249 0 284 0 76 3
1 193 2 25 0 486 2
1 229 1 427 1 48 2
1 42 2 48 0 219 2
0 399 0 27 1 428 1
0 410 0 304 1 509 0
0 271 2 379 3 103 0
0 201 3 1 3 72 2
1 460 0 450 1 337 3
0 400 1 334 0 32 3
1 263 3 455 1 346 3
1 166 1 293 0 281 0
1 376 2 433 1 44 3
1 274 3 238 1 230 2
1 286 0 51 1 277 0
0 73 0 457 2 358 2
0 240 2 274 2 251 1
0 94 1 189 1 326 2
1 432 1 17 3 379 0
1 123 3 197 0 65 3
1 362 2 392 2 405 1
1 349 0 181 3 334 2
0 468 3 201 0 32 2
0 385 1 272 2 431 1
0 194 3 147 3 116 1
1 421 3 143 0 183 0
0 485 3 169 0 437 2
0 446 2 58 3 115 3
1 1 0 4 2 114 1
0 337 3 504 0 391 0
1 266 3 55 2 480 2
0 507 1 262 1 76 0
0 300 2 34 2 249 0
0 357 2 203 1 304 0
0 286 2 380 0 357 1
0 380 2 428 1 287 1
0 367 0 467 3 377 0
0 150 2 339 2 300 0
0 4 0 216 1 500 3
0 382 2 50 2 250 3
0 18 2 277 3 322 1
1 420 2 36 3 398 3
0 38 2 344 1 359 0
0 484 0 118 3 138 1
0 286 3 123 3 229 2
0 161 1 455 0 18 1
0 43 3 84 3 60 0
0 35 2 121 3 447 0
0 301 0 490 0 206 3
1 128 2 169 0 363 1
0 509 2 76 2 338 0
1 112 1 238 2 190 0
0 145 0 149 0 287 0
1 224 2 326 3 200 3
1 251 1 260 2 232 3
0 296 3 3 3 263 1
1 425 1 54 0 206 1
1 27 3 146 1 424 3
0 379 0 222 1 210 0
1 127 3 110 0 232 1
0 129 2 399 0 2 3
0 394 2 168 1 480 0
0 387 1 376 1 510 3
0 109 1 188 1 289 3
1 424 2 33 0 427 0
1 28 0 438 2 489 3
0 201 2 391 0 295 2
0 214 0 214 0 217 0
0 86 1 300 1 96 2
1 279 1 296 1 367 3
1 488 1 499 1 217 2
0 504 1 469 3 449 0
1 447 1 487 1 126 1
1 301 0 276 3 24 0
0 228 3 52 0 165 1
1 282 2 7 0 135 1
0 433 3 256 3 383 1
1 450 1 486 0 146 3
1 224 0 491 3 422 2
1 371 3 322 2 381 0
0 117 3 342 2 152 1
0 125 0 77 3 480 1
1 376 2 433 1 44 3
1 274 3 238 1 230 2
1 286 0 51 1 277 0
0 73 0 457 2 358 2
0 240 2 274 2 251 1
0 94 1 189 1 326 2
1 432 1 17 3 379 0
1 123 3 197 0 65 3
1 362 2 392 2 405 1
1 349 0 181 3 334 2
1 287 1 453 3 52 2
1 345 2 360 1 394 0
1 485 1 502 3 150 1
0 269 2 357 3 230 3
1 313 3 396 0 231 1
0 427 1 315 3 338 2
0 457 2 341 1 250 2
0 317 2 294 3 50 1
1 159 3 399 1 207 2
0 385 0 355 3 162 0
1 375 2 460 0 83 1
1 315 1 268 2 13 1
0 338 2 309 3 242 3
1 18 1 445 1 30 1
1 171 2 345 1 475 1
1 37 2 264 2 194 3
1 479 2 220 1 263 0
0 229 3 231 3 302 2
0 419 1 148 0 86 1
0 213 0 167 1 302 2
1 376 2 433 1 44 3
1 274 3 238 1 230 2
1 286 0 51 1 277 0
0 73 0 457 2 358 2
0 240 2 274 2 251 1
0 94 1 189 1 326 2
1 432 1 17 3 379 0
1 123 3 197 0 65 3
1 362 2 392 2 405 1
1 349 0 181 3 334 2
0 158 1 247 0 369 1
0 60 1 9 0 38 0
0 127 2 239 2 40 1
1 238 1 130 0 392 1
1 44 2 104 3 126 1
0 445 0 229 3 180 1
0 472 1 51 1 181 3
0 40 2 485 3 115 3
0 294 2 27 1 226 2
1 355 2 34 2 143 3
1 376 2 433 1 44 3
1 274 3 238 1 230 2
1 286 0 51 1 277 0
0 73 0 457 2 358 2
0 240 2 274 2 251 1
0 94 1 189 1 326 2
1 432 1 17 3 379 0
1 123 3 197 0 65 3
1 362 2 392 2 405 1
1 349 0 181 3 334 2
1 160 3 312 2 253 0
1 472 3 195 1 66 3
1 296 0 484 1 366 2
0 164 2 469 3 94 2
1 313 3 483 3 376 0
0 195 2 474 2 138 3
0 262 0 154 2 22 0
0 484 0 81 2 231 1
0 473 2 102 1 303 3
1 292 3 291 1 494 3
1 73 0 373 1 34 3
0 26 0 305 0 121 0
1 29 0 435 3 28 2
1 251 2 125 2 39 1
0 493 0 165 3 436 1
1 193 3 163 0 155 0
1 491 0 321 2 195 1
0 153 0 153 0 82 0
1 89 3 307 3 122 0
0 2 1 246 3 502 3
1 398 1 4 3 274 1
1 361 2 40 0 382 1
1 159 1 29 3 437 1
0 288 2 103 0 128 1
1 268 3 167 3 118 1
1 257 0 324 2 374 2
1 246 0 172 1 362 1
1 292 1 296 1 491 3
0 203 2 268 3 319 0
1 105 1 285 3 460 1
1 117 2 25 1 231 0
1 457 1 434 0 77 2
1 356 0 262 0 310 2
1 426 3 485 2 294 2
0 17 0 97 1 122 0
1 170 3 333 2 273 3
1 199 0 84 3 380 0
0 410 1 253 2 205 0
0 217 1 101 0 109 3
1 170 0 221 1 30 2
1 376 2 433 1 44 3
1 274 3 238 1 230 2
1 286 0 51 1 277 0
0 73 0 457 2 358 2
0 240 2 274 2 251 1
0 94 1 189 1 326 2
1 432 1 17 3 379 0
1 123 3 197 0 65 3
1 362 2 392 2 405 1
1 349 0 181 3 334 2
1 376 2 433 1 44 3
1 274 3 238 1 230 2
1 286 0 51 1 277 0
0 73 0 457 2 358 2
0 240 2 274 2 251 1
0 94 1 189 1 326 2
1 432 1 17 3 379 0
1 123 3 197 0 65 3
1 362 2 392 2 405 1
1 349 0 181 3 334 2
1 145 1 482 1 421 0
1 487 2 353 1 115 0
0 369 0 326 3 325 0
1 420 1 495 0 325 1
0 426 1 60 0 21 1
0 355 1 81 3 69 0
0 205 3 256 1 315 2
0 84 0 3 3 496 2
0 290 3 339 2 411 3
0 143 2 65 2 306 3
1 47 0 69 2 251 1
0 134 0 28 3 265 2
1 77 2 372 3 76 2
1 106 0 4 0 378 1
0 99 1 411 2 413 1
1 381 3 134 0 297 0
1 30 3 389 0 418 1
0 379 1 52 1 377 1
0 58 0 441 2 481 1
0 166 3 231 1 259 1
1 449 0 130 2 469 0
0 285 1 228 2 181 1
1 68 3 287 3 175 1
1 126 2 137 3 15 1
1 124 2 56 3 122 2
0 267 2 394 2 295 2
1 466 1 245 1 206 3
1 449 2 231 1 379 3
0 199 2 321 0 90 0
0 300 3 294 0 199 1
1 376 2 433 1 44 3
1 274 3 238 1 230 2
1 286 0 51 1 277 0
0 73 0 457 2 358 2
0 240 2 274 2 251 1
0 94 1 189 1 326 2
1 432 1 17 3 379 0
1 123 3 197 0 65 3
1 362 2 392 2 405 1
1 349 0 181 3 334 2
1 376 2 433 1 44 3
1 274 3 238 1 230 2
1 286 0 51 1 277 0
0 73 0 457 2 358 2
0 240 2 274 2 251 1
0 94 1 189 1 326 2
1 432 1 17 3 379 0
1 123 3 197 0 65 3
1 362 2 392 2 405 1
1 349 0 181 3 334 2
1 300 1 294 3 483 2
0 213 1 118 0 334 1
0 169 3 64 0 148 1
0 415 3 184 1 347 0
0 271 2 444 1 174 0
0 374 1 437 2 479 2
1 342 3 94 0 247 0
1 266 0 481 3 128 0
0 362 0 382 1 129 2
1 162 3 119 0 374 0
1 7 2 261 3 409 2
0 288 1 472 2 505 3
1 345 2 456 2 1 0
0 199 1 368 3 64 1
1 26 3 220 3 444 0
0 369 1 145 1 55 1
1 98 0 427 1 288 2
0 44 1 511 3 120 1
1 107 2 2 0 483 1
0 119 1 40 0 298 0
0 239 3 70 2 90 0
0 413 0 59 3 212 0
0 498 0 399 0 304 3
1 221 2 148 1 328 0
0 13 2 100 3 304 1
1 347 2 320 0 302 0
0 413 2 72 0 1 3
0 274 2 393 0 219 0
0 99 2 343 3 483 0
0 67 3 443 1 372 2
1 367 3 162 2 458 2
0 270 0 174 0 399 2
1 117 1 275 1 114 2
1 317 3 180 1 209 2
1 218 1 506 3 53 2
0 100 3 0 2 59 0
1 26 3 399 1 214 0
1 231 1 156 2 285 0
0 90 3 275 3 376 2
1 137 1 134 3 239 3
0 315 3 344 3 124 0
1 387 2 151 2 131 2
1 83 3 464 1 503 0
0 355 0 311 1 320 0
1 463 1 375 3 259 1
0 287 0 11 0 369 2
1 301 3 51 0 283 0
1 22 1 40 1 208 1
0 276 3 133 1 55 3
1 3 0 105 1 197 3
1 376 2 433 1 44 3
1 274 3 238 1 230 2
1 286 0 51 1 277 0
0 73 0 457 2 358 2
0 240 2 274 2 251 1
0 94 1 189 1 326 2
1 432 1 17 3 379 0
1 123 3 197 0 65 3
1 362 2 392 2 405 1
1 349 0 181 3 334 2
0 173 3 150 0 370 1
1 11 2 506 1 33 2
1 15 0 268 1 335 3
0 352 1 315 3 54 3
0 150 3 297 1 7 2
0 65 1 387 0 410 1
1 326 2 289 1 355 3
0 54 1 111 1 256 3
1 129 2 172 2 259 3
0 216 2 444 2 218 3
1 444 0 319 1 304 2
1 134 2 227 1 212 0
0 249 1 110 0 389 1
1 219 1 491 1 62 3
0 301 1 102 0 16 3
0 186 1 305 2 254 0
1 475 1 390 1 191 3
0 77 1 17 0 173 3
0 396 3 373 1 52 3
1 337 1 188 1 472 0
0 493 2 337 0 83 2
0 119 0 407 3 428 1
0 442 3 453 3 37 0
1 207 3 251 1 112 3
0 445 1 300 1 492 0
0 113 0 52 2 414 2
1 392 0 263 1 378 3
0 484 1 261 1 118 2
0 444 0 370 2 32 0
0 496 0 289 3 91 2
1 376 2 433 1 44 3
1 274 3 238 1 230 2
1 286 0 51 1 277 0
0 73 0 457 2 358 2
0 240 2 274 2 251 1
0 94 1 189 1 326 2
1 432 1 17 3 379 0
1 123 3 197 0 65 3
1 362 2 392 2 405 1
1 349 0 181 3 334 2
1 240 1 95 0 219 1
1 476 0 349 3 104 3
1 411 0 441 3 133 1
0 79 3 129 2 501 0
0 144 0 194 3 310 1
1 327 2 0 2 1 0
0 230 3 73 1 274 3
1 480 1 267 3 454 1
0 359 0 140 1 64 0
1 233 3 173 0 222 2
1 223 0 221 2 185 1
1 372 3 506 2 445 3
0 468 2 102 1 47 2
1 228 3 372 1 371 0
0 412 3 158 3 323 1
1 40 1 310 1 491 1
0 460 0 343 2 182 0
0 36 0 386 2 46 0
0 100 0 349 3 107 0
0 371 2 452 2 73 1
0 91 1 40 3 322 2
1 11 1 44 2 233 3
1 327 2 17 3 61 2
0 365 3 107 2 204 0
1 93 0 510 2 115 3
1 94 0 58 2 149 1
1 509 0 144 3 177 2
0 354 3 168 3 428 2
1 126 3 50 0 222 2
0 368 3 373 3 293 1
1 1 1 146 0 131 1
1 151 3 469 2 496 3
0 111 3 371 0 258 0
1 141 1 115 3 441 2
0 494 0 482 2 342 1
1 348 1 149 0 62 1
1 363 2 32 0 136 3
1 170 2 162 3 269 1
0 25 2 487 3 266 3
0 83 2 130 1 482 2
1 376 2 433 1 44 3
1 274 3 238 1 230 2
1 286 0 51 1 277 0
0 73 0 457 2 358 2
0 240 2 274 2 251 1
0 94 1 189 1 326 2
1 432 1 17 3 379 0
1 123 3 197 0 65 3
1 362 2 392 2 405 1
1 349 0 181 3 334 2
0 490 3 479 0 191 0
0 330 0 147 1 33 0
1 111 2 84 0 90 1
1 511 0 27 1 28 0
1 164 1 131 2 86 3
0 436 1 137 1 297 0
0 401 1 299 2 186 2
0 144 0 232 2 431 3
0 201 2 28 1 92 2
0 83 0 322 1 183 2
1 302 3 503 1 367 2
0 493 0 495 2 166 3
1 384 2 95 1 118 1
1 109 1 261 1 295 0
1 417 1 74 1 496 1
1 3 0 92 2 105 2
1 157 0 313 2 96 1
1 8 3 236 0 75 2
1 204 0 374 2 381 2
1 333 3 108 2 1 3
1 376 2 433 1 44 3
1 274 3 238 1 230 2
1 286 0 51 1 277 0
0 73 0 457 2 358 2
0 240 2 274 2 251 1
0 94 1 189 1 326 2
1 432 1 17 3 379 0
1 123 3 197 0 65 3
1 362 2 392 2 405 1
1 349 0 181 3 334 2
1 167 3 175 0 167 0
0 26 3 115 0 344 3
0 51 2 393 2 509 0
1 421 1 154 3 168 0
0 9 0 505 3 164 3
1 240 2 322 3 272 2
1 92 3 395 0 29 1
0 329 2 270 3 149 1
0 408 3 478 1 444 0
0 225 3 312 3 50 3
1 359 2 251 3 166 3
1 49 1 322 0 6 2
1 70 0 82 0 471 2
1 307 3 184 3 31 2
0 234 2 134 3 287 3
0 400 1 502 2 142 3
0 36 1 334 3 287 2
1 333 1 312 2 462 2
1 271 2 10 2 420 0
1 425 3 343 1 161 1
0 158 0 239 3 250 0
1 31 1 7 0 242 2
1 240 0 460 2 6 3
1 468 1 363 2 349 3
0 498 1 211 2 73 3
0 463 0 350 3 361 2
0 50 1 246 2 35 3
0 208 3 193 1 155 2
0 498 1 176 0 227 1
0 422 0 426 3 232 3
1 480 1 340 3 392 0
1 331 0 342 0 310 2
1 508 0 54 2 76 2
1 58 2 281 2 230 3
0 139 2 79 1 69 3
0 175 2 458 2 411 2
1 54 1 39 3 443 2
0 476 0 355 3 198 3
0 416 1 298 2 273 2
0 48 1 196 2 146 1
1 376 2 433 1 44 3
1 274 3 238 1 230 2
1 286 0 51 1 277 0
0 73 0 457 2 358 2
0 240 2 274 2 251 1
0 94 1 189 1 326 2
1 432 1 17 3 379 0
1 123 3 197 0 65 3
1 362 2 392 2 405 1
1 349 0 181 3 334 2
0 14 3 181 0 332 1
1 324 3 474 1 72 2
0 9 1 124 2 158 1
1 19 1 162 2 75 1
0 498 3 284 2 129 2
1 123 1 437 2 50 0
0 7 2 238 3 63 3
1 320 3 357 3 428 3
1 76 1 127 2 0 3
1 9 3 153 3 314 3
0 78 0 310 3 440 3
1 267 1 221 2 474 0
0 449 2 8 2 135 3
1 97 3 361 2 311 0
0 98 1 340 3 101 0
1 319 1 273 3 6 0
1 171 3 59 2 307 1
1 393 3 336 3 137 0
0 50 0 267 2 399 0
1 109 2 241 0 377 1
1 468 3 411 1 243 0
1 270 1 268 0 454 0
0 243 3 419 1 10 0
0 115 0 320 1 483 2
1 116 1 128 0 327 3
0 39 1 124 0 422 3
1 320 3 222 1 275 0
0 336 3 443 3 480 0
1 366 2 55 3 62 2
1 41 0 109 2 305 3
0 111 3 312 0 106 2
0 38 3 143 3 460 3
0 455 1 348 2 430 1
1 299 3 161 1 39 2
0 309 2 355 0 427 3
1 144 2 506 0 201 1
1 103 3 373 3 438 1
0 250 2 33 2 432 2
0 382 0 258 1 242 2
0 39 0 63 2 14 0
1 276 1 463 2 113 1
0 63 3 453 1 325 2
0 391 2 166 0 174 3
1 79 2 464 0 113 3
0 171 3 413 1 253 3
1 495 1 257 0 478 3
1 61 1 262 3 198 2
0 71 2 440 1 56 3
0 161 0 335 1 428 2
0 243 2 242 1 350 3
1 376 2 433 1 44 3
1 274 3 238 1 230 2
1 286 0 51 1 277 0
0 73 0 457 2 358 2
0 240 2 274 2 251 1
0 94 1 189 1 326 2
1 432 1 17 3 379 0
1 123 3 197 0 65 3
1 362 2 392 2 405 1
1 349 0 181 3 334 2
1 376 2 433 1 44 3
1 274 3 238 1 230 2
1 286 0 51 1 277 0
0 73 0 457 2 358 2
0 240 2 274 2 251 1
0 94 1 189 1 326 2
1 432 1 17 3 379 0
1 123 3 197 0 65 3
1 362 2 392 2 405 1
1 349 0 181 3 334 2
0 218 1 387 0 235 0
0 369 3 70 3 284 2
0 442 3 304 3 393 1
0 25 0 425 2 59 1
1 445 3 475 1 60 2
1 478 1 0 1 159 3
0 9 3 324 3 270 1
0 59 3 439 3 370 1
0 138 0 300 1 32 2
0 285 3 199 1 144 2
0 40 2 97 2 36 3
0 174 3 505 0 170 0
1 387 3 45 1 96 3
0 325 3 327 0 476 2
1 441 2 139 0 347 1
1 494 3 421 3 168 3
0 38 1 168 0 132 0
1 65 0 162 1 407 0
0 285 1 149 1 107 3
0 136 2 149 3 499 0
0 264 3 60 1 112 2
1 348 3 93 1 75 3
0 115 2 245 3 492 1
0 71 1 468 2 456 1
0 240 1 81 1 63 0
1 269 3 138 1 383 2
0 468 0 488 3 82 3
0 418 1 103 0 320 1
0 312 0 347 3 352 3
1 260 2 55 3 395 2
1 205 3 200 3 44 3
0 358 1 93 2 192 3
0 353 0 340 0 239 0
0 117 1 23 2 412 1
0 286 0 169 0 413 1
0 160 3 26 1 417 1
1 501 3 372 3 341 3
1 163 3 368 0 3 1
0 177 1 58 0 282 0
1 205 3 480 2 33 2
1 161 2 306 2 291 0
0 433 2 325 2 194 0
0 222 2 219 2 358 1
1 69 0 414 1 394 0
1 403 2 129 1 300 3
0 421 1 452 2 89 3
0 221 1 251 0 203 1
0 229 3 253 0 161 0
1 17 1 323 3 481 3
1 446 0 498 3 206 2
1 376 2 433 1 44 3
1 274 3 238 1 230 2
1 286 0 51 1 277 0
0 73 0 457 2 358 2
0 240 2 274 2 251 1
0 94 1 189 1 326 2
1 432 1 17 3 379 0
1 123 3 197 0 65 3
1 362 2 392 2 405 1
1 349 0 181 3 334 2
1 396 0 437 2 411 3
1 253 1 425 2 81 1
0 91 2 18 2 498 0
0 504 1 405 2 251 3
1 98 0 426 1 487 2
0 121 0 477 0 153 2
1 195 3 48 3 34 2
1 220 3 354 3 28 2
0 436 1 288 2 127 3
0 83 1 306 0 435 0
0 11 1 203 2 107 1
0 397 1 360 3 408 0
1 39 0 348 0 298 3
0 56 0 425 0 390 0
1 255 1 374 3 83 2
0 16 1 444 0 272 2
0 374 3 318 2 38 0
0 121 0 246 2 335 2
1 339 0 485 2 142 1
0 475 0 358 1 166 1
1 102 0 283 1 227 1
1 53 0 15 1 395 1
1 446 3 233 0 468 0
0 162 1 396 0 399 3
1 6 1 479 2 508 2
1 453 2 245 2 39 1
0 343 0 171 1 261 0
0 350 1 222 1 220 0
1 43 3 355 0 118 0
0 361 3 194 3 235 2
0 48 0 44 0 123 2
0 414 1 322 0 133 1
0 299 1 12 0 61 2
0 49 2 500 3 36 2
1 306 3 509 1 175 0
0 274 0 448 1 183 1
1 218 2 421 0 476 1
1 301 1 249 3 401 2
0 312 1 59 2 16 1
1 341 2 176 3 351 2
0 194 1 382 1 380 1
0 216 2 251 0 401 1
1 367 2 462 1 32 3
0 506 1 34 3 503 1
0 423 0 454 0 287 3
0 194 2 237 2 138 2
1 236 0 227 1 464 3
0 219 1 141 3 400 2
0 59 0 37 3 30 1
0 382 0 214 0 157 2
0 399 3 167 3 285 1
0 158 2 444 1 289 2
1 286 0 414 0 481 0
1 203 3 349 1 392 0
1 24 0 70 2 492 1
1 392 2 502 0 15 2
1 25 0 420 2 477 1
1 6 0 406 2 219 0
1 392 2 292 1 35 0
0 135 0 365 0 253 0
1 376 2 433 1 44 3
1 274 3 238 1 230 2
1 286 0 51 1 277 0
0 73 0 457 2 358 2
0 240 2 274 2 251 1
0 94 1 189 1 326 2
1 432 1 17 3 379 0
1 123 3 197 0 65 3
1 362 2 392 2 405 1
1 349 0 181 3 334 2
0 155 3 123 2 212 3
1 208 2 268 0 95 1
0 442 1 91 0 265 0
0 122 0 490 2 213 3
0 372 3 210 1 328 3
0 508 3 15 0 195 3
0 322 1 372 1 479 3
0 451 3 182 0 23 3
0 464 1 158 0 321 1
0 187 1 63 1 137 1
1 134 3 106 1 447 2
1 15 1 203 1 97 2
1 376 0 313 0 320 2
0 11 3 345 2 304 0
0 26 2 220 0 181 0
1 101 0 316 0 63 2
1 69 3 187 3 131 2
1 93 1 65 1 163 0
0 97 1 146 1 29 0
-1 278 1 16 2 301 2
