1 298 1 155 1 914 1
1 926 0 902 0 955 0
0 992 3 300 1 1014 0
1 976 1 607 3 685 3
0 439 2 420 3 175 0
1 978 2 173 1 835 1
1 446 2 437 2 275 2
1 526 1 938 2 834 3
1 229 0 554 0 913 0
0 951 2 18 1 958 2
1 298 1 155 1 914 1
1 926 0 902 0 955 0
0 992 3 300 1 1014 0
1 976 1 607 3 685 3
0 439 2 420 3 175 0
1 978 2 173 1 835 1
1 446 2 437 2 275 2
1 526 1 938 2 834 3
1 229 0 554 0 913 0
0 951 2 18 1 958 2
1 298 1 155 1 914 1
1 926 0 902 0 955 0
0 992 3 300 1 1014 0
1 976 1 607 3 685 3
0 439 2 420 3 175 0
1 978 2 173 1 835 1
1 446 2 437 2 275 2
1 526 1 938 2 834 3
1 229 0 554 0 913 0
0 951 2 18 1 958 2
1 298 1 155 1 914 1
1 926 0 902 0 955 0
0 992 3 300 1 1014 0
1 976 1 607 3 685 3
0 439 2 420 3 175 0
1 978 2 173 1 835 1
1 446 2 437 2 275 2
1 526 1 938 2 834 3
1 229 0 554 0 913 0
0 951 2 18 1 958 2
0 1004 1 326 2 976 2
1 92 2 428 1 959 0
0 695 0 930 0 440 0
0 951 1 572 1 474 1
0 858 3 702 0 854 3
0 972 1 996 2 125 2
1 131 0 385 2 155 3
0 1007 0 798 2 747 3
0 518 0 94 1 861 0
1 338 2 727 3 267 1
0 948 1 470 2 809 0
1 32 0 346 1 670 0
1 466 1 395 1 967 0
0 86 1 765 0 637 1
0 959 0 808 3 640 3
0 985 1 984 3 226 0
0 167 2 965 2 382 1
0 890 1 1004 0 1014 2
1 867 0 914 2 492 3
1 739 1 391 3 19 0
1 459 0 744 3 144 0
1 936 2 964 3 377 2
1 294 2 284 0 546 0
1 493 1 883 1 873 0
1 128 1 162 2 905 2
0 352 0 731 2 236 1
0 780 2 861 1 958 2
0 889 1 264 2 417 3
1 990 2 821 0 17 2
1 64 1 937 3 365 1
1 298 1 155 1 914 1
1 926 0 902 0 955 0
0 992 3 300 1 1014 0
1 976 1 607 3 685 3
0 439 2 420 3 175 0
1 978 2 173 1 835 1
1 446 2 437 2 275 2
1 526 1 938 2 834 3
1 229 0 554 0 913 0
0 951 2 18 1 958 2
0 410 1 590 3 251 2
1 263 1 677 1 1002 0
1 1010 2 878 0 199 1
0 213 3 757 2 218 2
1 523 0 625 3 690 1
0 128 0 613 2 275 3
0 23 0 486 2 92 1
0 161 3 65 0 923 1
0 977 0 548 1 150 2
0 485 0 809 0 242 2
1 298 1 155 1 914 1
1 926 0 902 0 955 0
0 992 3 300 1 1014 0
1 976 1 607 3 685 3
0 439 2 420 3 175 0
1 978 2 173 1 835 1
1 446 2 437 2 275 2
1 526 1 938 2 834 3
1 229 0 554 0 913 0
0 951 2 18 1 958 2
0 661 2 888 2 499 1
0 108 1 628 3 691 2
0 335 1 63 2 174 1
1 312 1 490 0 23 2
1 376 3 258 2 696 0
1 208 0 199 2 7 3
0 980 3 1013 1 531 1
0 171 2 317 0 946 0
0 179 3 609 3 192 2
1 256 0 1010 2 237 2
1 298 1 155 1 914 1
1 926 0 902 0 955 0
0 992 3 300 1 1014 0
1 976 1 607 3 685 3
0 439 2 420 3 175 0
1 978 2 173 1 835 1
1 446 2 437 2 275 2
1 526 1 938 2 834 3
1 229 0 554 0 913 0
0 951 2 18 1 958 2
1 298 1 155 1 914 1
1 926 0 902 0 955 0
0 992 3 300 1 1014 0
1 976 1 607 3 685 3
0 439 2 420 3 175 0
1 978 2 173 1 835 1
1 446 2 437 2 275 2
1 526 1 938 2 834 3
1 229 0 554 0 913 0
0 951 2 18 1 958 2
0 732 2 488 2 747 1
0 775 1 807 0 450 1
1 374 1 167 2 800 0
0 984 2 919 0 761 0
0 643 2 654 2 421 2
0 608 2 292 0 384 1
0 716 1 926 1 849 0
1 811 0 1006 1 771 0
0 330 0 452 2 375 3
1 760 3 626 1 12 2
1 298 1 155 1 914 1
1 926 0 902 0 955 0
0 992 3 300 1 1014 0
1 976 1 607 3 685 3
0 439 2 420 3 175 0
1 978 2 173 1 835 1
1 446 2 437 2 275 2
1 526 1 938 2 834 3
1 229 0 554 0 913 0
0 951 2 18 1 958 2
1 298 1 155 1 914 1
1 926 0 902 0 955 0
0 992 3 300 1 1014 0
1 976 1 607 3 685 3
0 439 2 420 3 175 0
1 978 2 173 1 835 1
1 446 2 437 2 275 2
1 526 1 938 2 834 3
1 229 0 554 0 913 0
0 951 2 18 1 958 2
0 888 3 642 0 963 3
1 328 1 946 3 637 2
1 270 0 945 3 534 2
1 624 2 163 1 341 0
1 273 0 1019 3 960 0
0 206 3 589 2 755 3
1 838 3 734 1 692 2
0 822 3 610 2 334 3
1 93 3 345 0 132 2
0 690 3 575 3 995 3
1 298 1 155 1 914 1
1 926 0 902 0 955 0
0 992 3 300 1 1014 0
1 976 1 607 3 685 3
0 439 2 420 3 175 0
1 978 2 173 1 835 1
1 446 2 437 2 275 2
1 526 1 938 2 834 3
1 229 0 554 0 913 0
0 951 2 18 1 958 2
1 298 1 155 1 914 1
1 926 0 902 0 955 0
0 992 3 300 1 1014 0
1 976 1 607 3 685 3
0 439 2 420 3 175 0
1 978 2 173 1 835 1
1 446 2 437 2 275 2
1 526 1 938 2 834 3
1 229 0 554 0 913 0
0 951 2 18 1 958 2
1 298 1 155 1 914 1
1 926 0 902 0 955 0
0 992 3 300 1 1014 0
1 976 1 607 3 685 3
0 439 2 420 3 175 0
1 978 2 173 1 835 1
1 446 2 437 2 275 2
1 526 1 938 2 834 3
1 229 0 554 0 913 0
0 951 2 18 1 958 2
1 298 1 155 1 914 1
1 926 0 902 0 955 0
0 992 3 300 1 1014 0
1 976 1 607 3 685 3
0 439 2 420 3 175 0
1 978 2 173 1 835 1
1 446 2 437 2 275 2
1 526 1 938 2 834 3
1 229 0 554 0 913 0
0 951 2 18 1 958 2
1 124 2 915 0 63 1
0 42 3 133 1 335 2
0 747 2 276 2 922 1
0 654 0 980 3 704 2
1 782 3 115 0 729 0
1 147 1 341 1 457 3
0 500 2 131 3 633 2
1 301 0 7 3 321 3
0 294 3 91 0 659 0
0 66 0 537 1 46 3
0 628 0 220 1 863 3
0 339 3 945 1 495 3
1 503 0 376 1 878 3
0 5 1 745 1 288 3
0 644 1 876 1 877 0
1 721 1 759 2 750 1
1 570 1 424 3 147 0
0 591 3 177 1 728 2
0 1019 0 280 3 517 0
1 970 1 242 3 779 2
1 298 1 155 1 914 1
1 926 0 902 0 955 0
0 992 3 300 1 1014 0
1 976 1 607 3 685 3
0 439 2 420 3 175 0
1 978 2 173 1 835 1
1 446 2 437 2 275 2
1 526 1 938 2 834 3
1 229 0 554 0 913 0
0 951 2 18 1 958 2
0 1001 3 19 0 722 2
0 37 3 388 2 986 0
1 68 2 276 2 352 3
0 63 2 927 2 263 3
0 314 3 10 3 601 3
0 588 0 803 2 471 3
1 386 2 739 2 115 1
0 994 2 10 3 291 1
1 735 1 287 0 950 0
0 689 3 974 1 227 2
1 298 1 155 1 914 1
1 926 0 902 0 955 0
0 992 3 300 1 1014 0
1 976 1 607 3 685 3
0 439 2 420 3 175 0
1 978 2 173 1 835 1
1 446 2 437 2 275 2
1 526 1 938 2 834 3
1 229 0 554 0 913 0
0 951 2 18 1 958 2
0 226 2 911 2 516 3
0 537 2 695 2 236 1
0 381 3 134 2 16 0
0 536 3 330 1 728 3
1 577 1 554 0 265 0
1 80 1 81 2 329 3
0 618 2 939 0 161 1
0 521 0 563 3 778 0
0 255 2 900 2 577 2
1 644 0 662 2 706 0
1 298 1 155 1 914 1
1 926 0 902 0 955 0
0 992 3 300 1 1014 0
1 976 1 607 3 685 3
0 439 2 420 3 175 0
1 978 2 173 1 835 1
1 446 2 437 2 275 2
1 526 1 938 2 834 3
1 229 0 554 0 913 0
0 951 2 18 1 958 2
1 298 1 155 1 914 1
1 926 0 902 0 955 0
0 992 3 300 1 1014 0
1 976 1 607 3 685 3
0 439 2 420 3 175 0
1 978 2 173 1 835 1
1 446 2 437 2 275 2
1 526 1 938 2 834 3
1 229 0 554 0 913 0
0 951 2 18 1 958 2
0 939 3 20 0 375 2
0 760 1 388 3 557 0
1 546 1 303 0 789 2
0 525 1 386 2 19 1
1 813 1 122 1 877 2
1 692 3 100 1 643 3
0 943 0 945 3 432 1
0 683 2 187 1 753 1
0 323 2 803 3 356 1
1 786 3 563 0 74 0
1 298 1 155 1 914 1
1 926 0 902 0 955 0
0 992 3 300 1 1014 0
1 976 1 607 3 685 3
0 439 2 420 3 175 0
1 978 2 173 1 835 1
1 446 2 437 2 275 2
1 526 1 938 2 834 3
1 229 0 554 0 913 0
0 951 2 18 1 958 2
1 325 1 8 0 605 0
0 468 0 317 2 796 2
1 608 0 386 0 198 0
0 218 3 725 3 612 2
0 507 1 99 1 545 2
1 61 0 839 0 933 2
1 22 2 273 1 317 2
1 754 0 830 2 841 1
0 892 0 31 2 665 3
0 423 1 133 2 642 0
1 298 1 155 1 914 1
1 926 0 902 0 955 0
0 992 3 300 1 1014 0
1 976 1 607 3 685 3
0 439 2 420 3 175 0
1 978 2 173 1 835 1
1 446 2 437 2 275 2
1 526 1 938 2 834 3
1 229 0 554 0 913 0
0 951 2 18 1 958 2
1 336 3 366 2 944 2
0 457 0 63 0 554 1
0 608 3 768 3 790 0
0 747 3 639 2 591 1
1 459 2 949 3 127 2
1 774 2 911 2 103 0
0 974 2 945 1 760 2
0 585 3 322 1 615 0
1 219 3 798 3 256 2
0 370 2 797 2 820 1
1 298 1 155 1 914 1
1 926 0 902 0 955 0
0 992 3 300 1 1014 0
1 976 1 607 3 685 3
0 439 2 420 3 175 0
1 978 2 173 1 835 1
1 446 2 437 2 275 2
1 526 1 938 2 834 3
1 229 0 554 0 913 0
0 951 2 18 1 958 2
1 298 1 155 1 914 1
1 926 0 902 0 955 0
0 992 3 300 1 1014 0
1 976 1 607 3 685 3
0 439 2 420 3 175 0
1 978 2 173 1 835 1
1 446 2 437 2 275 2
1 526 1 938 2 834 3
1 229 0 554 0 913 0
0 951 2 18 1 958 2
1 298 1 155 1 914 1
1 926 0 902 0 955 0
0 992 3 300 1 1014 0
1 976 1 607 3 685 3
0 439 2 420 3 175 0
1 978 2 173 1 835 1
1 446 2 437 2 275 2
1 526 1 938 2 834 3
1 229 0 554 0 913 0
0 951 2 18 1 958 2
0 80 3 383 3 328 0
0 493 0 589 0 291 3
1 860 3 728 1 57 0
1 292 3 661 1 390 1
1 1014 2 337 3 409 1
1 195 2 958 1 114 2
0 246 2 292 0 735 2
1 1004 1 817 1 580 1
0 942 2 492 1 543 1
0 381 1 957 1 154 1
1 149 1 949 3 656 2
0 513 3 450 2 684 3
0 994 3 869 3 785 2
0 994 0 41 0 333 0
0 41 3 327 3 77 1
0 750 1 766 2 259 0
1 84 2 487 1 829 2
1 89 1 642 1 239 2
1 922 2 127 0 570 3
1 697 2 524 0 897 2
1 311 2 934 2 489 2
0 437 3 23 3 550 2
0 783 1 3 1 153 1
1 854 2 333 2 891 3
0 399 0 547 0 498 2
1 323 2 625 3 932 2
0 96 0 985 3 517 0
0 589 2 365 2 211 3
0 714 0 675 0 543 3
0 274 3 1023 0 561 2
1 298 1 155 1 914 1
1 926 0 902 0 955 0
0 992 3 300 1 1014 0
1 976 1 607 3 685 3
0 439 2 420 3 175 0
1 978 2 173 1 835 1
1 446 2 437 2 275 2
1 526 1 938 2 834 3
1 229 0 554 0 913 0
0 951 2 18 1 958 2
1 298 1 155 1 914 1
1 926 0 902 0 955 0
0 992 3 300 1 1014 0
1 976 1 607 3 685 3
0 439 2 420 3 175 0
1 978 2 173 1 835 1
1 446 2 437 2 275 2
1 526 1 938 2 834 3
1 229 0 554 0 913 0
0 951 2 18 1 958 2
1 985 1 5 3 748 0
1 679 3 683 3 413 2
1 415 1 490 2 710 0
1 130 1 258 1 252 2
1 49 1 93 0 79 1
0 798 3 101 3 531 0
0 39 3 828 3 163 2
1 784 3 188 2 35 0
0 458 3 432 0 446 2
0 132 0 743 3 187 0
1 298 1 155 1 914 1
1 926 0 902 0 955 0
0 992 3 300 1 1014 0
1 976 1 607 3 685 3
0 439 2 420 3 175 0
1 978 2 173 1 835 1
1 446 2 437 2 275 2
1 526 1 938 2 834 3
1 229 0 554 0 913 0
0 951 2 18 1 958 2
1 298 1 155 1 914 1
1 926 0 902 0 955 0
0 992 3 300 1 1014 0
1 976 1 607 3 685 3
0 439 2 420 3 175 0
1 978 2 173 1 835 1
1 446 2 437 2 275 2
1 526 1 938 2 834 3
1 229 0 554 0 913 0
0 951 2 18 1 958 2
1 298 1 155 1 914 1
1 926 0 902 0 955 0
0 992 3 300 1 1014 0
1 976 1 607 3 685 3
0 439 2 420 3 175 0
1 978 2 173 1 835 1
1 446 2 437 2 275 2
1 526 1 938 2 834 3
1 229 0 554 0 913 0
0 951 2 18 1 958 2
1 313 3 662 3 244 1
1 352 2 724 1 384 3
0 298 0 24 1 654 2
0 116 0 885 2 727 3
0 267 0 552 0 730 0
1 139 1 269 2 950 1
1 186 3 668 3 605 0
0 57 2 662 3 269 2
1 775 0 791 3 492 0
0 939 3 296 0 893 3
1 298 1 155 1 914 1
1 926 0 902 0 955 0
0 992 3 300 1 1014 0
1 976 1 607 3 685 3
0 439 2 420 3 175 0
1 978 2 173 1 835 1
1 446 2 437 2 275 2
1 526 1 938 2 834 3
1 229 0 554 0 913 0
0 951 2 18 1 958 2
1 298 1 155 1 914 1
1 926 0 902 0 955 0
0 992 3 300 1 1014 0
1 976 1 607 3 685 3
0 439 2 420 3 175 0
1 978 2 173 1 835 1
1 446 2 437 2 275 2
1 526 1 938 2 834 3
1 229 0 554 0 913 0
0 951 2 18 1 958 2
1 298 1 155 1 914 1
1 926 0 902 0 955 0
0 992 3 300 1 1014 0
1 976 1 607 3 685 3
0 439 2 420 3 175 0
1 978 2 173 1 835 1
1 446 2 437 2 275 2
1 526 1 938 2 834 3
1 229 0 554 0 913 0
0 951 2 18 1 958 2
1 298 1 155 1 914 1
1 926 0 902 0 955 0
0 992 3 300 1 1014 0
1 976 1 607 3 685 3
0 439 2 420 3 175 0
1 978 2 173 1 835 1
1 446 2 437 2 275 2
1 526 1 938 2 834 3
1 229 0 554 0 913 0
0 951 2 18 1 958 2
1 298 1 155 1 914 1
1 926 0 902 0 955 0
0 992 3 300 1 1014 0
1 976 1 607 3 685 3
0 439 2 420 3 175 0
1 978 2 173 1 835 1
1 446 2 437 2 275 2
1 526 1 938 2 834 3
1 229 0 554 0 913 0
0 951 2 18 1 958 2
1 298 1 155 1 914 1
1 926 0 902 0 955 0
0 992 3 300 1 1014 0
1 976 1 607 3 685 3
0 439 2 420 3 175 0
1 978 2 173 1 835 1
1 446 2 437 2 275 2
1 526 1 938 2 834 3
1 229 0 554 0 913 0
0 951 2 18 1 958 2
1 298 1 155 1 914 1
1 926 0 902 0 955 0
0 992 3 300 1 1014 0
1 976 1 607 3 685 3
0 439 2 420 3 175 0
1 978 2 173 1 835 1
1 446 2 437 2 275 2
1 526 1 938 2 834 3
1 229 0 554 0 913 0
0 951 2 18 1 958 2
0 446 3 11 0 200 1
0 1019 2 164 1 88 2
1 235 0 370 3 540 2
1 933 0 791 2 810 1
1 149 2 276 0 107 0
0 561 0 145 0 815 3
1 805 0 882 0 207 3
0 311 0 867 1 130 1
1 50 0 937 1 282 1
1 835 1 252 0 756 2
1 298 1 155 1 914 1
1 926 0 902 0 955 0
0 992 3 300 1 1014 0
1 976 1 607 3 685 3
0 439 2 420 3 175 0
1 978 2 173 1 835 1
1 446 2 437 2 275 2
1 526 1 938 2 834 3
1 229 0 554 0 913 0
0 951 2 18 1 958 2
0 622 1 1014 2 823 3
1 322 0 480 3 192 3
0 219 1 918 2 350 2
1 382 2 884 1 415 3
1 676 0 62 1 500 3
0 857 2 143 1 740 0
1 545 3 93 3 819 3
0 318 0 523 1 939 2
1 749 0 230 3 491 3
1 649 3 723 1 63 2
1 298 1 155 1 914 1
1 926 0 902 0 955 0
0 992 3 300 1 1014 0
1 976 1 607 3 685 3
0 439 2 420 3 175 0
1 978 2 173 1 835 1
1 446 2 437 2 275 2
1 526 1 938 2 834 3
1 229 0 554 0 913 0
0 951 2 18 1 958 2
1 298 1 155 1 914 1
1 926 0 902 0 955 0
0 992 3 300 1 1014 0
1 976 1 607 3 685 3
0 439 2 420 3 175 0
1 978 2 173 1 835 1
1 446 2 437 2 275 2
1 526 1 938 2 834 3
1 229 0 554 0 913 0
0 951 2 18 1 958 2
1 298 1 155 1 914 1
1 926 0 902 0 955 0
0 992 3 300 1 1014 0
1 976 1 607 3 685 3
0 439 2 420 3 175 0
1 978 2 173 1 835 1
1 446 2 437 2 275 2
1 526 1 938 2 834 3
1 229 0 554 0 913 0
0 951 2 18 1 958 2
1 32 3 85 0 0 3
1 342 0 799 2 577 2
0 777 0 551 0 615 2
1 107 2 217 2 828 2
1 1016 0 260 3 983 2
0 963 3 869 0 419 3
0 504 3 842 0 110 0
0 616 3 833 0 113 0
0 908 1 185 2 1007 2
1 658 2 566 0 988 0
1 298 1 155 1 914 1
1 926 0 902 0 955 0
0 992 3 300 1 1014 0
1 976 1 607 3 685 3
0 439 2 420 3 175 0
1 978 2 173 1 835 1
1 446 2 437 2 275 2
1 526 1 938 2 834 3
1 229 0 554 0 913 0
0 951 2 18 1 958 2
1 298 1 155 1 914 1
1 926 0 902 0 955 0
0 992 3 300 1 1014 0
1 976 1 607 3 685 3
0 439 2 420 3 175 0
1 978 2 173 1 835 1
1 446 2 437 2 275 2
1 526 1 938 2 834 3
1 229 0 554 0 913 0
0 951 2 18 1 958 2
1 298 1 155 1 914 1
1 926 0 902 0 955 0
0 992 3 300 1 1014 0
1 976 1 607 3 685 3
0 439 2 420 3 175 0
1 978 2 173 1 835 1
1 446 2 437 2 275 2
1 526 1 938 2 834 3
1 229 0 554 0 913 0
0 951 2 18 1 958 2
1 298 1 155 1 914 1
1 926 0 902 0 955 0
0 992 3 300 1 1014 0
1 976 1 607 3 685 3
0 439 2 420 3 175 0
1 978 2 173 1 835 1
1 446 2 437 2 275 2
1 526 1 938 2 834 3
1 229 0 554 0 913 0
0 951 2 18 1 958 2
1 298 1 155 1 914 1
1 926 0 902 0 955 0
0 992 3 300 1 1014 0
1 976 1 607 3 685 3
0 439 2 420 3 175 0
1 978 2 173 1 835 1
1 446 2 437 2 275 2
1 526 1 938 2 834 3
1 229 0 554 0 913 0
0 951 2 18 1 958 2
1 298 1 155 1 914 1
1 926 0 902 0 955 0
0 992 3 300 1 1014 0
1 976 1 607 3 685 3
0 439 2 420 3 175 0
1 978 2 173 1 835 1
1 446 2 437 2 275 2
1 526 1 938 2 834 3
1 229 0 554 0 913 0
0 951 2 18 1 958 2
1 298 1 155 1 914 1
1 926 0 902 0 955 0
0 992 3 300 1 1014 0
1 976 1 607 3 685 3
0 439 2 420 3 175 0
1 978 2 173 1 835 1
1 446 2 437 2 275 2
1 526 1 938 2 834 3
1 229 0 554 0 913 0
0 951 2 18 1 958 2
1 298 1 155 1 914 1
1 926 0 902 0 955 0
0 992 3 300 1 1014 0
1 976 1 607 3 685 3
0 439 2 420 3 175 0
1 978 2 173 1 835 1
1 446 2 437 2 275 2
1 526 1 938 2 834 3
1 229 0 554 0 913 0
0 951 2 18 1 958 2
1 298 1 155 1 914 1
1 926 0 902 0 955 0
0 992 3 300 1 1014 0
1 976 1 607 3 685 3
0 439 2 420 3 175 0
1 978 2 173 1 835 1
1 446 2 437 2 275 2
1 526 1 938 2 834 3
1 229 0 554 0 913 0
0 951 2 18 1 958 2
1 298 1 155 1 914 1
1 926 0 902 0 955 0
0 992 3 300 1 1014 0
1 976 1 607 3 685 3
0 439 2 420 3 175 0
1 978 2 173 1 835 1
1 446 2 437 2 275 2
1 526 1 938 2 834 3
1 229 0 554 0 913 0
0 951 2 18 1 958 2
0 461 2 364 3 870 0
0 332 1 785 2 486 2
1 121 0 365 1 95 1
0 271 0 30 3 934 1
1 209 2 377 1 745 0
1 783 1 476 2 164 1
0 602 3 219 3 284 0
1 304 3 931 0 924 0
1 988 2 355 0 485 1
1 735 0 559 0 129 0
1 298 1 155 1 914 1
1 926 0 902 0 955 0
0 992 3 300 1 1014 0
1 976 1 607 3 685 3
0 439 2 420 3 175 0
1 978 2 173 1 835 1
1 446 2 437 2 275 2
1 526 1 938 2 834 3
1 229 0 554 0 913 0
0 951 2 18 1 958 2
1 298 1 155 1 914 1
1 926 0 902 0 955 0
0 992 3 300 1 1014 0
1 976 1 607 3 685 3
0 439 2 420 3 175 0
1 978 2 173 1 835 1
1 446 2 437 2 275 2
1 526 1 938 2 834 3
1 229 0 554 0 913 0
0 951 2 18 1 958 2
1 298 1 155 1 914 1
1 926 0 902 0 955 0
0 992 3 300 1 1014 0
1 976 1 607 3 685 3
0 439 2 420 3 175 0
1 978 2 173 1 835 1
1 446 2 437 2 275 2
1 526 1 938 2 834 3
1 229 0 554 0 913 0
0 951 2 18 1 958 2
1 298 1 155 1 914 1
1 926 0 902 0 955 0
0 992 3 300 1 1014 0
1 976 1 607 3 685 3
0 439 2 420 3 175 0
1 978 2 173 1 835 1
1 446 2 437 2 275 2
1 526 1 938 2 834 3
1 229 0 554 0 913 0
0 951 2 18 1 958 2
1 298 1 155 1 914 1
1 926 0 902 0 955 0
0 992 3 300 1 1014 0
1 976 1 607 3 685 3
0 439 2 420 3 175 0
1 978 2 173 1 835 1
1 446 2 437 2 275 2
1 526 1 938 2 834 3
1 229 0 554 0 913 0
0 951 2 18 1 958 2
1 298 1 155 1 914 1
1 926 0 902 0 955 0
0 992 3 300 1 1014 0
1 976 1 607 3 685 3
0 439 2 420 3 175 0
1 978 2 173 1 835 1
1 446 2 437 2 275 2
1 526 1 938 2 834 3
1 229 0 554 0 913 0
0 951 2 18 1 958 2
0 59 3 478 3 565 2
0 321 3 83 1 417 2
0 496 0 163 3 759 2
1 882 2 61 2 555 2
0 346 2 779 2 846 2
0 465 0 17 0 656 0
0 280 1 1010 3 521 3
0 906 3 715 3 884 2
1 294 1 656 0 603 2
1 988 0 672 0 550 3
1 298 1 155 1 914 1
1 926 0 902 0 955 0
0 992 3 300 1 1014 0
1 976 1 607 3 685 3
0 439 2 420 3 175 0
1 978 2 173 1 835 1
1 446 2 437 2 275 2
1 526 1 938 2 834 3
1 229 0 554 0 913 0
0 951 2 18 1 958 2
0 128 1 73 0 810 2
1 201 2 93 1 477 1
1 625 3 844 3 414 0
1 825 1 880 3 812 1
0 981 3 278 0 686 2
0 183 0 162 1 869 3
0 504 0 815 3 227 2
1 327 3 425 1 1001 1
1 991 0 448 3 648 0
1 17 3 541 1 403 1
1 298 1 155 1 914 1
1 926 0 902 0 955 0
0 992 3 300 1 1014 0
1 976 1 607 3 685 3
0 439 2 420 3 175 0
1 978 2 173 1 835 1
1 446 2 437 2 275 2
1 526 1 938 2 834 3
1 229 0 554 0 913 0
0 951 2 18 1 958 2
1 298 1 155 1 914 1
1 926 0 902 0 955 0
0 992 3 300 1 1014 0
1 976 1 607 3 685 3
0 439 2 420 3 175 0
1 978 2 173 1 835 1
1 446 2 437 2 275 2
1 526 1 938 2 834 3
1 229 0 554 0 913 0
0 951 2 18 1 958 2
1 298 1 155 1 914 1
1 926 0 902 0 955 0
0 992 3 300 1 1014 0
1 976 1 607 3 685 3
0 439 2 420 3 175 0
1 978 2 173 1 835 1
1 446 2 437 2 275 2
1 526 1 938 2 834 3
1 229 0 554 0 913 0
0 951 2 18 1 958 2
1 22 0 724 2 506 2
1 979 1 630 3 711 1
1 93 2 606 0 228 2
1 84 3 22 3 706 2
1 453 1 605 3 118 2
0 77 3 403 1 836 2
0 800 0 948 3 8 2
0 906 1 192 0 429 0
1 213 0 911 1 165 1
1 813 3 26 0 796 3
1 298 1 155 1 914 1
1 926 0 902 0 955 0
0 992 3 300 1 1014 0
1 976 1 607 3 685 3
0 439 2 420 3 175 0
1 978 2 173 1 835 1
1 446 2 437 2 275 2
1 526 1 938 2 834 3
1 229 0 554 0 913 0
0 951 2 18 1 958 2
1 107 0 623 3 876 2
0 596 2 940 3 827 2
1 880 1 303 0 464 2
1 927 2 394 0 948 3
1 139 1 418 2 535 1
0 57 2 110 0 651 0
1 719 1 924 1 947 0
0 886 1 793 1 970 0
1 690 2 128 2 573 1
1 558 1 397 1 835 2
1 298 1 155 1 914 1
1 926 0 902 0 955 0
0 992 3 300 1 1014 0
1 976 1 607 3 685 3
0 439 2 420 3 175 0
1 978 2 173 1 835 1
1 446 2 437 2 275 2
1 526 1 938 2 834 3
1 229 0 554 0 913 0
0 951 2 18 1 958 2
1 298 1 155 1 914 1
1 926 0 902 0 955 0
0 992 3 300 1 1014 0
1 976 1 607 3 685 3
0 439 2 420 3 175 0
1 978 2 173 1 835 1
1 446 2 437 2 275 2
1 526 1 938 2 834 3
1 229 0 554 0 913 0
0 951 2 18 1 958 2
1 298 1 155 1 914 1
1 926 0 902 0 955 0
0 992 3 300 1 1014 0
1 976 1 607 3 685 3
0 439 2 420 3 175 0
1 978 2 173 1 835 1
1 446 2 437 2 275 2
1 526 1 938 2 834 3
1 229 0 554 0 913 0
0 951 2 18 1 958 2
1 298 1 155 1 914 1
1 926 0 902 0 955 0
0 992 3 300 1 1014 0
1 976 1 607 3 685 3
0 439 2 420 3 175 0
1 978 2 173 1 835 1
1 446 2 437 2 275 2
1 526 1 938 2 834 3
1 229 0 554 0 913 0
0 951 2 18 1 958 2
0 310 0 684 1 832 3
1 848 1 315 3 348 3
0 281 2 859 1 536 2
1 870 0 945 3 534 3
0 821 2 204 3 656 2
1 773 2 883 0 982 2
0 598 1 989 0 515 3
0 91 1 264 3 916 0
1 34 1 851 3 42 1
1 598 3 602 0 639 3
1 298 1 155 1 914 1
1 926 0 902 0 955 0
0 992 3 300 1 1014 0
1 976 1 607 3 685 3
0 439 2 420 3 175 0
1 978 2 173 1 835 1
1 446 2 437 2 275 2
1 526 1 938 2 834 3
1 229 0 554 0 913 0
0 951 2 18 1 958 2
1 298 1 155 1 914 1
1 926 0 902 0 955 0
0 992 3 300 1 1014 0
1 976 1 607 3 685 3
0 439 2 420 3 175 0
1 978 2 173 1 835 1
1 446 2 437 2 275 2
1 526 1 938 2 834 3
1 229 0 554 0 913 0
0 951 2 18 1 958 2
0 1018 3 133 1 989 3
0 29 0 249 3 311 1
0 466 1 39 1 376 1
1 467 2 1005 0 805 3
1 623 3 869 3 925 3
1 986 2 13 3 170 3
0 920 0 148 2 134 1
1 13 1 539 3 264 2
1 529 2 27 2 305 1
0 175 0 26 0 348 0
1 298 1 155 1 914 1
1 926 0 902 0 955 0
0 992 3 300 1 1014 0
1 976 1 607 3 685 3
0 439 2 420 3 175 0
1 978 2 173 1 835 1
1 446 2 437 2 275 2
1 526 1 938 2 834 3
1 229 0 554 0 913 0
0 951 2 18 1 958 2
1 298 1 155 1 914 1
1 926 0 902 0 955 0
0 992 3 300 1 1014 0
1 976 1 607 3 685 3
0 439 2 420 3 175 0
1 978 2 173 1 835 1
1 446 2 437 2 275 2
1 526 1 938 2 834 3
1 229 0 554 0 913 0
0 951 2 18 1 958 2
1 298 1 155 1 914 1
1 926 0 902 0 955 0
0 992 3 300 1 1014 0
1 976 1 607 3 685 3
0 439 2 420 3 175 0
1 978 2 173 1 835 1
1 446 2 437 2 275 2
1 526 1 938 2 834 3
1 229 0 554 0 913 0
0 951 2 18 1 958 2
1 128 0 361 0 254 2
1 766 0 911 0 5 0
1 395 1 270 2 924 0
0 942 3 177 0 69 3
0 204 1 84 1 97 2
1 438 0 698 1 4 0
1 372 0 1002 3 336 2
0 48 2 971 3 504 3
0 687 2 639 1 391 1
1 583 1 805 3 164 0
1 298 1 155 1 914 1
1 926 0 902 0 955 0
0 992 3 300 1 1014 0
1 976 1 607 3 685 3
0 439 2 420 3 175 0
1 978 2 173 1 835 1
1 446 2 437 2 275 2
1 526 1 938 2 834 3
1 229 0 554 0 913 0
-1 951 2 18 1 958 2
