1 11 3 43 3 69 3
1 47 3 22 2 37 3
0 47 0 36 0 28 2
0 41 3 37 1 47 3
0 74 1 53 2 59 2
1 49 2 63 0 78 0
0 36 3 20 0 21 0
0 90 3 66 0 79 0
1 24 1 35 1 70 2
0 68 0 90 3 57 0
1 47 0 76 1 80 1
1 70 1 98 0 86 1
0 80 3 32 0 50 3
0 94 2 68 2 39 3
0 95 0 11 2 59 1
1 97 1 83 1 93 3
0 4 0 46 0 66 3
1 42 3 80 3 59 1
0 11 2 10 3 27 0
1 58 3 98 0 97 3
1 50 0 71 3 73 3
1 7 2 92 2 3 3
1 46 0 40 1 13 3
0 60 3 62 1 20 0
1 29 1 14 3 98 0
0 76 2 68 3 71 3
1 24 2 70 2 76 1
1 64 2 41 2 63 2
1 98 0 68 0 48 0
1 33 2 77 3 93 0
0 47 2 30 0 18 1
1 30 2 82 2 40 1
0 52 3 20 1 53 3
1 57 2 79 1 67 2
0 46 0 95 2 25 2
1 93 0 28 0 49 2
0 57 0 3 0 18 1
1 66 2 49 3 6 2
0 21 1 5 3 92 3
0 88 3 73 2 5 2
1 11 1 55 1 24 1
0 81 1 96 2 72 1
1 76 1 78 3 1 0
1 6 0 8 3 19 1
1 91 0 93 1 1 3
1 10 2 90 0 36 1
1 65 1 77 0 30 0
0 9 3 42 0 88 2
0 16 0 93 0 65 1
0 88 1 58 1 24 0
0 17 3 70 3 45 0
0 18 0 46 1 6 3
1 87 0 22 1 2 2
1 81 1 12 0 18 1
1 58 1 22 3 80 3
1 83 3 56 0 50 3
1 85 3 43 3 82 3
1 12 1 22 0 75 0
1 3 0 83 1 64 3
0 86 1 57 1 21 1
1 38 0 82 3 64 3
1 58 1 4 3 9 1
1 51 0 95 0 83 0
1 34 0 37 1 22 0
1 60 0 18 0 86 1
1 46 2 67 1 72 3
1 18 3 85 2 21 3
1 59 0 36 1 26 1
0 23 2 94 3 96 1
1 71 3 69 0 84 2
0 37 3 25 2 84 2
1 94 2 16 1 21 0
0 67 2 39 0 60 3
0 51 1 67 3 20 3
1 16 1 33 1 39 2
0 17 0 50 1 24 2
1 78 1 45 0 21 2
1 18 1 40 0 9 3
1 70 3 92 0 64 1
1 91 2 65 1 99 2
0 88 0 2 0 53 0
0 77 1 61 3 52 2
0 1 0 89 0 12 0
1 55 1 28 0 57 3
0 79 2 39 2 64 1
1 72 2 98 0 72 1
0 86 2 43 1 67 3
0 47 2 47 0 85 1
0 48 3 77 3 33 2
0 65 0 20 0 21 1
0 38 3 15 2 9 0
1 48 1 44 0 60 3
1 22 2 78 0 54 0
0 26 2 79 0 38 2
0 17 0 33 1 36 1
0 48 2 66 3 16 0
0 13 2 52 0 67 1
0 24 0 24 0 57 3
0 87 3 72 2 2 2
0 50 3 62 3 14 0
0 75 0 46 1 43 1
1 26 1 22 2 4 0
1 46 0 0 1 85 1
1 45 3 69 0 6 1
0 34 3 71 2 7 1
0 25 1 14 2 89 1
1 48 2 87 1 33 3
1 23 2 45 3 90 2
0 18 1 53 1 55 3
0 68 3 70 1 22 0
1 97 2 91 1 38 0
0 40 2 3 2 82 0
0 31 0 69 2 26 2
0 39 3 47 2 55 3
0 5 0 1 1 34 2
1 3 0 96 1 67 3
0 74 1 33 3 73 1
0 0 0 1 0 4 2
1 54 1 30 2 89 3
1 15 3 68 1 27 3
0 76 1 58 1 22 1
0 22 3 98 1 19 3
1 12 1 24 2 50 0
1 37 2 92 3 95 3
1 56 1 27 3 50 3
1 33 3 25 2 38 2
1 82 1 40 0 92 0
0 17 0 58 0 81 2
1 26 0 63 1 57 2
0 41 3 89 0 8 2
0 90 3 54 2 51 1
1 19 1 74 0 36 0
1 47 1 28 3 9 2
0 73 0 13 2 22 3
0 35 0 2 3 28 1
1 0 2 23 0 85 2
0 54 2 28 3 17 2
0 23 1 74 0 47 1
0 62 2 50 3 84 0
0 85 1 48 0 92 1
1 39 2 19 0 19 3
0 30 0 39 3 31 2
0 30 3 31 0 7 1
1 75 1 83 1 28 3
0 31 2 47 1 67 1
1 36 3 28 1 61 2
1 24 1 36 3 2 1
0 68 3 35 3 71 0
1 80 3 29 1 18 1
1 29 2 46 3 18 1
1 14 0 0 3 95 0
0 44 3 29 2 81 1
0 98 3 64 3 43 3
0 63 2 25 1 31 2
0 25 0 43 1 16 2
0 86 1 87 2 98 2
1 58 2 74 0 52 2
0 19 2 75 2 2 3
1 41 3 32 1 80 1
1 37 3 21 0 82 0
0 46 2 53 3 0 1
0 39 1 84 1 27 0
0 38 2 68 3 77 1
0 30 3 73 2 76 0
0 81 2 83 2 19 0
1 6 0 86 2 90 0
0 85 3 23 1 20 0
1 44 0 14 1 86 2
0 76 3 49 3 26 3
1 93 1 71 0 46 1
0 64 3 6 0 54 3
1 3 1 46 2 35 2
0 57 0 33 2 65 2
0 87 3 84 2 97 3
1 77 0 24 1 71 0
0 41 1 23 3 6 0
0 34 0 23 0 82 1
1 63 0 72 1 78 0
0 23 2 3 1 77 1
0 98 2 91 3 98 1
1 85 1 57 2 55 2
0 79 1 32 1 87 2
1 47 1 21 0 19 0
1 77 0 27 0 66 1
0 14 2 99 0 42 0
1 4 1 53 0 99 2
0 86 2 40 2 2 0
0 31 1 83 0 66 3
0 5 0 77 3 96 2
1 76 0 64 3 23 3
0 51 2 12 3 39 0
1 31 2 8 2 22 1
1 62 1 21 3 24 1
1 0 0 90 1 96 1
1 91 2 54 1 86 3
1 82 0 89 2 43 0
1 82 2 3 1 97 2
0 95 0 92 1 32 3
1 75 1 6 3 54 3
0 17 3 97 3 76 1
0 48 3 35 3 22 3
0 83 0 56 3 54 2
0 37 3 9 3 1 1
1 84 2 93 3 75 1
0 71 0 91 1 48 2
1 70 2 44 3 42 1
1 11 3 62 3 10 1
0 6 1 14 0 59 2
0 33 2 5 1 25 3
1 47 3 73 1 98 1
0 52 3 74 0 42 2
0 14 0 82 1 35 3
1 0 2 99 0 12 3
1 82 1 64 3 45 1
0 92 2 81 0 40 0
0 55 0 11 0 4 1
0 56 1 25 3 84 1
1 61 3 61 0 49 2
0 82 1 18 2 96 1
0 51 2 67 2 55 2
0 57 0 39 1 57 1
1 44 1 6 1 55 3
1 99 2 70 3 53 1
0 80 1 21 3 14 2
0 30 1 59 3 12 3
1 63 1 14 2 17 1
0 18 2 20 3 41 1
1 20 0 56 0 1 0
1 2 2 21 3 38 0
0 2 1 92 3 64 0
0 9 2 84 3 24 2
0 86 2 42 2 0 0
1 25 2 49 1 81 3
0 73 0 69 3 19 0
0 38 0 14 1 77 3
0 77 1 40 0 63 2
0 38 2 68 2 61 2
0 61 3 36 1 24 2
0 31 3 29 2 81 0
0 29 2 36 3 4 1
0 52 1 70 3 9 2
0 82 0 50 1 29 1
0 2 0 60 0 77 0
1 47 1 22 1 91 0
1 90 3 10 2 52 1
1 50 1 22 0 29 2
1 21 1 55 0 78 1
0 1 3 3 0 59 0
0 63 1 36 2 89 2
0 78 1 86 3 20 0
0 13 3 87 0 14 1
1 63 0 87 1 41 0
1 98 1 40 0 44 3
1 48 0 18 1 24 3
1 97 3 12 0 86 0
0 19 1 82 3 14 1
0 78 1 56 0 38 2
0 72 0 85 3 5 3
1 65 2 78 2 6 1
1 91 0 36 0 37 1
0 91 2 53 2 4 3
0 38 1 81 2 99 0
0 22 2 34 1 25 0
1 7 2 7 1 48 3
0 24 3 14 1 3 3
0 65 1 6 3 26 0
1 55 2 82 3 45 1
1 43 2 81 0 93 3
1 33 0 62 1 67 1
0 21 1 63 2 89 0
0 91 2 53 2 4 3
0 38 1 81 2 99 0
0 22 2 34 1 25 0
1 7 2 7 1 48 3
0 24 3 14 1 3 3
0 65 1 6 3 26 0
1 55 2 82 3 45 1
1 43 2 81 0 93 3
1 33 0 62 1 67 1
0 21 1 63 2 89 0
0 81 2 84 2 8 0
0 30 3 53 1 7 3
0 87 2 9 0 12 2
1 72 2 0 1 9 2
1 97 3 79 2 30 2
1 11 3 43 3 42 3
1 74 0 12 2 96 0
0 38 2 71 1 71 2
0 98 1 48 2 65 0
1 91 3 15 0 97 2
1 33 3 60 3 83 1
0 58 3 49 2 28 1
0 83 1 17 2 94 0
0 91 3 9 1 95 0
1 10 1 75 0 90 3
0 34 1 89 3 66 2
1 3 3 95 3 8 3
1 16 3 93 1 39 1
1 63 0 37 3 70 1
0 68 3 17 1 68 3
0 45 1 87 0 29 2
1 3 3 20 0 36 2
1 88 3 21 1 33 1
1 94 0 31 2 94 3
1 91 0 73 2 69 0
1 22 3 62 2 48 3
0 89 2 34 3 11 1
0 13 1 21 2 45 1
1 33 2 59 3 52 3
1 35 1 22 1 56 0
1 27 2 11 1 33 2
1 52 3 91 1 96 2
0 78 1 16 1 73 3
0 67 2 48 2 75 3
0 38 1 17 0 6 1
0 54 1 8 1 28 3
0 22 3 77 3 22 1
1 73 2 98 0 33 3
0 25 2 68 1 32 3
0 62 3 69 2 65 0
0 91 2 53 2 4 3
0 38 1 81 2 99 0
0 22 2 34 1 25 0
1 7 2 7 1 48 3
0 24 3 14 1 3 3
0 65 1 6 3 26 0
1 55 2 82 3 45 1
1 43 2 81 0 93 3
1 33 0 62 1 67 1
0 21 1 63 2 89 0
0 47 2 31 3 58 1
1 72 2 46 1 19 3
0 5 1 45 2 33 0
0 34 0 61 3 64 3
1 93 1 10 2 31 2
1 98 0 83 2 33 2
0 91 2 37 0 86 3
1 19 0 30 2 51 1
1 79 3 65 1 17 2
1 22 1 5 0 44 1
0 76 2 9 2 23 2
0 32 2 44 2 43 0
0 44 3 95 1 28 2
1 12 1 82 0 32 1
1 30 1 69 1 28 3
0 76 1 10 0 73 2
0 62 1 41 1 52 3
0 23 0 70 0 17 2
0 12 1 54 0 47 1
1 77 1 60 3 76 2
0 97 3 12 2 35 1
1 24 3 70 3 17 0
1 5 2 4 1 11 3
1 2 1 84 1 49 0
1 42 3 85 3 74 0
0 17 2 92 2 53 1
1 85 0 0 0 40 1
1 37 2 12 2 20 3
0 29 1 92 2 89 0
1 72 0 81 0 89 3
0 91 2 53 2 4 3
0 38 1 81 2 99 0
0 22 2 34 1 25 0
1 7 2 7 1 48 3
0 24 3 14 1 3 3
0 65 1 6 3 26 0
1 55 2 82 3 45 1
1 43 2 81 0 93 3
1 33 0 62 1 67 1
0 21 1 63 2 89 0
0 91 2 53 2 4 3
0 38 1 81 2 99 0
0 22 2 34 1 25 0
1 7 2 7 1 48 3
0 24 3 14 1 3 3
0 65 1 6 3 26 0
1 55 2 82 3 45 1
1 43 2 81 0 93 3
1 33 0 62 1 67 1
0 21 1 63 2 89 0
0 56 2 10 3 24 2
1 53 2 16 3 98 0
0 97 0 94 3 40 0
1 32 0 33 3 73 3
1 0 0 22 2 85 2
1 21 1 96 3 15 2
1 15 1 5 3 90 2
0 27 2 95 3 65 2
0 37 3 31 1 28 0
0 85 3 20 0 94 3
1 6 2 44 3 17 2
0 34 0 28 3 6 3
1 51 3 4 0 97 2
0 56 3 23 1 3 2
0 41 3 35 1 65 1
1 50 3 76 2 66 1
1 39 1 47 3 64 0
0 51 0 42 2 96 2
0 81 3 92 3 9 0
1 52 0 85 0 50 2
0 29 1 71 2 91 2
1 88 2 94 0 82 1
0 36 1 88 3 47 1
1 47 0 96 1 18 3
0 17 2 45 1 48 2
0 46 3 74 2 57 2
1 73 2 40 2 15 1
1 64 3 42 2 22 1
0 12 1 1 3 60 0
0 48 1 45 0 26 3
0 86 2 31 1 19 2
0 82 3 61 2 91 0
0 2 0 10 3 1 0
1 56 2 59 3 17 3
0 16 0 56 0 17 2
1 83 0 19 2 78 0
1 29 0 56 0 45 1
1 38 3 31 2 62 2
0 21 3 91 1 57 0
0 34 2 57 0 93 1
0 52 0 49 3 9 3
1 25 2 5 3 69 2
1 92 1 5 1 16 2
1 90 0 67 2 59 3
1 33 2 42 2 93 3
0 65 3 80 0 40 2
0 88 3 11 0 73 0
1 91 0 71 2 73 1
1 59 3 42 3 3 0
1 1 0 75 3 67 1
1 77 2 55 3 63 0
0 27 3 20 1 98 1
0 68 3 72 1 49 1
0 14 3 38 3 80 1
1 91 0 18 0 71 3
0 40 2 93 0 34 0
1 22 3 26 2 50 2
0 96 3 87 1 36 0
0 55 3 72 1 44 2
0 44 0 26 1 96 3
0 0 1 85 2 90 0
0 72 3 23 3 93 2
0 93 1 62 3 55 0
0 12 1 34 2 65 2
1 83 0 3 2 58 1
0 55 0 15 3 23 0
1 23 1 17 0 95 2
1 49 3 56 2 20 0
1 65 1 58 0 25 2
0 34 1 84 3 89 0
0 83 0 79 0 77 0
0 71 1 75 2 3 3
0 21 1 15 1 15 2
0 70 3 60 0 69 1
1 36 0 91 3 64 3
0 88 1 77 3 97 1
1 0 1 99 0 22 3
1 38 1 86 0 56 2
1 36 0 27 3 0 3
1 44 1 55 1 5 3
0 91 2 53 2 4 3
0 38 1 81 2 99 0
0 22 2 34 1 25 0
1 7 2 7 1 48 3
0 24 3 14 1 3 3
0 65 1 6 3 26 0
1 55 2 82 3 45 1
1 43 2 81 0 93 3
1 33 0 62 1 67 1
0 21 1 63 2 89 0
0 47 3 76 3 71 0
0 78 1 19 0 88 2
1 30 3 65 0 8 3
0 18 1 99 3 79 0
1 18 1 34 2 11 3
1 10 0 58 1 57 2
1 70 3 98 3 9 2
0 7 2 45 2 29 1
1 92 3 75 0 55 3
1 71 0 50 2 61 2
1 28 1 18 0 4 0
0 41 2 79 3 57 3
0 88 1 68 0 64 0
1 53 3 43 2 6 0
1 21 3 49 3 91 1
0 39 0 15 1 53 1
0 59 2 99 0 47 1
0 41 2 58 3 11 3
0 59 0 53 2 51 1
0 6 1 6 0 50 0
0 91 2 53 2 4 3
0 38 1 81 2 99 0
0 22 2 34 1 25 0
1 7 2 7 1 48 3
0 24 3 14 1 3 3
0 65 1 6 3 26 0
1 55 2 82 3 45 1
1 43 2 81 0 93 3
1 33 0 62 1 67 1
0 21 1 63 2 89 0
1 79 3 34 1 83 2
1 40 3 96 0 55 3
1 13 3 46 0 78 1
1 58 0 75 0 65 0
1 3 3 61 0 64 3
0 61 0 25 3 49 1
0 51 2 98 1 7 0
0 66 2 43 0 54 0
0 91 3 98 1 76 0
0 48 1 29 1 56 1
0 91 2 53 2 4 3
0 38 1 81 2 99 0
0 22 2 34 1 25 0
1 7 2 7 1 48 3
0 24 3 14 1 3 3
0 65 1 6 3 26 0
1 55 2 82 3 45 1
1 43 2 81 0 93 3
1 33 0 62 1 67 1
0 21 1 63 2 89 0
1 79 0 8 0 54 1
1 18 3 7 1 30 1
1 70 1 43 0 52 2
0 47 3 87 1 12 1
1 71 2 6 0 70 0
0 72 1 17 2 76 3
0 58 1 49 1 41 2
0 24 2 65 2 78 1
1 84 3 17 3 15 3
1 84 0 55 2 76 0
1 44 3 23 2 90 1
1 64 3 51 1 64 1
0 52 2 93 3 80 3
0 55 1 81 1 80 0
1 12 0 86 2 64 0
1 54 2 83 3 29 2
1 16 0 53 3 73 2
1 65 1 12 2 49 1
1 39 2 76 0 53 0
1 83 2 1 3 31 0
0 91 2 53 2 4 3
0 38 1 81 2 99 0
0 22 2 34 1 25 0
1 7 2 7 1 48 3
0 24 3 14 1 3 3
0 65 1 6 3 26 0
1 55 2 82 3 45 1
1 43 2 81 0 93 3
1 33 0 62 1 67 1
0 21 1 63 2 89 0
0 91 2 53 2 4 3
0 38 1 81 2 99 0
0 22 2 34 1 25 0
1 7 2 7 1 48 3
0 24 3 14 1 3 3
0 65 1 6 3 26 0
1 55 2 82 3 45 1
1 43 2 81 0 93 3
1 33 0 62 1 67 1
0 21 1 63 2 89 0
1 84 1 21 2 33 2
1 46 2 66 0 16 3
1 31 2 66 3 57 3
0 53 2 88 3 97 3
1 23 2 94 2 8 3
1 16 2 77 2 25 3
0 70 0 50 0 32 0
1 46 0 8 3 86 1
0 41 3 94 3 31 2
0 50 1 0 1 53 2
0 91 2 53 2 4 3
0 38 1 81 2 99 0
0 22 2 34 1 25 0
1 7 2 7 1 48 3
0 24 3 14 1 3 3
0 65 1 6 3 26 0
1 55 2 82 3 45 1
1 43 2 81 0 93 3
1 33 0 62 1 67 1
0 21 1 63 2 89 0
1 71 0 56 1 24 1
1 54 0 45 3 91 3
1 75 3 13 0 23 3
1 15 3 32 0 97 0
1 41 1 4 1 56 0
1 44 3 55 2 18 3
1 90 3 6 2 50 0
0 20 0 10 3 37 1
0 36 1 33 1 13 0
1 30 0 55 2 47 1
0 83 3 26 0 98 1
0 8 3 24 1 65 2
0 5 0 4 1 80 0
1 10 2 14 1 2 0
0 70 2 21 2 29 2
0 98 1 50 2 76 0
1 69 1 31 3 45 3
1 67 2 36 0 29 3
1 84 3 62 2 38 2
1 0 3 26 1 59 1
1 6 0 79 2 82 2
0 52 0 20 3 23 0
1 78 3 52 0 25 3
1 73 2 79 0 66 3
0 49 2 99 3 31 3
1 89 1 26 1 86 1
0 64 1 57 0 34 3
0 27 2 22 1 85 2
0 7 1 87 0 89 3
1 44 0 13 1 51 1
1 62 1 96 1 90 0
0 11 0 50 0 57 1
1 35 1 37 2 80 2
0 9 1 54 1 47 1
0 53 1 58 3 18 0
1 9 0 57 2 4 0
1 51 3 27 3 29 0
1 12 0 35 2 43 3
1 57 0 38 2 47 2
1 80 2 91 1 10 3
0 89 3 85 3 17 0
0 53 2 4 0 75 2
0 17 0 5 2 54 1
0 9 1 3 1 5 3
1 79 0 88 0 12 0
1 82 0 27 3 87 3
0 83 2 10 2 37 1
0 39 1 75 2 59 1
1 18 2 11 0 80 3
1 73 1 15 2 15 3
0 78 0 86 0 70 2
1 78 1 81 2 74 2
1 57 0 59 3 13 3
0 97 3 60 2 53 2
0 41 2 27 0 79 1
0 44 1 23 2 80 2
0 18 3 57 1 95 1
1 87 0 64 2 39 0
1 53 1 27 3 45 1
1 8 3 45 0 60 3
0 41 3 44 0 37 2
0 51 2 80 2 98 2
1 53 2 31 3 8 3
1 37 0 73 3 92 2
1 71 0 29 1 3 3
1 56 0 24 0 88 2
0 13 1 56 2 4 0
1 71 1 99 2 68 0
1 36 3 12 1 71 0
1 36 2 68 3 82 1
0 91 2 53 2 4 3
0 38 1 81 2 99 0
0 22 2 34 1 25 0
1 7 2 7 1 48 3
0 24 3 14 1 3 3
0 65 1 6 3 26 0
1 55 2 82 3 45 1
1 43 2 81 0 93 3
1 33 0 62 1 67 1
0 21 1 63 2 89 0
1 65 0 17 0 35 3
0 79 3 12 1 75 2
1 84 1 27 3 16 1
0 16 0 72 1 14 1
0 75 1 26 0 31 2
1 88 0 73 1 52 2
0 55 1 84 0 98 1
1 63 2 46 3 90 3
0 75 2 41 1 96 2
1 52 3 91 2 0 0
0 11 1 89 1 80 3
0 76 3 79 0 2 3
0 45 1 7 1 13 2
0 37 2 20 2 66 1
0 66 3 6 3 39 3
1 38 3 27 2 10 3
0 56 0 1 2 18 2
0 29 2 22 1 6 1
0 53 1 88 0 55 0
1 47 0 36 2 44 0
0 82 2 91 0 50 0
1 76 2 36 3 78 3
1 44 0 61 1 4 3
1 68 1 77 0 11 2
0 12 2 3 2 83 3
1 68 1 90 1 49 1
0 31 2 36 1 94 0
1 28 1 71 1 51 2
1 59 3 82 3 65 1
1 68 1 70 0 49 2
0 40 2 98 1 80 3
1 7 2 60 3 85 2
1 62 1 40 0 88 2
1 29 3 96 2 12 0
0 49 1 29 0 23 1
0 61 3 67 1 90 0
0 13 3 94 0 60 1
0 78 1 1 1 43 1
0 24 1 99 0 14 3
1 10 2 56 1 40 3
0 86 1 73 0 40 2
0 34 1 4 1 43 0
1 65 0 46 1 73 3
0 39 2 67 0 83 2
1 43 3 28 1 22 1
0 80 0 52 1 22 3
1 87 3 74 1 94 2
1 70 0 94 1 8 2
1 64 2 74 2 68 2
1 50 2 5 1 20 0
0 63 1 60 1 95 2
0 59 0 92 0 64 1
1 11 3 33 1 74 1
0 9 3 40 3 86 2
0 5 2 86 3 44 1
0 7 2 76 3 0 3
0 53 2 97 0 10 3
1 88 2 25 3 52 1
0 60 3 86 0 71 1
0 17 1 63 2 80 2
0 62 0 4 0 69 1
1 38 1 33 0 96 0
0 24 2 62 3 82 0
1 58 3 53 3 92 1
1 11 3 14 2 15 0
0 58 2 44 0 98 2
0 77 2 88 2 57 3
0 88 2 13 0 36 2
0 27 1 68 2 99 1
0 9 0 48 2 32 2
0 91 2 53 2 4 3
0 38 1 81 2 99 0
0 22 2 34 1 25 0
1 7 2 7 1 48 3
0 24 3 14 1 3 3
0 65 1 6 3 26 0
1 55 2 82 3 45 1
1 43 2 81 0 93 3
1 33 0 62 1 67 1
0 21 1 63 2 89 0
0 62 2 83 1 65 2
1 50 2 75 1 21 3
1 71 0 15 0 99 0
1 66 0 26 3 60 3
1 87 2 54 0 63 3
1 47 0 5 0 53 0
0 26 1 82 0 82 3
0 75 1 0 1 80 3
1 84 1 93 2 97 0
0 30 3 70 0 15 3
1 57 3 58 0 59 0
1 73 1 76 3 3 3
0 50 1 56 3 73 2
1 32 0 63 1 35 0
0 31 1 29 0 0 3
1 25 2 31 2 46 0
1 15 0 98 1 11 3
1 83 3 10 1 90 1
1 77 1 4 2 24 0
0 33 1 13 0 57 0
0 91 2 53 2 4 3
0 38 1 81 2 99 0
0 22 2 34 1 25 0
1 7 2 7 1 48 3
0 24 3 14 1 3 3
0 65 1 6 3 26 0
1 55 2 82 3 45 1
1 43 2 81 0 93 3
1 33 0 62 1 67 1
0 21 1 63 2 89 0
0 91 2 53 2 4 3
0 38 1 81 2 99 0
0 22 2 34 1 25 0
1 7 2 7 1 48 3
0 24 3 14 1 3 3
0 65 1 6 3 26 0
1 55 2 82 3 45 1
1 43 2 81 0 93 3
1 33 0 62 1 67 1
0 21 1 63 2 89 0
0 33 0 22 2 25 2
0 70 3 80 3 26 1
0 31 0 19 3 40 0
0 80 1 12 3 35 3
1 91 0 13 0 64 1
0 60 1 17 3 72 2
1 66 0 23 2 0 1
0 78 3 95 3 75 3
1 83 0 48 2 54 3
0 90 1 51 2 27 0
0 80 0 77 0 86 0
1 43 0 97 3 88 2
1 54 3 50 2 82 3
0 24 2 88 2 8 0
0 12 2 81 3 42 2
1 2 0 14 0 91 3
0 81 3 33 0 31 0
0 76 0 32 2 85 2
1 24 1 95 2 57 2
1 21 2 21 0 59 0
1 63 2 21 1 68 2
1 93 3 90 2 63 2
1 47 1 46 0 56 1
0 84 3 10 2 93 1
0 16 2 85 3 31 0
1 73 1 28 1 70 0
1 80 3 19 0 95 3
1 35 2 73 3 69 0
1 18 2 82 0 48 3
1 21 3 13 0 40 3
1 72 0 1 1 62 1
0 87 0 63 0 20 0
1 82 3 77 0 60 3
0 92 3 86 2 46 3
1 46 2 86 2 22 3
1 62 1 57 0 44 3
0 53 1 0 0 75 1
0 94 1 58 2 13 2
0 65 1 63 0 91 0
0 45 3 30 0 88 1
0 47 3 8 0 91 1
0 15 1 35 3 9 0
0 37 0 40 3 82 3
0 11 3 58 0 32 1
0 63 3 89 0 89 0
1 40 0 80 2 69 1
1 35 0 1 3 41 0
1 88 0 28 1 72 1
1 15 3 58 2 4 0
1 29 3 35 3 59 3
0 91 2 53 2 4 3
0 38 1 81 2 99 0
0 22 2 34 1 25 0
1 7 2 7 1 48 3
0 24 3 14 1 3 3
0 65 1 6 3 26 0
1 55 2 82 3 45 1
1 43 2 81 0 93 3
1 33 0 62 1 67 1
0 21 1 63 2 89 0
1 99 3 93 3 99 3
1 84 2 54 1 59 1
1 14 0 95 3 52 2
1 43 0 25 1 98 0
1 34 0 73 2 94 0
0 49 3 92 3 35 0
0 21 1 39 0 84 0
1 40 2 21 0 21 2
0 56 2 4 0 78 0
0 14 1 82 3 79 3
0 67 3 94 3 64 0
1 52 2 18 2 59 1
1 77 3 2 3 64 3
0 50 0 23 3 61 2
0 72 2 3 2 61 0
0 78 2 62 1 7 0
0 87 3 57 0 42 2
1 80 0 69 3 13 0
0 7 0 42 2 58 0
1 16 2 47 2 94 0
0 91 2 53 2 4 3
0 38 1 81 2 99 0
0 22 2 34 1 25 0
1 7 2 7 1 48 3
0 24 3 14 1 3 3
0 65 1 6 3 26 0
1 55 2 82 3 45 1
1 43 2 81 0 93 3
1 33 0 62 1 67 1
0 21 1 63 2 89 0
1 65 1 11 1 44 2
1 35 2 5 2 10 2
1 45 3 90 3 90 1
1 70 1 2 2 38 1
0 39 0 69 3 67 0
0 4 3 92 2 95 3
1 97 0 20 3 11 3
1 85 3 29 3 61 2
1 61 1 47 2 72 3
1 47 2 3 1 43 1
0 50 2 59 1 87 0
1 94 0 88 2 58 3
0 51 0 24 3 16 1
0 31 3 0 1 33 3
0 69 1 14 0 24 2
0 6 2 81 3 99 0
0 65 1 52 3 47 2
1 18 3 13 0 70 2
1 19 0 30 3 29 2
0 53 3 17 2 43 1
0 91 2 53 2 4 3
0 38 1 81 2 99 0
0 22 2 34 1 25 0
1 7 2 7 1 48 3
0 24 3 14 1 3 3
0 65 1 6 3 26 0
1 55 2 82 3 45 1
1 43 2 81 0 93 3
1 33 0 62 1 67 1
0 21 1 63 2 89 0
1 32 1 12 2 22 3
1 76 1 36 0 21 1
0 89 1 58 3 26 2
1 81 1 58 1 50 3
1 22 1 37 2 42 1
0 38 1 15 2 1 2
0 62 3 4 3 87 2
1 49 3 2 2 82 1
1 74 2 49 1 17 0
0 34 0 47 1 88 1
0 91 2 53 2 4 3
0 38 1 81 2 99 0
0 22 2 34 1 25 0
1 7 2 7 1 48 3
0 24 3 14 1 3 3
0 65 1 6 3 26 0
1 55 2 82 3 45 1
1 43 2 81 0 93 3
1 33 0 62 1 67 1
0 21 1 63 2 89 0
0 20 0 58 3 17 2
0 85 0 83 1 88 0
0 78 1 82 3 46 2
0 4 0 79 1 47 3
0 78 0 96 0 22 3
0 84 2 9 0 11 0
0 55 1 40 0 8 3
1 84 1 57 0 92 3
1 9 1 71 2 95 2
0 16 0 20 2 32 3
0 26 2 37 2 15 3
0 87 0 83 1 4 3
0 5 0 82 3 30 0
0 88 3 74 2 11 2
1 18 0 35 3 0 2
1 90 3 19 2 11 2
0 34 0 88 3 52 0
0 80 2 89 1 32 2
1 50 0 73 1 21 3
1 22 1 6 3 36 0
0 92 1 58 0 72 2
1 53 0 80 3 5 1
0 16 1 97 1 55 0
1 96 3 38 1 17 2
0 96 3 34 3 98 1
1 88 3 28 1 7 2
0 85 3 13 1 7 0
1 15 3 2 0 58 0
0 36 0 39 0 11 3
0 16 2 16 3 19 1
0 91 2 53 2 4 3
0 38 1 81 2 99 0
0 22 2 34 1 25 0
1 7 2 7 1 48 3
0 24 3 14 1 3 3
0 65 1 6 3 26 0
1 55 2 82 3 45 1
1 43 2 81 0 93 3
1 33 0 62 1 67 1
0 21 1 63 2 89 0
0 95 0 37 0 83 1
0 20 3 40 1 56 0
1 76 3 39 2 52 3
0 69 0 36 0 22 2
0 36 0 44 0 26 1
1 61 1 56 2 9 0
0 9 2 55 2 96 3
1 44 2 86 1 96 3
0 32 2 94 3 59 3
0 10 1 65 2 93 2
0 29 2 70 2 85 3
0 68 0 34 3 53 1
0 54 3 69 1 81 3
0 27 3 86 3 24 3
1 33 1 64 0 27 1
0 51 1 97 2 17 1
0 71 2 98 1 94 2
1 58 3 22 2 10 2
1 35 0 91 0 33 2
1 69 0 53 3 54 3
0 75 0 42 2 29 2
1 40 2 10 0 7 2
1 88 3 6 2 31 0
0 8 2 18 2 46 2
1 51 2 49 1 89 2
0 82 3 10 2 72 2
1 72 1 85 0 72 1
0 92 0 59 0 46 1
1 35 0 83 3 44 0
0 94 1 90 1 81 3
1 43 0 54 0 15 1
0 12 0 66 0 37 1
1 5 0 57 3 96 3
0 66 2 27 3 56 3
1 35 0 46 0 92 3
1 14 1 73 3 81 3
1 22 0 38 2 49 2
0 56 0 14 0 62 1
0 67 1 43 2 70 1
-1 40 3 75 3 5 0
