1 183 1 396 1 203 0
1 280 3 448 3 294 3
1 44 1 468 0 321 0
1 262 0 15 2 456 2
0 424 1 191 2 261 0
0 48 3 468 2 172 2
1 409 1 439 0 198 1
1 374 2 483 2 46 2
0 166 1 460 1 164 1
1 76 2 116 0 38 2
1 115 0 390 0 393 1
0 247 2 48 0 185 2
0 224 2 316 1 339 0
1 190 1 236 1 416 2
0 329 3 304 3 199 0
1 485 1 145 3 345 0
0 368 0 229 3 129 1
0 146 1 13 0 196 3
1 21 3 352 0 96 2
1 235 0 368 0 273 3
1 183 1 396 1 203 0
1 280 3 448 3 294 3
1 44 1 468 0 321 0
1 262 0 15 2 456 2
0 424 1 191 2 261 0
0 48 3 468 2 172 2
1 409 1 439 0 198 1
1 374 2 483 2 46 2
0 166 1 460 1 164 1
1 76 2 116 0 38 2
1 363 3 89 2 294 0
1 11 2 388 0 275 3
1 489 3 136 1 59 3
1 160 3 121 0 80 1
0 41 3 398 1 469 0
1 346 3 123 1 357 3
1 214 0 46 3 503 2
1 99 0 88 0 149 1
0 466 3 462 3 259 3
0 160 1 372 3 163 3
1 183 1 396 1 203 0
1 280 3 448 3 294 3
1 44 1 468 0 321 0
1 262 0 15 2 456 2
0 424 1 191 2 261 0
0 48 3 468 2 172 2
1 409 1 439 0 198 1
1 374 2 483 2 46 2
0 166 1 460 1 164 1
1 76 2 116 0 38 2
1 183 1 396 1 203 0
1 280 3 448 3 294 3
1 44 1 468 0 321 0
1 262 0 15 2 456 2
0 424 1 191 2 261 0
0 48 3 468 2 172 2
1 409 1 439 0 198 1
1 374 2 483 2 46 2
0 166 1 460 1 164 1
1 76 2 116 0 38 2
1 29 3 123 3 212 0
1 115 2 443 0 323 2
0 42 3 226 1 407 3
1 295 2 353 3 452 2
1 153 3 1 0 480 3
0 339 2 388 1 450 3
0 413 0 122 1 434 0
0 476 3 8 0 262 1
0 365 0 460 2 102 0
0 92 3 78 2 215 0
1 183 1 396 1 203 0
1 280 3 448 3 294 3
1 44 1 468 0 321 0
1 262 0 15 2 456 2
0 424 1 191 2 261 0
0 48 3 468 2 172 2
1 409 1 439 0 198 1
1 374 2 483 2 46 2
0 166 1 460 1 164 1
1 76 2 116 0 38 2
0 142 3 480 2 448 3
1 273 1 406 1 110 3
0 234 1 429 1 148 2
0 420 0 291 1 325 0
0 220 1 478 0 447 2
1 369 0 386 1 386 2
0 451 2 195 2 107 3
1 271 0 380 2 421 1
0 438 3 237 1 207 1
1 68 1 164 3 69 1
0 116 0 74 3 236 1
0 179 0 122 2 387 1
1 417 2 415 3 251 0
1 228 1 150 3 371 3
0 239 1 168 1 384 1
1 113 0 355 1 441 2
0 200 1 335 3 326 2
0 384 2 74 3 510 2
0 137 2 181 2 425 2
1 209 3 351 2 16 3
1 183 1 396 1 203 0
1 280 3 448 3 294 3
1 44 1 468 0 321 0
1 262 0 15 2 456 2
0 424 1 191 2 261 0
0 48 3 468 2 172 2
1 409 1 439 0 198 1
1 374 2 483 2 46 2
0 166 1 460 1 164 1
1 76 2 116 0 38 2
0 387 1 263 2 506 1
0 272 1 493 3 458 3
1 37 0 331 3 232 1
1 287 0 116 3 21 0
0 298 0 178 3 301 2
1 152 0 508 3 421 1
0 160 2 271 3 238 0
0 196 2 448 1 314 0
1 283 1 131 2 404 3
1 418 2 420 2 138 3
1 380 0 126 1 6 0
0 486 2 246 0 46 1
1 9 3 165 3 396 3
0 502 1 95 3 23 3
0 464 0 59 0 450 3
1 323 3 284 3 381 1
0 392 1 292 1 102 2
1 156 3 205 3 75 0
0 367 3 408 1 486 1
1 330 2 131 2 363 2
1 470 1 27 0 499 1
0 20 0 208 2 133 3
0 88 3 354 0 402 2
0 123 3 6 0 270 2
1 492 3 31 1 81 0
0 468 2 235 1 442 2
0 94 3 241 3 179 0
1 257 3 391 3 171 1
1 454 0 236 1 500 2
0 258 1 221 0 502 0
1 280 0 368 3 427 2
1 398 0 423 2 339 0
0 238 0 79 0 504 1
1 115 1 377 0 277 1
1 11 2 362 3 319 1
0 375 1 198 2 446 3
0 335 0 340 3 165 2
1 485 2 456 3 195 0
0 279 2 151 2 194 2
0 17 2 315 0 102 0
0 57 0 432 3 68 2
0 121 0 353 3 433 1
1 287 3 485 3 128 1
1 331 3 213 1 232 1
0 432 0 369 0 33 2
1 116 2 8 0 26 1
0 253 2 457 0 109 3
1 396 3 401 2 152 3
0 506 1 228 2 481 0
0 54 3 135 1 374 0
1 165 1 199 0 271 2
1 206 0 413 2 99 1
1 360 2 199 2 262 2
1 123 2 202 1 381 2
1 152 2 64 2 169 0
0 252 1 142 2 490 0
1 100 2 176 0 192 0
1 465 2 317 2 95 0
0 396 1 379 3 170 0
0 393 0 477 1 476 0
1 443 1 445 3 502 1
0 345 3 362 3 66 1
0 90 0 247 1 341 2
0 82 1 168 3 404 2
1 301 3 382 1 405 2
0 195 3 462 1 509 0
1 40 3 496 0 433 0
0 437 3 167 2 500 3
0 51 0 288 0 280 2
0 388 0 253 3 276 0
1 183 1 396 1 203 0
1 280 3 448 3 294 3
1 44 1 468 0 321 0
1 262 0 15 2 456 2
0 424 1 191 2 261 0
0 48 3 468 2 172 2
1 409 1 439 0 198 1
1 374 2 483 2 46 2
0 166 1 460 1 164 1
1 76 2 116 0 38 2
1 215 3 48 0 435 2
1 499 1 109 2 385 1
1 271 2 219 1 345 0
0 346 0 503 3 243 3
0 431 1 24 0 171 2
0 451 2 225 1 447 0
1 26 2 413 1 407 3
0 2 1 457 3 367 2
1 73 2 238 2 492 0
1 55 0 507 3 462 0
1 183 1 396 1 203 0
1 280 3 448 3 294 3
1 44 1 468 0 321 0
1 262 0 15 2 456 2
0 424 1 191 2 261 0
0 48 3 468 2 172 2
1 409 1 439 0 198 1
1 374 2 483 2 46 2
0 166 1 460 1 164 1
1 76 2 116 0 38 2
1 330 1 248 1 199 2
0 56 3 103 0 122 1
1 446 2 361 0 448 1
0 468 3 195 3 70 0
0 3 2 329 1 287 0
1 496 1 200 0 293 2
0 14 2 122 2 139 0
1 237 2 136 3 80 2
1 287 0 42 3 481 2
1 468 0 68 3 476 3
1 467 3 94 1 62 1
1 320 0 349 0 6 1
0 320 3 283 0 357 2
0 510 2 299 0 477 0
1 39 3 481 0 511 1
1 211 0 474 2 13 3
1 341 2 108 0 362 0
0 502 0 167 0 506 1
0 210 1 500 0 22 2
0 17 0 16 2 113 0
1 183 1 396 1 203 0
1 280 3 448 3 294 3
1 44 1 468 0 321 0
1 262 0 15 2 456 2
0 424 1 191 2 261 0
0 48 3 468 2 172 2
1 409 1 439 0 198 1
1 374 2 483 2 46 2
0 166 1 460 1 164 1
1 76 2 116 0 38 2
0 363 3 110 0 414 2
1 494 1 467 3 145 1
1 184 0 371 1 27 0
0 289 2 461 0 192 2
0 439 2 218 0 107 2
1 317 2 28 2 200 0
1 131 0 303 2 350 0
1 134 3 18 3 362 2
0 480 2 129 1 5 2
0 26 2 216 0 269 2
1 183 1 396 1 203 0
1 280 3 448 3 294 3
1 44 1 468 0 321 0
1 262 0 15 2 456 2
0 424 1 191 2 261 0
0 48 3 468 2 172 2
1 409 1 439 0 198 1
1 374 2 483 2 46 2
0 166 1 460 1 164 1
1 76 2 116 0 38 2
1 183 1 396 1 203 0
1 280 3 448 3 294 3
1 44 1 468 0 321 0
1 262 0 15 2 456 2
0 424 1 191 2 261 0
0 48 3 468 2 172 2
1 409 1 439 0 198 1
1 374 2 483 2 46 2
0 166 1 460 1 164 1
1 76 2 116 0 38 2
1 397 2 67 1 407 0
1 253 3 466 2 88 3
1 145 1 310 3 433 2
0 155 0 37 1 206 3
1 272 0 149 0 464 3
1 147 1 493 1 203 1
0 319 2 505 2 343 1
0 237 2 260 3 373 2
0 401 3 427 2 399 2
0 262 3 109 0 119 0
1 183 1 396 1 203 0
1 280 3 448 3 294 3
1 44 1 468 0 321 0
1 262 0 15 2 456 2
0 424 1 191 2 261 0
0 48 3 468 2 172 2
1 409 1 439 0 198 1
1 374 2 483 2 46 2
0 166 1 460 1 164 1
1 76 2 116 0 38 2
1 183 1 396 1 203 0
1 280 3 448 3 294 3
1 44 1 468 0 321 0
1 262 0 15 2 456 2
0 424 1 191 2 261 0
0 48 3 468 2 172 2
1 409 1 439 0 198 1
1 374 2 483 2 46 2
0 166 1 460 1 164 1
1 76 2 116 0 38 2
1 183 1 396 1 203 0
1 280 3 448 3 294 3
1 44 1 468 0 321 0
1 262 0 15 2 456 2
0 424 1 191 2 261 0
0 48 3 468 2 172 2
1 409 1 439 0 198 1
1 374 2 483 2 46 2
0 166 1 460 1 164 1
1 76 2 116 0 38 2
1 56 0 357 3 331 0
0 213 1 183 2 167 0
1 137 0 433 2 71 3
1 350 1 255 3 481 2
0 237 2 92 2 89 1
0 103 2 343 3 446 2
1 86 1 199 0 257 0
1 203 0 180 2 502 2
0 129 1 241 3 15 0
1 5 3 441 0 132 3
0 98 2 143 1 71 3
0 193 2 249 3 236 2
1 146 2 406 1 334 3
0 411 1 131 3 305 2
1 403 3 503 1 81 0
0 83 3 469 2 93 3
1 70 0 135 0 276 2
1 282 0 138 0 424 0
1 242 2 324 3 371 3
1 205 3 354 3 162 3
1 183 1 396 1 203 0
1 280 3 448 3 294 3
1 44 1 468 0 321 0
1 262 0 15 2 456 2
0 424 1 191 2 261 0
0 48 3 468 2 172 2
1 409 1 439 0 198 1
1 374 2 483 2 46 2
0 166 1 460 1 164 1
1 76 2 116 0 38 2
0 410 3 374 1 387 3
1 51 0 111 3 494 0
0 159 0 96 1 199 0
1 405 2 142 2 365 3
0 231 2 376 3 310 3
0 341 2 378 2 491 3
0 244 0 357 0 278 0
0 323 0 275 3 426 3
0 181 1 303 1 198 3
0 488 0 438 2 101 2
1 183 1 396 1 203 0
1 280 3 448 3 294 3
1 44 1 468 0 321 0
1 262 0 15 2 456 2
0 424 1 191 2 261 0
0 48 3 468 2 172 2
1 409 1 439 0 198 1
1 374 2 483 2 46 2
0 166 1 460 1 164 1
1 76 2 116 0 38 2
1 183 1 396 1 203 0
1 280 3 448 3 294 3
1 44 1 468 0 321 0
1 262 0 15 2 456 2
0 424 1 191 2 261 0
0 48 3 468 2 172 2
1 409 1 439 0 198 1
1 374 2 483 2 46 2
0 166 1 460 1 164 1
1 76 2 116 0 38 2
1 183 1 396 1 203 0
1 280 3 448 3 294 3
1 44 1 468 0 321 0
1 262 0 15 2 456 2
0 424 1 191 2 261 0
0 48 3 468 2 172 2
1 409 1 439 0 198 1
1 374 2 483 2 46 2
0 166 1 460 1 164 1
1 76 2 116 0 38 2
0 505 1 361 1 13 2
0 511 2 180 0 152 2
1 453 3 313 1 151 2
0 459 1 334 1 313 2
1 264 2 396 1 414 1
1 283 0 442 0 35 2
0 345 3 218 3 232 3
0 13 0 295 0 220 3
1 193 2 64 2 435 3
1 498 0 175 0 133 3
0 455 1 229 0 27 0
0 232 2 190 1 274 3
0 305 0 217 3 26 2
1 511 3 346 0 285 1
1 318 3 240 0 321 0
1 259 1 324 3 238 0
1 62 2 341 1 173 2
0 65 3 251 3 143 0
1 215 1 184 0 234 2
1 488 3 504 1 10 0
0 86 1 108 2 449 3
1 463 0 455 3 29 0
1 479 1 466 1 43 3
1 452 0 453 0 264 1
0 344 1 476 2 210 0
0 439 2 423 0 69 2
1 355 2 404 3 495 2
1 94 0 29 1 329 1
0 451 2 238 1 364 0
1 29 2 45 2 156 1
0 509 0 323 2 131 1
1 347 1 277 2 492 3
0 30 0 333 0 93 0
1 145 0 471 0 234 0
0 478 0 127 3 349 2
0 432 3 193 2 10 3
0 167 3 8 2 281 1
1 432 2 136 3 390 0
1 285 1 491 0 301 3
0 103 0 465 3 48 2
1 183 1 396 1 203 0
1 280 3 448 3 294 3
1 44 1 468 0 321 0
1 262 0 15 2 456 2
0 424 1 191 2 261 0
0 48 3 468 2 172 2
1 409 1 439 0 198 1
1 374 2 483 2 46 2
0 166 1 460 1 164 1
1 76 2 116 0 38 2
1 183 1 396 1 203 0
1 280 3 448 3 294 3
1 44 1 468 0 321 0
1 262 0 15 2 456 2
0 424 1 191 2 261 0
0 48 3 468 2 172 2
1 409 1 439 0 198 1
1 374 2 483 2 46 2
0 166 1 460 1 164 1
1 76 2 116 0 38 2
0 319 1 229 1 365 2
0 510 2 323 0 244 1
1 63 1 32 0 39 3
1 151 1 365 3 286 1
1 405 0 488 0 360 1
0 3 1 298 2 189 2
0 263 1 212 0 143 1
0 158 1 78 0 446 3
1 403 2 292 0 391 2
1 420 2 440 3 399 1
1 183 1 396 1 203 0
1 280 3 448 3 294 3
1 44 1 468 0 321 0
1 262 0 15 2 456 2
0 424 1 191 2 261 0
0 48 3 468 2 172 2
1 409 1 439 0 198 1
1 374 2 483 2 46 2
0 166 1 460 1 164 1
1 76 2 116 0 38 2
1 183 1 396 1 203 0
1 280 3 448 3 294 3
1 44 1 468 0 321 0
1 262 0 15 2 456 2
0 424 1 191 2 261 0
0 48 3 468 2 172 2
1 409 1 439 0 198 1
1 374 2 483 2 46 2
0 166 1 460 1 164 1
1 76 2 116 0 38 2
1 383 3 71 2 389 1
0 161 2 287 1 104 0
1 6 3 194 0 288 0
0 196 3 59 0 149 3
0 327 1 239 1 18 1
1 70 1 19 3 340 0
1 401 1 335 1 273 0
0 284 0 148 3 25 3
0 286 0 356 1 116 2
1 432 3 454 0 96 0
1 183 1 396 1 203 0
1 280 3 448 3 294 3
1 44 1 468 0 321 0
1 262 0 15 2 456 2
0 424 1 191 2 261 0
0 48 3 468 2 172 2
1 409 1 439 0 198 1
1 374 2 483 2 46 2
0 166 1 460 1 164 1
1 76 2 116 0 38 2
1 183 1 396 1 203 0
1 280 3 448 3 294 3
1 44 1 468 0 321 0
1 262 0 15 2 456 2
0 424 1 191 2 261 0
0 48 3 468 2 172 2
1 409 1 439 0 198 1
1 374 2 483 2 46 2
0 166 1 460 1 164 1
1 76 2 116 0 38 2
1 183 1 396 1 203 0
1 280 3 448 3 294 3
1 44 1 468 0 321 0
1 262 0 15 2 456 2
0 424 1 191 2 261 0
0 48 3 468 2 172 2
1 409 1 439 0 198 1
1 374 2 483 2 46 2
0 166 1 460 1 164 1
1 76 2 116 0 38 2
1 183 1 396 1 203 0
1 280 3 448 3 294 3
1 44 1 468 0 321 0
1 262 0 15 2 456 2
0 424 1 191 2 261 0
0 48 3 468 2 172 2
1 409 1 439 0 198 1
1 374 2 483 2 46 2
0 166 1 460 1 164 1
1 76 2 116 0 38 2
0 468 2 74 1 169 3
1 344 1 306 1 344 1
0 174 1 142 1 423 3
1 444 1 345 1 3 1
0 216 3 238 2 215 3
0 371 2 76 3 421 2
1 157 3 13 1 308 2
1 378 3 456 3 402 3
0 190 0 317 2 401 1
0 84 1 95 1 193 2
1 183 1 396 1 203 0
1 280 3 448 3 294 3
1 44 1 468 0 321 0
1 262 0 15 2 456 2
0 424 1 191 2 261 0
0 48 3 468 2 172 2
1 409 1 439 0 198 1
1 374 2 483 2 46 2
0 166 1 460 1 164 1
1 76 2 116 0 38 2
1 209 0 233 1 318 1
1 239 1 143 0 178 3
1 424 0 333 1 392 1
0 169 1 488 1 122 2
1 258 1 123 2 202 2
0 265 1 383 2 30 0
1 488 1 215 2 10 2
0 259 2 99 1 387 3
1 390 1 411 3 79 3
1 227 0 474 0 410 2
1 183 1 396 1 203 0
1 280 3 448 3 294 3
1 44 1 468 0 321 0
1 262 0 15 2 456 2
0 424 1 191 2 261 0
0 48 3 468 2 172 2
1 409 1 439 0 198 1
1 374 2 483 2 46 2
0 166 1 460 1 164 1
1 76 2 116 0 38 2
1 183 1 396 1 203 0
1 280 3 448 3 294 3
1 44 1 468 0 321 0
1 262 0 15 2 456 2
0 424 1 191 2 261 0
0 48 3 468 2 172 2
1 409 1 439 0 198 1
1 374 2 483 2 46 2
0 166 1 460 1 164 1
1 76 2 116 0 38 2
1 183 1 396 1 203 0
1 280 3 448 3 294 3
1 44 1 468 0 321 0
1 262 0 15 2 456 2
0 424 1 191 2 261 0
0 48 3 468 2 172 2
1 409 1 439 0 198 1
1 374 2 483 2 46 2
0 166 1 460 1 164 1
1 76 2 116 0 38 2
1 183 1 396 1 203 0
1 280 3 448 3 294 3
1 44 1 468 0 321 0
1 262 0 15 2 456 2
0 424 1 191 2 261 0
0 48 3 468 2 172 2
1 409 1 439 0 198 1
1 374 2 483 2 46 2
0 166 1 460 1 164 1
1 76 2 116 0 38 2
0 104 3 253 3 311 3
0 307 3 131 0 403 2
1 89 1 11 0 126 0
0 59 3 181 0 312 3
0 346 1 92 0 104 2
1 229 1 436 1 194 1
1 108 2 35 1 339 2
1 305 0 143 1 458 2
1 289 0 338 1 220 0
1 379 2 206 0 32 2
1 303 1 191 2 348 3
1 321 2 46 1 167 1
1 382 0 145 3 165 0
0 300 0 27 1 406 2
1 97 2 358 1 329 2
1 387 1 186 1 163 3
1 255 0 485 3 467 0
0 349 2 140 3 257 1
0 23 0 188 1 437 1
1 34 2 284 3 72 3
1 183 1 396 1 203 0
1 280 3 448 3 294 3
1 44 1 468 0 321 0
1 262 0 15 2 456 2
0 424 1 191 2 261 0
0 48 3 468 2 172 2
1 409 1 439 0 198 1
1 374 2 483 2 46 2
0 166 1 460 1 164 1
1 76 2 116 0 38 2
1 165 0 322 0 479 2
1 63 2 56 2 141 3
0 267 1 298 1 308 2
0 283 3 153 3 346 3
0 468 1 17 3 346 3
0 426 1 22 0 80 1
0 296 2 460 0 157 3
1 55 2 170 2 395 0
1 129 1 188 1 470 2
0 313 0 251 0 296 1
1 83 1 411 3 409 1
1 75 3 31 1 122 1
0 407 0 120 1 21 2
0 423 0 470 3 214 0
1 379 0 220 3 364 2
0 431 2 373 2 243 2
0 426 2 338 2 113 0
0 361 1 298 0 346 3
0 483 0 200 1 4 0
0 508 1 115 0 354 2
0 479 2 125 2 396 3
1 141 2 461 2 402 3
0 175 3 381 2 320 1
0 267 2 268 2 408 0
1 283 3 219 0 312 1
1 466 3 224 1 271 0
0 174 3 37 3 130 1
1 298 1 369 0 449 2
0 363 1 457 3 425 3
0 264 2 271 1 311 3
1 103 0 356 1 119 0
1 160 0 373 1 166 2
0 436 1 48 0 218 3
1 170 2 267 1 417 3
0 102 3 8 2 294 1
1 100 0 294 1 288 2
1 412 1 457 2 60 2
1 186 2 324 0 429 2
0 456 3 492 0 55 1
0 26 3 168 0 221 2
0 440 2 176 3 166 0
1 220 2 235 3 354 1
0 261 0 302 1 390 3
0 334 1 341 1 86 1
0 502 3 300 2 121 3
1 439 1 39 3 397 1
1 253 2 402 3 489 3
0 501 0 20 3 16 0
0 78 0 445 2 19 3
0 392 2 407 1 279 3
0 71 0 53 0 61 1
0 33 3 247 1 275 1
0 421 2 359 1 119 2
1 8 2 265 2 423 2
0 181 1 374 1 183 1
0 260 3 24 1 169 0
1 258 0 62 2 58 0
1 385 2 377 2 377 3
1 300 2 289 3 105 1
0 295 0 437 0 344 1
0 244 2 51 3 177 0
1 299 0 77 3 126 1
1 418 2 222 2 275 2
1 492 1 393 3 290 2
0 323 1 30 3 345 2
1 204 0 463 3 181 2
0 376 2 218 2 301 2
1 66 1 366 0 251 3
1 214 0 268 3 391 0
0 399 0 235 2 457 1
1 507 1 180 3 49 0
1 168 0 305 2 395 2
0 484 1 458 2 81 2
0 37 0 43 3 491 1
0 309 2 170 1 302 1
0 100 3 437 2 294 2
1 95 2 178 2 188 2
0 27 0 496 2 498 2
0 249 2 261 3 394 0
0 4 1 332 0 265 2
1 183 1 396 1 203 0
1 280 3 448 3 294 3
1 44 1 468 0 321 0
1 262 0 15 2 456 2
0 424 1 191 2 261 0
0 48 3 468 2 172 2
1 409 1 439 0 198 1
1 374 2 483 2 46 2
0 166 1 460 1 164 1
1 76 2 116 0 38 2
1 183 1 396 1 203 0
1 280 3 448 3 294 3
1 44 1 468 0 321 0
1 262 0 15 2 456 2
0 424 1 191 2 261 0
0 48 3 468 2 172 2
1 409 1 439 0 198 1
1 374 2 483 2 46 2
0 166 1 460 1 164 1
1 76 2 116 0 38 2
0 158 1 437 1 38 3
0 123 2 498 1 177 3
1 45 1 450 3 23 1
0 278 2 337 1 470 3
1 74 1 169 1 247 1
1 422 0 506 0 408 3
0 90 0 130 2 90 2
0 292 0 266 1 339 1
0 394 3 469 0 388 2
1 113 0 478 3 143 3
0 371 1 180 1 23 0
1 500 3 446 3 351 1
1 114 1 187 2 323 3
0 126 2 190 1 271 3
0 483 2 0 0 289 3
1 253 3 18 0 53 0
0 170 2 293 0 54 1
0 477 3 382 3 130 0
0 218 3 247 2 352 1
0 45 1 169 2 484 3
1 183 1 396 1 203 0
1 280 3 448 3 294 3
1 44 1 468 0 321 0
1 262 0 15 2 456 2
0 424 1 191 2 261 0
0 48 3 468 2 172 2
1 409 1 439 0 198 1
1 374 2 483 2 46 2
0 166 1 460 1 164 1
1 76 2 116 0 38 2
1 347 1 114 0 145 2
0 484 3 131 1 476 2
1 216 2 506 1 291 1
1 473 3 508 1 271 0
1 351 2 291 2 174 2
1 331 2 178 0 122 3
1 122 0 105 3 424 0
1 5 1 374 3 225 3
1 425 2 161 2 308 3
1 395 2 423 0 60 0
0 388 1 13 1 489 3
0 214 0 468 3 84 3
1 498 2 337 2 387 0
1 377 0 306 0 222 1
1 48 3 198 2 426 2
0 84 0 187 2 164 3
0 421 3 218 2 98 0
0 286 2 23 3 156 2
0 182 3 121 3 192 1
0 357 1 411 2 270 0
1 183 1 396 1 203 0
1 280 3 448 3 294 3
1 44 1 468 0 321 0
1 262 0 15 2 456 2
0 424 1 191 2 261 0
0 48 3 468 2 172 2
1 409 1 439 0 198 1
1 374 2 483 2 46 2
0 166 1 460 1 164 1
1 76 2 116 0 38 2
0 269 0 182 2 236 2
0 218 3 6 1 6 0
0 284 0 308 1 164 0
0 7 1 452 3 461 2
0 190 1 248 1 440 0
0 442 3 217 2 288 2
0 320 1 420 3 56 0
1 205 1 455 0 86 3
1 321 2 348 3 72 1
1 278 1 270 2 446 1
0 291 1 441 2 472 3
0 412 2 16 1 211 2
0 259 2 149 3 180 3
0 366 0 388 2 287 2
1 376 0 408 2 420 3
0 423 2 193 2 223 2
0 128 1 466 1 407 1
1 134 0 122 1 200 2
1 109 1 193 3 13 3
1 168 2 208 3 385 1
1 183 1 396 1 203 0
1 280 3 448 3 294 3
1 44 1 468 0 321 0
1 262 0 15 2 456 2
0 424 1 191 2 261 0
0 48 3 468 2 172 2
1 409 1 439 0 198 1
1 374 2 483 2 46 2
0 166 1 460 1 164 1
1 76 2 116 0 38 2
1 183 1 396 1 203 0
1 280 3 448 3 294 3
1 44 1 468 0 321 0
1 262 0 15 2 456 2
0 424 1 191 2 261 0
0 48 3 468 2 172 2
1 409 1 439 0 198 1
1 374 2 483 2 46 2
0 166 1 460 1 164 1
1 76 2 116 0 38 2
1 172 3 146 1 58 1
0 192 3 452 2 163 1
1 184 2 386 3 158 3
0 353 2 100 1 106 0
0 418 3 170 2 256 1
1 442 3 80 1 88 3
1 230 3 155 1 269 2
0 339 2 109 2 115 2
0 400 0 147 1 18 3
0 41 2 217 0 492 0
1 183 1 396 1 203 0
1 280 3 448 3 294 3
1 44 1 468 0 321 0
1 262 0 15 2 456 2
0 424 1 191 2 261 0
0 48 3 468 2 172 2
1 409 1 439 0 198 1
1 374 2 483 2 46 2
0 166 1 460 1 164 1
1 76 2 116 0 38 2
1 183 1 396 1 203 0
1 280 3 448 3 294 3
1 44 1 468 0 321 0
1 262 0 15 2 456 2
0 424 1 191 2 261 0
0 48 3 468 2 172 2
1 409 1 439 0 198 1
1 374 2 483 2 46 2
0 166 1 460 1 164 1
1 76 2 116 0 38 2
0 224 2 307 2 130 0
1 446 3 386 0 337 1
1 482 3 505 1 75 2
1 245 3 491 0 408 2
1 447 1 251 2 295 1
1 473 3 0 3 155 3
0 174 1 130 2 102 2
1 406 2 279 3 235 0
0 465 2 161 3 496 3
1 82 1 353 3 511 0
1 183 1 396 1 203 0
1 280 3 448 3 294 3
1 44 1 468 0 321 0
1 262 0 15 2 456 2
0 424 1 191 2 261 0
0 48 3 468 2 172 2
1 409 1 439 0 198 1
1 374 2 483 2 46 2
0 166 1 460 1 164 1
1 76 2 116 0 38 2
1 183 1 396 1 203 0
1 280 3 448 3 294 3
1 44 1 468 0 321 0
1 262 0 15 2 456 2
0 424 1 191 2 261 0
0 48 3 468 2 172 2
1 409 1 439 0 198 1
1 374 2 483 2 46 2
0 166 1 460 1 164 1
1 76 2 116 0 38 2
1 96 2 220 1 103 2
0 429 1 376 0 291 1
1 236 0 119 2 172 3
1 8 0 218 3 192 3
0 423 1 10 3 327 1
1 487 1 358 0 201 3
0 242 3 356 2 77 3
1 8 1 312 3 116 3
0 415 1 240 1 227 3
1 14 2 377 3 140 1
1 183 1 396 1 203 0
1 280 3 448 3 294 3
1 44 1 468 0 321 0
1 262 0 15 2 456 2
0 424 1 191 2 261 0
0 48 3 468 2 172 2
1 409 1 439 0 198 1
1 374 2 483 2 46 2
0 166 1 460 1 164 1
1 76 2 116 0 38 2
1 165 1 12 0 372 3
0 199 3 508 0 252 3
0 64 1 28 3 39 1
1 113 3 193 0 352 3
0 173 1 60 2 321 1
0 158 2 437 3 451 1
1 262 0 471 3 374 0
0 119 1 68 1 471 0
1 231 3 152 3 89 1
0 395 3 413 3 59 3
1 183 1 396 1 203 0
1 280 3 448 3 294 3
1 44 1 468 0 321 0
1 262 0 15 2 456 2
0 424 1 191 2 261 0
0 48 3 468 2 172 2
1 409 1 439 0 198 1
1 374 2 483 2 46 2
0 166 1 460 1 164 1
1 76 2 116 0 38 2
0 482 0 108 1 349 1
0 126 3 441 2 190 3
1 497 1 136 0 56 1
1 38 2 120 3 406 3
0 97 3 184 0 378 0
1 249 2 387 3 252 2
1 243 2 96 2 184 1
0 481 0 170 3 449 0
1 284 2 242 3 423 2
0 202 1 496 3 168 3
1 183 1 396 1 203 0
1 280 3 448 3 294 3
1 44 1 468 0 321 0
1 262 0 15 2 456 2
0 424 1 191 2 261 0
0 48 3 468 2 172 2
1 409 1 439 0 198 1
1 374 2 483 2 46 2
0 166 1 460 1 164 1
1 76 2 116 0 38 2
1 183 1 396 1 203 0
1 280 3 448 3 294 3
1 44 1 468 0 321 0
1 262 0 15 2 456 2
0 424 1 191 2 261 0
0 48 3 468 2 172 2
1 409 1 439 0 198 1
1 374 2 483 2 46 2
0 166 1 460 1 164 1
1 76 2 116 0 38 2
0 431 1 462 3 482 2
1 133 3 407 1 422 2
0 351 1 445 1 362 0
0 221 3 436 0 361 1
0 204 0 137 1 501 2
1 234 0 63 2 163 2
1 285 3 364 1 417 2
0 262 3 416 0 18 2
0 95 1 312 0 437 3
1 245 1 282 2 326 1
1 183 1 396 1 203 0
1 280 3 448 3 294 3
1 44 1 468 0 321 0
1 262 0 15 2 456 2
0 424 1 191 2 261 0
0 48 3 468 2 172 2
1 409 1 439 0 198 1
1 374 2 483 2 46 2
0 166 1 460 1 164 1
1 76 2 116 0 38 2
1 183 1 396 1 203 0
1 280 3 448 3 294 3
1 44 1 468 0 321 0
1 262 0 15 2 456 2
0 424 1 191 2 261 0
0 48 3 468 2 172 2
1 409 1 439 0 198 1
1 374 2 483 2 46 2
0 166 1 460 1 164 1
1 76 2 116 0 38 2
1 183 1 396 1 203 0
1 280 3 448 3 294 3
1 44 1 468 0 321 0
1 262 0 15 2 456 2
0 424 1 191 2 261 0
0 48 3 468 2 172 2
1 409 1 439 0 198 1
1 374 2 483 2 46 2
0 166 1 460 1 164 1
1 76 2 116 0 38 2
1 183 1 396 1 203 0
1 280 3 448 3 294 3
1 44 1 468 0 321 0
1 262 0 15 2 456 2
0 424 1 191 2 261 0
0 48 3 468 2 172 2
1 409 1 439 0 198 1
1 374 2 483 2 46 2
0 166 1 460 1 164 1
-1 76 2 116 0 38 2
