1 87 3 83 0 49 2
1 17 1 56 3 13 2
1 0 3 72 3 40 2
1 99 2 89 1 30 1
0 23 0 81 2 11 3
0 51 2 12 3 51 0
0 2 1 40 1 24 2
1 3 3 77 3 15 2
0 56 2 77 3 85 2
0 4 3 1 3 49 3
0 37 1 86 1 76 0
1 21 2 29 1 38 1
1 66 3 93 2 73 1
0 79 0 21 3 46 0
0 47 1 3 3 73 0
1 96 2 58 2 65 2
1 73 2 51 2 7 1
0 61 3 38 2 34 0
1 47 1 87 1 73 3
1 99 1 69 3 32 1
0 65 1 9 1 0 2
1 97 0 30 1 65 0
1 87 3 20 3 72 1
0 5 1 93 3 20 2
0 50 1 56 2 22 3
1 68 3 87 3 89 1
0 82 1 14 0 51 2
0 7 2 1 0 36 0
1 66 2 0 2 42 0
0 82 1 16 2 18 1
1 52 3 59 3 35 3
1 79 0 93 2 67 1
1 31 3 49 2 33 1
1 42 1 98 0 64 0
1 75 1 91 3 4 1
1 88 3 39 1 73 1
0 73 2 13 1 30 2
1 29 1 13 2 65 1
0 62 2 14 1 33 0
1 86 1 89 1 46 3
1 61 1 67 2 91 1
1 69 1 43 2 84 2
1 74 1 59 1 25 3
0 69 0 67 2 86 1
0 97 2 46 1 39 0
1 33 3 96 1 29 3
0 11 0 43 3 78 3
0 6 0 10 1 20 0
0 36 2 91 0 22 3
0 11 2 42 3 48 3
0 37 1 86 1 76 0
1 21 2 29 1 38 1
1 66 3 93 2 73 1
0 79 0 21 3 46 0
0 47 1 3 3 73 0
1 96 2 58 2 65 2
1 73 2 51 2 7 1
0 61 3 38 2 34 0
1 47 1 87 1 73 3
1 99 1 69 3 32 1
0 37 1 86 1 76 0
1 21 2 29 1 38 1
1 66 3 93 2 73 1
0 79 0 21 3 46 0
0 47 1 3 3 73 0
1 96 2 58 2 65 2
1 73 2 51 2 7 1
0 61 3 38 2 34 0
1 47 1 87 1 73 3
1 99 1 69 3 32 1
0 37 1 86 1 76 0
1 21 2 29 1 38 1
1 66 3 93 2 73 1
0 79 0 21 3 46 0
0 47 1 3 3 73 0
1 96 2 58 2 65 2
1 73 2 51 2 7 1
0 61 3 38 2 34 0
1 47 1 87 1 73 3
1 99 1 69 3 32 1
0 37 1 86 1 76 0
1 21 2 29 1 38 1
1 66 3 93 2 73 1
0 79 0 21 3 46 0
0 47 1 3 3 73 0
1 96 2 58 2 65 2
1 73 2 51 2 7 1
0 61 3 38 2 34 0
1 47 1 87 1 73 3
1 99 1 69 3 32 1
0 82 1 69 1 29 2
0 96 0 99 0 90 3
1 35 3 94 1 21 2
0 11 0 58 1 4 0
0 93 1 65 0 63 1
0 35 2 0 1 7 2
0 55 0 62 3 95 1
1 60 2 24 3 95 2
1 18 2 67 0 64 1
0 73 2 41 2 89 1
1 57 3 20 2 25 1
0 96 3 75 2 68 3
1 52 0 18 1 10 3
0 22 3 1 2 58 2
1 79 0 66 0 2 1
0 89 0 44 2 48 1
1 75 3 96 0 7 2
0 73 1 65 3 33 2
0 13 2 71 1 17 0
0 34 3 73 0 25 0
0 19 0 42 2 66 2
0 79 1 13 3 62 0
0 72 0 22 1 6 2
0 82 3 28 0 96 2
0 0 0 43 3 59 2
0 31 3 73 1 2 1
1 77 1 86 0 75 1
1 98 3 85 2 50 0
1 56 0 65 1 14 1
1 74 1 63 1 19 1
0 37 1 86 1 76 0
1 21 2 29 1 38 1
1 66 3 93 2 73 1
0 79 0 21 3 46 0
0 47 1 3 3 73 0
1 96 2 58 2 65 2
1 73 2 51 2 7 1
0 61 3 38 2 34 0
1 47 1 87 1 73 3
1 99 1 69 3 32 1
1 57 2 60 2 76 1
1 17 3 12 2 58 2
0 99 3 13 2 66 1
1 57 0 95 2 24 2
1 43 3 0 0 49 3
0 49 3 43 3 56 1
0 54 1 76 3 18 3
0 32 3 27 2 62 1
0 46 0 32 3 27 2
0 16 1 16 0 84 3
0 37 1 86 1 76 0
1 21 2 29 1 38 1
1 66 3 93 2 73 1
0 79 0 21 3 46 0
0 47 1 3 3 73 0
1 96 2 58 2 65 2
1 73 2 51 2 7 1
0 61 3 38 2 34 0
1 47 1 87 1 73 3
1 99 1 69 3 32 1
1 95 1 53 2 71 2
1 9 2 4 2 55 2
0 96 2 34 3 56 3
0 5 2 29 1 92 0
0 1 0 36 0 63 0
1 90 0 47 0 27 3
0 59 2 52 2 78 3
0 24 3 8 0 27 0
0 76 3 92 0 61 2
0 39 1 13 2 51 2
1 35 0 10 1 3 1
0 91 2 85 1 3 1
0 99 3 73 2 29 3
1 83 3 29 1 35 3
0 44 3 24 3 92 1
0 10 3 1 2 25 2
1 16 0 92 3 70 3
0 19 2 11 2 42 3
0 97 1 84 1 95 2
0 5 0 98 3 59 3
0 37 1 86 1 76 0
1 21 2 29 1 38 1
1 66 3 93 2 73 1
0 79 0 21 3 46 0
0 47 1 3 3 73 0
1 96 2 58 2 65 2
1 73 2 51 2 7 1
0 61 3 38 2 34 0
1 47 1 87 1 73 3
1 99 1 69 3 32 1
0 37 1 86 1 76 0
1 21 2 29 1 38 1
1 66 3 93 2 73 1
0 79 0 21 3 46 0
0 47 1 3 3 73 0
1 96 2 58 2 65 2
1 73 2 51 2 7 1
0 61 3 38 2 34 0
1 47 1 87 1 73 3
1 99 1 69 3 32 1
0 37 1 86 1 76 0
1 21 2 29 1 38 1
1 66 3 93 2 73 1
0 79 0 21 3 46 0
0 47 1 3 3 73 0
1 96 2 58 2 65 2
1 73 2 51 2 7 1
0 61 3 38 2 34 0
1 47 1 87 1 73 3
1 99 1 69 3 32 1
0 37 1 86 1 76 0
1 21 2 29 1 38 1
1 66 3 93 2 73 1
0 79 0 21 3 46 0
0 47 1 3 3 73 0
1 96 2 58 2 65 2
1 73 2 51 2 7 1
0 61 3 38 2 34 0
1 47 1 87 1 73 3
1 99 1 69 3 32 1
0 37 1 86 1 76 0
1 21 2 29 1 38 1
1 66 3 93 2 73 1
0 79 0 21 3 46 0
0 47 1 3 3 73 0
1 96 2 58 2 65 2
1 73 2 51 2 7 1
0 61 3 38 2 34 0
1 47 1 87 1 73 3
1 99 1 69 3 32 1
0 37 1 86 1 76 0
1 21 2 29 1 38 1
1 66 3 93 2 73 1
0 79 0 21 3 46 0
0 47 1 3 3 73 0
1 96 2 58 2 65 2
1 73 2 51 2 7 1
0 61 3 38 2 34 0
1 47 1 87 1 73 3
1 99 1 69 3 32 1
0 62 0 55 3 85 3
1 64 1 37 3 45 1
1 17 2 81 1 81 0
0 76 0 12 0 62 3
0 50 0 71 3 97 0
1 82 2 56 0 63 0
1 76 1 17 3 27 3
0 59 2 29 0 69 3
0 67 2 76 1 89 1
1 45 2 89 3 3 3
0 37 1 86 1 76 0
1 21 2 29 1 38 1
1 66 3 93 2 73 1
0 79 0 21 3 46 0
0 47 1 3 3 73 0
1 96 2 58 2 65 2
1 73 2 51 2 7 1
0 61 3 38 2 34 0
1 47 1 87 1 73 3
1 99 1 69 3 32 1
1 9 1 8 0 8 2
1 19 2 76 2 82 0
1 11 0 24 2 98 2
1 40 3 2 2 15 2
0 43 1 19 1 48 2
1 68 3 62 2 63 0
1 91 1 23 0 74 2
0 11 1 80 0 87 1
1 33 2 27 3 59 1
0 96 0 2 1 35 1
1 82 3 90 3 19 2
1 45 3 41 2 23 1
1 42 1 89 0 72 2
1 12 0 50 0 74 2
1 66 1 13 0 3 3
0 50 1 84 3 76 0
1 25 1 85 2 91 3
0 9 3 18 2 93 2
1 6 1 14 0 19 2
1 71 2 99 2 26 2
0 37 1 86 1 76 0
1 21 2 29 1 38 1
1 66 3 93 2 73 1
0 79 0 21 3 46 0
0 47 1 3 3 73 0
1 96 2 58 2 65 2
1 73 2 51 2 7 1
0 61 3 38 2 34 0
1 47 1 87 1 73 3
1 99 1 69 3 32 1
1 49 1 61 2 72 2
1 62 3 92 0 7 2
0 78 0 24 1 19 3
0 91 0 30 3 53 2
0 91 2 36 0 35 3
0 60 2 77 2 80 1
1 32 0 64 0 33 0
0 96 3 2 0 25 2
1 92 3 75 0 53 2
1 53 1 79 3 75 2
0 37 1 86 1 76 0
1 21 2 29 1 38 1
1 66 3 93 2 73 1
0 79 0 21 3 46 0
0 47 1 3 3 73 0
1 96 2 58 2 65 2
1 73 2 51 2 7 1
0 61 3 38 2 34 0
1 47 1 87 1 73 3
1 99 1 69 3 32 1
1 67 2 59 2 25 1
0 97 2 8 0 35 3
0 53 1 76 3 35 0
0 65 2 27 1 7 1
1 98 1 11 3 12 3
1 82 3 95 0 60 2
0 89 0 5 0 96 3
1 9 2 81 2 73 3
1 95 2 94 0 83 1
0 58 2 11 2 37 3
0 37 1 86 1 76 0
1 21 2 29 1 38 1
1 66 3 93 2 73 1
0 79 0 21 3 46 0
0 47 1 3 3 73 0
1 96 2 58 2 65 2
1 73 2 51 2 7 1
0 61 3 38 2 34 0
1 47 1 87 1 73 3
1 99 1 69 3 32 1
0 37 1 86 1 76 0
1 21 2 29 1 38 1
1 66 3 93 2 73 1
0 79 0 21 3 46 0
0 47 1 3 3 73 0
1 96 2 58 2 65 2
1 73 2 51 2 7 1
0 61 3 38 2 34 0
1 47 1 87 1 73 3
1 99 1 69 3 32 1
0 37 1 86 1 76 0
1 21 2 29 1 38 1
1 66 3 93 2 73 1
0 79 0 21 3 46 0
0 47 1 3 3 73 0
1 96 2 58 2 65 2
1 73 2 51 2 7 1
0 61 3 38 2 34 0
1 47 1 87 1 73 3
1 99 1 69 3 32 1
0 37 1 86 1 76 0
1 21 2 29 1 38 1
1 66 3 93 2 73 1
0 79 0 21 3 46 0
0 47 1 3 3 73 0
1 96 2 58 2 65 2
1 73 2 51 2 7 1
0 61 3 38 2 34 0
1 47 1 87 1 73 3
1 99 1 69 3 32 1
0 37 1 86 1 76 0
1 21 2 29 1 38 1
1 66 3 93 2 73 1
0 79 0 21 3 46 0
0 47 1 3 3 73 0
1 96 2 58 2 65 2
1 73 2 51 2 7 1
0 61 3 38 2 34 0
1 47 1 87 1 73 3
1 99 1 69 3 32 1
0 37 1 86 1 76 0
1 21 2 29 1 38 1
1 66 3 93 2 73 1
0 79 0 21 3 46 0
0 47 1 3 3 73 0
1 96 2 58 2 65 2
1 73 2 51 2 7 1
0 61 3 38 2 34 0
1 47 1 87 1 73 3
1 99 1 69 3 32 1
0 37 1 86 1 76 0
1 21 2 29 1 38 1
1 66 3 93 2 73 1
0 79 0 21 3 46 0
0 47 1 3 3 73 0
1 96 2 58 2 65 2
1 73 2 51 2 7 1
0 61 3 38 2 34 0
1 47 1 87 1 73 3
1 99 1 69 3 32 1
0 37 1 86 1 76 0
1 21 2 29 1 38 1
1 66 3 93 2 73 1
0 79 0 21 3 46 0
0 47 1 3 3 73 0
1 96 2 58 2 65 2
1 73 2 51 2 7 1
0 61 3 38 2 34 0
1 47 1 87 1 73 3
1 99 1 69 3 32 1
0 37 1 86 1 76 0
1 21 2 29 1 38 1
1 66 3 93 2 73 1
0 79 0 21 3 46 0
0 47 1 3 3 73 0
1 96 2 58 2 65 2
1 73 2 51 2 7 1
0 61 3 38 2 34 0
1 47 1 87 1 73 3
1 99 1 69 3 32 1
0 37 1 86 1 76 0
1 21 2 29 1 38 1
1 66 3 93 2 73 1
0 79 0 21 3 46 0
0 47 1 3 3 73 0
1 96 2 58 2 65 2
1 73 2 51 2 7 1
0 61 3 38 2 34 0
1 47 1 87 1 73 3
1 99 1 69 3 32 1
0 37 1 86 1 76 0
1 21 2 29 1 38 1
1 66 3 93 2 73 1
0 79 0 21 3 46 0
0 47 1 3 3 73 0
1 96 2 58 2 65 2
1 73 2 51 2 7 1
0 61 3 38 2 34 0
1 47 1 87 1 73 3
1 99 1 69 3 32 1
0 37 1 86 1 76 0
1 21 2 29 1 38 1
1 66 3 93 2 73 1
0 79 0 21 3 46 0
0 47 1 3 3 73 0
1 96 2 58 2 65 2
1 73 2 51 2 7 1
0 61 3 38 2 34 0
1 47 1 87 1 73 3
1 99 1 69 3 32 1
0 37 1 86 1 76 0
1 21 2 29 1 38 1
1 66 3 93 2 73 1
0 79 0 21 3 46 0
0 47 1 3 3 73 0
1 96 2 58 2 65 2
1 73 2 51 2 7 1
0 61 3 38 2 34 0
1 47 1 87 1 73 3
1 99 1 69 3 32 1
0 37 1 86 1 76 0
1 21 2 29 1 38 1
1 66 3 93 2 73 1
0 79 0 21 3 46 0
0 47 1 3 3 73 0
1 96 2 58 2 65 2
1 73 2 51 2 7 1
0 61 3 38 2 34 0
1 47 1 87 1 73 3
1 99 1 69 3 32 1
0 37 1 86 1 76 0
1 21 2 29 1 38 1
1 66 3 93 2 73 1
0 79 0 21 3 46 0
0 47 1 3 3 73 0
1 96 2 58 2 65 2
1 73 2 51 2 7 1
0 61 3 38 2 34 0
1 47 1 87 1 73 3
1 99 1 69 3 32 1
0 37 1 86 1 76 0
1 21 2 29 1 38 1
1 66 3 93 2 73 1
0 79 0 21 3 46 0
0 47 1 3 3 73 0
1 96 2 58 2 65 2
1 73 2 51 2 7 1
0 61 3 38 2 34 0
1 47 1 87 1 73 3
1 99 1 69 3 32 1
0 37 1 86 1 76 0
1 21 2 29 1 38 1
1 66 3 93 2 73 1
0 79 0 21 3 46 0
0 47 1 3 3 73 0
1 96 2 58 2 65 2
1 73 2 51 2 7 1
0 61 3 38 2 34 0
1 47 1 87 1 73 3
1 99 1 69 3 32 1
0 37 1 86 1 76 0
1 21 2 29 1 38 1
1 66 3 93 2 73 1
0 79 0 21 3 46 0
0 47 1 3 3 73 0
1 96 2 58 2 65 2
1 73 2 51 2 7 1
0 61 3 38 2 34 0
1 47 1 87 1 73 3
1 99 1 69 3 32 1
0 86 3 96 1 43 3
0 69 2 81 1 41 3
1 55 2 52 3 51 3
1 76 0 27 3 20 3
0 44 1 60 2 96 2
0 45 2 95 1 93 0
0 0 1 75 1 66 2
0 41 1 0 1 22 0
1 46 0 66 3 84 3
0 52 1 70 2 90 1
0 37 1 86 1 76 0
1 21 2 29 1 38 1
1 66 3 93 2 73 1
0 79 0 21 3 46 0
0 47 1 3 3 73 0
1 96 2 58 2 65 2
1 73 2 51 2 7 1
0 61 3 38 2 34 0
1 47 1 87 1 73 3
1 99 1 69 3 32 1
0 37 1 86 1 76 0
1 21 2 29 1 38 1
1 66 3 93 2 73 1
0 79 0 21 3 46 0
0 47 1 3 3 73 0
1 96 2 58 2 65 2
1 73 2 51 2 7 1
0 61 3 38 2 34 0
1 47 1 87 1 73 3
1 99 1 69 3 32 1
0 37 1 86 1 76 0
1 21 2 29 1 38 1
1 66 3 93 2 73 1
0 79 0 21 3 46 0
0 47 1 3 3 73 0
1 96 2 58 2 65 2
1 73 2 51 2 7 1
0 61 3 38 2 34 0
1 47 1 87 1 73 3
1 99 1 69 3 32 1
0 37 1 86 1 76 0
1 21 2 29 1 38 1
1 66 3 93 2 73 1
0 79 0 21 3 46 0
0 47 1 3 3 73 0
1 96 2 58 2 65 2
1 73 2 51 2 7 1
0 61 3 38 2 34 0
1 47 1 87 1 73 3
1 99 1 69 3 32 1
1 42 3 5 3 16 3
0 45 2 39 1 13 2
1 64 2 64 1 95 2
0 9 3 26 2 53 3
1 95 0 90 1 38 3
0 48 3 1 0 24 3
0 5 1 13 2 72 3
1 57 1 48 3 97 2
0 75 3 28 0 94 3
1 78 2 33 0 99 3
1 81 2 22 1 73 1
0 43 0 82 1 23 1
0 38 0 51 1 65 1
1 49 0 99 1 24 0
1 6 1 36 1 4 1
0 65 1 2 1 85 2
0 42 3 39 2 93 2
1 42 0 91 2 88 0
0 36 0 27 0 18 2
0 20 3 86 3 26 0
0 37 1 86 1 76 0
1 21 2 29 1 38 1
1 66 3 93 2 73 1
0 79 0 21 3 46 0
0 47 1 3 3 73 0
1 96 2 58 2 65 2
1 73 2 51 2 7 1
0 61 3 38 2 34 0
1 47 1 87 1 73 3
1 99 1 69 3 32 1
0 37 1 86 1 76 0
1 21 2 29 1 38 1
1 66 3 93 2 73 1
0 79 0 21 3 46 0
0 47 1 3 3 73 0
1 96 2 58 2 65 2
1 73 2 51 2 7 1
0 61 3 38 2 34 0
1 47 1 87 1 73 3
1 99 1 69 3 32 1
0 37 1 86 1 76 0
1 21 2 29 1 38 1
1 66 3 93 2 73 1
0 79 0 21 3 46 0
0 47 1 3 3 73 0
1 96 2 58 2 65 2
1 73 2 51 2 7 1
0 61 3 38 2 34 0
1 47 1 87 1 73 3
1 99 1 69 3 32 1
0 37 1 86 1 76 0
1 21 2 29 1 38 1
1 66 3 93 2 73 1
0 79 0 21 3 46 0
0 47 1 3 3 73 0
1 96 2 58 2 65 2
1 73 2 51 2 7 1
0 61 3 38 2 34 0
1 47 1 87 1 73 3
1 99 1 69 3 32 1
0 37 1 86 1 76 0
1 21 2 29 1 38 1
1 66 3 93 2 73 1
0 79 0 21 3 46 0
0 47 1 3 3 73 0
1 96 2 58 2 65 2
1 73 2 51 2 7 1
0 61 3 38 2 34 0
1 47 1 87 1 73 3
1 99 1 69 3 32 1
0 37 1 86 1 76 0
1 21 2 29 1 38 1
1 66 3 93 2 73 1
0 79 0 21 3 46 0
0 47 1 3 3 73 0
1 96 2 58 2 65 2
1 73 2 51 2 7 1
0 61 3 38 2 34 0
1 47 1 87 1 73 3
1 99 1 69 3 32 1
0 37 1 86 1 76 0
1 21 2 29 1 38 1
1 66 3 93 2 73 1
0 79 0 21 3 46 0
0 47 1 3 3 73 0
1 96 2 58 2 65 2
1 73 2 51 2 7 1
0 61 3 38 2 34 0
1 47 1 87 1 73 3
1 99 1 69 3 32 1
0 23 3 64 0 63 1
1 39 1 19 1 35 1
1 22 2 38 3 67 2
0 56 0 37 1 78 0
0 21 3 56 2 0 3
1 40 3 97 1 54 1
0 51 3 7 3 34 2
0 34 0 5 1 98 3
1 22 2 3 1 25 1
1 88 2 92 3 65 2
0 64 0 70 3 87 2
1 57 3 58 1 35 1
0 97 3 45 3 76 2
0 61 2 46 2 71 3
0 7 3 5 0 38 1
0 54 2 74 0 83 3
0 50 0 35 1 92 1
0 30 2 13 0 25 1
1 73 3 82 1 65 3
1 2 1 72 3 59 0
0 34 1 54 3 85 3
0 97 3 33 1 20 0
1 40 1 72 0 56 0
0 5 3 49 0 7 2
0 41 0 53 3 81 0
0 41 3 42 2 90 1
0 48 0 94 1 51 0
1 49 2 68 3 66 2
0 29 2 48 2 98 3
0 49 2 82 2 67 3
0 37 1 86 1 76 0
1 21 2 29 1 38 1
1 66 3 93 2 73 1
0 79 0 21 3 46 0
0 47 1 3 3 73 0
1 96 2 58 2 65 2
1 73 2 51 2 7 1
0 61 3 38 2 34 0
1 47 1 87 1 73 3
1 99 1 69 3 32 1
0 37 1 86 1 76 0
1 21 2 29 1 38 1
1 66 3 93 2 73 1
0 79 0 21 3 46 0
0 47 1 3 3 73 0
1 96 2 58 2 65 2
1 73 2 51 2 7 1
0 61 3 38 2 34 0
1 47 1 87 1 73 3
1 99 1 69 3 32 1
1 82 1 38 1 81 2
1 57 1 66 0 11 1
0 74 1 22 1 77 2
1 5 0 82 3 62 0
1 29 2 77 1 3 2
1 83 3 7 0 44 2
1 67 0 71 0 90 0
1 36 0 25 3 10 2
0 44 3 43 3 32 1
1 55 1 88 3 12 3
0 37 1 86 1 76 0
1 21 2 29 1 38 1
1 66 3 93 2 73 1
0 79 0 21 3 46 0
0 47 1 3 3 73 0
1 96 2 58 2 65 2
1 73 2 51 2 7 1
0 61 3 38 2 34 0
1 47 1 87 1 73 3
1 99 1 69 3 32 1
1 64 2 17 3 12 2
1 99 1 72 0 56 3
0 20 2 45 1 52 0
0 62 3 21 0 79 0
0 34 3 37 1 99 0
0 96 3 87 3 42 2
0 15 1 89 1 98 1
0 69 2 4 2 88 1
0 26 0 84 1 60 0
1 10 3 28 1 85 2
1 28 1 57 0 54 0
0 85 1 6 3 84 0
0 61 3 20 3 81 2
1 16 2 35 3 26 0
0 69 1 99 3 90 2
1 52 2 85 2 72 3
0 14 2 64 3 38 2
0 80 3 53 2 12 3
0 46 0 40 2 80 2
0 60 3 7 3 36 2
0 37 1 86 1 76 0
1 21 2 29 1 38 1
1 66 3 93 2 73 1
0 79 0 21 3 46 0
0 47 1 3 3 73 0
1 96 2 58 2 65 2
1 73 2 51 2 7 1
0 61 3 38 2 34 0
1 47 1 87 1 73 3
1 99 1 69 3 32 1
0 37 1 86 1 76 0
1 21 2 29 1 38 1
1 66 3 93 2 73 1
0 79 0 21 3 46 0
0 47 1 3 3 73 0
1 96 2 58 2 65 2
1 73 2 51 2 7 1
0 61 3 38 2 34 0
1 47 1 87 1 73 3
1 99 1 69 3 32 1
0 37 1 86 1 76 0
1 21 2 29 1 38 1
1 66 3 93 2 73 1
0 79 0 21 3 46 0
0 47 1 3 3 73 0
1 96 2 58 2 65 2
1 73 2 51 2 7 1
0 61 3 38 2 34 0
1 47 1 87 1 73 3
1 99 1 69 3 32 1
0 37 1 86 1 76 0
1 21 2 29 1 38 1
1 66 3 93 2 73 1
0 79 0 21 3 46 0
0 47 1 3 3 73 0
1 96 2 58 2 65 2
1 73 2 51 2 7 1
0 61 3 38 2 34 0
1 47 1 87 1 73 3
1 99 1 69 3 32 1
0 37 1 86 1 76 0
1 21 2 29 1 38 1
1 66 3 93 2 73 1
0 79 0 21 3 46 0
0 47 1 3 3 73 0
1 96 2 58 2 65 2
1 73 2 51 2 7 1
0 61 3 38 2 34 0
1 47 1 87 1 73 3
1 99 1 69 3 32 1
0 37 1 86 1 76 0
1 21 2 29 1 38 1
1 66 3 93 2 73 1
0 79 0 21 3 46 0
0 47 1 3 3 73 0
1 96 2 58 2 65 2
1 73 2 51 2 7 1
0 61 3 38 2 34 0
1 47 1 87 1 73 3
1 99 1 69 3 32 1
0 37 1 86 1 76 0
1 21 2 29 1 38 1
1 66 3 93 2 73 1
0 79 0 21 3 46 0
0 47 1 3 3 73 0
1 96 2 58 2 65 2
1 73 2 51 2 7 1
0 61 3 38 2 34 0
1 47 1 87 1 73 3
1 99 1 69 3 32 1
1 38 1 34 0 30 3
0 26 0 8 0 14 3
1 0 2 92 3 40 0
1 8 1 69 1 30 0
0 13 2 24 3 17 1
0 49 2 11 2 56 3
1 50 1 17 3 95 2
0 28 3 67 2 37 2
0 10 0 17 2 22 1
0 88 0 34 3 48 3
0 74 2 3 2 20 0
0 85 3 7 3 35 0
1 72 0 69 3 92 2
1 20 0 56 2 99 2
1 72 2 83 0 2 0
1 17 2 44 1 12 0
0 13 0 3 1 26 3
1 81 0 44 2 8 2
1 58 0 83 2 58 2
1 26 1 77 0 48 3
0 37 1 86 1 76 0
1 21 2 29 1 38 1
1 66 3 93 2 73 1
0 79 0 21 3 46 0
0 47 1 3 3 73 0
1 96 2 58 2 65 2
1 73 2 51 2 7 1
0 61 3 38 2 34 0
1 47 1 87 1 73 3
1 99 1 69 3 32 1
0 37 1 86 1 76 0
1 21 2 29 1 38 1
1 66 3 93 2 73 1
0 79 0 21 3 46 0
0 47 1 3 3 73 0
1 96 2 58 2 65 2
1 73 2 51 2 7 1
0 61 3 38 2 34 0
1 47 1 87 1 73 3
1 99 1 69 3 32 1
0 37 1 86 1 76 0
1 21 2 29 1 38 1
1 66 3 93 2 73 1
0 79 0 21 3 46 0
0 47 1 3 3 73 0
1 96 2 58 2 65 2
1 73 2 51 2 7 1
0 61 3 38 2 34 0
1 47 1 87 1 73 3
1 99 1 69 3 32 1
0 37 1 86 1 76 0
1 21 2 29 1 38 1
1 66 3 93 2 73 1
0 79 0 21 3 46 0
0 47 1 3 3 73 0
1 96 2 58 2 65 2
1 73 2 51 2 7 1
0 61 3 38 2 34 0
1 47 1 87 1 73 3
1 99 1 69 3 32 1
0 37 1 86 1 76 0
1 21 2 29 1 38 1
1 66 3 93 2 73 1
0 79 0 21 3 46 0
0 47 1 3 3 73 0
1 96 2 58 2 65 2
1 73 2 51 2 7 1
0 61 3 38 2 34 0
1 47 1 87 1 73 3
1 99 1 69 3 32 1
0 37 1 86 1 76 0
1 21 2 29 1 38 1
1 66 3 93 2 73 1
0 79 0 21 3 46 0
0 47 1 3 3 73 0
1 96 2 58 2 65 2
1 73 2 51 2 7 1
0 61 3 38 2 34 0
1 47 1 87 1 73 3
1 99 1 69 3 32 1
0 37 1 86 1 76 0
1 21 2 29 1 38 1
1 66 3 93 2 73 1
0 79 0 21 3 46 0
0 47 1 3 3 73 0
1 96 2 58 2 65 2
1 73 2 51 2 7 1
0 61 3 38 2 34 0
1 47 1 87 1 73 3
1 99 1 69 3 32 1
0 83 0 93 2 83 0
1 0 0 37 0 19 0
0 22 3 29 3 82 2
1 6 3 78 2 18 2
0 69 3 88 1 74 2
1 52 0 17 2 61 3
0 4 1 7 0 50 3
1 90 0 49 3 15 1
1 44 2 58 2 27 2
1 55 0 12 2 59 0
0 37 1 86 1 76 0
1 21 2 29 1 38 1
1 66 3 93 2 73 1
0 79 0 21 3 46 0
0 47 1 3 3 73 0
1 96 2 58 2 65 2
1 73 2 51 2 7 1
0 61 3 38 2 34 0
1 47 1 87 1 73 3
1 99 1 69 3 32 1
0 37 1 86 1 76 0
1 21 2 29 1 38 1
1 66 3 93 2 73 1
0 79 0 21 3 46 0
0 47 1 3 3 73 0
1 96 2 58 2 65 2
1 73 2 51 2 7 1
0 61 3 38 2 34 0
1 47 1 87 1 73 3
1 99 1 69 3 32 1
0 37 1 86 1 76 0
1 21 2 29 1 38 1
1 66 3 93 2 73 1
0 79 0 21 3 46 0
0 47 1 3 3 73 0
1 96 2 58 2 65 2
1 73 2 51 2 7 1
0 61 3 38 2 34 0
1 47 1 87 1 73 3
1 99 1 69 3 32 1
0 37 1 86 1 76 0
1 21 2 29 1 38 1
1 66 3 93 2 73 1
0 79 0 21 3 46 0
0 47 1 3 3 73 0
1 96 2 58 2 65 2
1 73 2 51 2 7 1
0 61 3 38 2 34 0
1 47 1 87 1 73 3
1 99 1 69 3 32 1
0 37 1 86 1 76 0
1 21 2 29 1 38 1
1 66 3 93 2 73 1
0 79 0 21 3 46 0
0 47 1 3 3 73 0
1 96 2 58 2 65 2
1 73 2 51 2 7 1
0 61 3 38 2 34 0
1 47 1 87 1 73 3
1 99 1 69 3 32 1
0 37 1 86 1 76 0
1 21 2 29 1 38 1
1 66 3 93 2 73 1
0 79 0 21 3 46 0
0 47 1 3 3 73 0
1 96 2 58 2 65 2
1 73 2 51 2 7 1
0 61 3 38 2 34 0
1 47 1 87 1 73 3
1 99 1 69 3 32 1
0 37 1 86 1 76 0
1 21 2 29 1 38 1
1 66 3 93 2 73 1
0 79 0 21 3 46 0
0 47 1 3 3 73 0
1 96 2 58 2 65 2
1 73 2 51 2 7 1
0 61 3 38 2 34 0
1 47 1 87 1 73 3
1 99 1 69 3 32 1
0 37 1 86 1 76 0
1 21 2 29 1 38 1
1 66 3 93 2 73 1
0 79 0 21 3 46 0
0 47 1 3 3 73 0
1 96 2 58 2 65 2
1 73 2 51 2 7 1
0 61 3 38 2 34 0
1 47 1 87 1 73 3
1 99 1 69 3 32 1
0 54 1 6 2 98 2
0 27 2 0 3 82 3
0 42 2 45 3 38 0
1 50 2 26 2 45 1
0 94 0 4 2 40 3
1 61 3 30 3 69 2
0 94 3 62 1 4 0
1 70 0 46 3 49 2
1 83 3 71 0 87 3
1 49 0 32 0 55 3
1 25 3 1 3 74 1
0 41 2 27 3 35 2
0 27 0 56 0 15 3
0 30 0 19 1 55 1
0 68 0 46 2 52 1
1 42 2 24 3 95 3
1 68 3 25 2 62 2
1 92 3 46 3 81 2
0 23 3 81 2 8 1
0 10 1 12 0 25 3
1 12 3 47 1 52 2
1 61 1 41 3 55 3
1 25 1 58 0 28 0
0 19 0 32 1 72 3
0 27 1 71 2 31 0
1 47 1 91 0 75 1
0 65 3 43 0 33 2
1 48 0 44 1 82 1
0 80 3 26 1 98 1
-1 53 0 6 2 25 2
