0 43 0 35 1 47 3
0 53 1 21 0 30 1
1 57 0 26 3 56 0
0 38 0 62 2 57 1
0 19 0 41 3 45 3
1 49 0 0 3 23 0
1 2 2 45 0 62 1
0 54 3 9 0 1 3
1 16 2 16 1 0 3
0 19 2 9 1 56 1
1 4 1 35 3 26 2
0 31 1 59 1 50 2
0 48 0 56 1 47 2
1 27 3 50 1 14 0
0 33 2 49 2 7 0
1 34 2 30 1 50 1
1 38 1 23 2 12 0
0 24 3 43 0 49 1
1 49 2 8 1 3 0
1 11 2 52 1 39 3
1 4 1 35 3 26 2
0 31 1 59 1 50 2
0 48 0 56 1 47 2
1 27 3 50 1 14 0
0 33 2 49 2 7 0
1 34 2 30 1 50 1
1 38 1 23 2 12 0
0 24 3 43 0 49 1
1 49 2 8 1 3 0
1 11 2 52 1 39 3
0 29 1 56 1 23 2
0 40 0 59 2 52 1
0 17 0 18 0 32 3
0 54 3 2 3 5 2
1 29 2 59 3 42 3
0 57 1 30 1 10 3
1 25 0 61 2 33 2
1 20 1 33 0 56 0
1 16 1 30 2 62 2
1 37 2 44 0 46 2
1 4 1 35 3 26 2
0 31 1 59 1 50 2
0 48 0 56 1 47 2
1 27 3 50 1 14 0
0 33 2 49 2 7 0
1 34 2 30 1 50 1
1 38 1 23 2 12 0
0 24 3 43 0 49 1
1 49 2 8 1 3 0
1 11 2 52 1 39 3
1 4 1 35 3 26 2
0 31 1 59 1 50 2
0 48 0 56 1 47 2
1 27 3 50 1 14 0
0 33 2 49 2 7 0
1 34 2 30 1 50 1
1 38 1 23 2 12 0
0 24 3 43 0 49 1
1 49 2 8 1 3 0
1 11 2 52 1 39 3
1 33 0 43 0 15 1
0 22 3 39 3 8 0
0 62 2 12 1 57 2
1 18 1 28 3 43 0
1 48 2 63 1 6 3
1 27 0 17 1 61 0
0 38 0 15 0 24 1
0 60 3 45 3 20 3
0 58 3 34 2 22 3
0 7 2 4 0 52 1
1 54 3 46 1 48 3
0 33 2 48 2 52 1
1 56 0 61 2 21 2
0 14 0 52 0 46 1
1 11 2 5 3 37 3
0 47 1 26 2 55 3
0 8 1 57 3 5 2
0 0 1 21 1 29 0
0 41 1 37 0 42 1
1 45 2 10 3 24 0
1 4 1 35 3 26 2
0 31 1 59 1 50 2
0 48 0 56 1 47 2
1 27 3 50 1 14 0
0 33 2 49 2 7 0
1 34 2 30 1 50 1
1 38 1 23 2 12 0
0 24 3 43 0 49 1
1 49 2 8 1 3 0
1 11 2 52 1 39 3
1 4 1 35 3 26 2
0 31 1 59 1 50 2
0 48 0 56 1 47 2
1 27 3 50 1 14 0
0 33 2 49 2 7 0
1 34 2 30 1 50 1
1 38 1 23 2 12 0
0 24 3 43 0 49 1
1 49 2 8 1 3 0
1 11 2 52 1 39 3
0 6 1 53 1 41 3
1 22 1 6 1 49 0
1 59 0 45 1 57 1
0 39 1 23 0 13 0
1 42 0 6 2 35 3
0 62 0 58 2 31 1
0 13 0 40 3 19 3
0 30 1 29 2 48 2
1 34 3 52 3 17 0
1 36 1 40 3 52 2
0 8 2 40 0 59 2
0 47 3 9 0 47 1
0 49 2 51 2 39 3
0 1 0 54 3 25 1
0 47 2 33 3 47 2
0 2 3 35 1 54 1
1 9 0 32 0 15 0
1 40 0 33 2 38 0
1 26 1 10 0 40 1
1 54 3 28 3 26 1
1 4 1 35 3 26 2
0 31 1 59 1 50 2
0 48 0 56 1 47 2
1 27 3 50 1 14 0
0 33 2 49 2 7 0
1 34 2 30 1 50 1
1 38 1 23 2 12 0
0 24 3 43 0 49 1
1 49 2 8 1 3 0
1 11 2 52 1 39 3
1 4 1 35 3 26 2
0 31 1 59 1 50 2
0 48 0 56 1 47 2
1 27 3 50 1 14 0
0 33 2 49 2 7 0
1 34 2 30 1 50 1
1 38 1 23 2 12 0
0 24 3 43 0 49 1
1 49 2 8 1 3 0
1 11 2 52 1 39 3
0 38 3 62 0 63 1
0 14 3 48 0 43 0
0 48 1 48 3 19 1
0 10 0 24 0 9 3
1 44 1 48 0 27 0
0 25 3 26 3 60 2
1 40 0 28 0 15 3
0 15 3 61 3 48 1
0 2 1 56 0 12 1
0 44 1 52 1 62 0
1 4 1 35 3 26 2
0 31 1 59 1 50 2
0 48 0 56 1 47 2
1 27 3 50 1 14 0
0 33 2 49 2 7 0
1 34 2 30 1 50 1
1 38 1 23 2 12 0
0 24 3 43 0 49 1
1 49 2 8 1 3 0
1 11 2 52 1 39 3
1 4 1 35 3 26 2
0 31 1 59 1 50 2
0 48 0 56 1 47 2
1 27 3 50 1 14 0
0 33 2 49 2 7 0
1 34 2 30 1 50 1
1 38 1 23 2 12 0
0 24 3 43 0 49 1
1 49 2 8 1 3 0
1 11 2 52 1 39 3
1 4 1 35 3 26 2
0 31 1 59 1 50 2
0 48 0 56 1 47 2
1 27 3 50 1 14 0
0 33 2 49 2 7 0
1 34 2 30 1 50 1
1 38 1 23 2 12 0
0 24 3 43 0 49 1
1 49 2 8 1 3 0
1 11 2 52 1 39 3
1 4 1 35 3 26 2
0 31 1 59 1 50 2
0 48 0 56 1 47 2
1 27 3 50 1 14 0
0 33 2 49 2 7 0
1 34 2 30 1 50 1
1 38 1 23 2 12 0
0 24 3 43 0 49 1
1 49 2 8 1 3 0
1 11 2 52 1 39 3
1 2 0 39 3 41 3
0 12 1 60 1 45 3
0 48 3 49 0 31 3
1 50 3 31 1 47 2
1 2 2 27 0 21 3
0 50 2 31 0 55 0
1 54 3 8 3 34 1
0 41 3 49 1 58 2
0 46 1 13 1 46 1
1 1 0 20 3 10 1
1 46 3 1 1 59 3
1 49 1 35 0 59 0
1 9 0 56 2 49 1
1 58 2 56 0 23 2
1 35 3 40 0 10 2
1 21 1 59 1 15 2
1 15 1 28 2 54 3
1 7 2 39 2 43 3
1 50 0 21 2 1 1
0 25 2 59 0 32 3
1 4 1 35 3 26 2
0 31 1 59 1 50 2
0 48 0 56 1 47 2
1 27 3 50 1 14 0
0 33 2 49 2 7 0
1 34 2 30 1 50 1
1 38 1 23 2 12 0
0 24 3 43 0 49 1
1 49 2 8 1 3 0
1 11 2 52 1 39 3
1 4 1 35 3 26 2
0 31 1 59 1 50 2
0 48 0 56 1 47 2
1 27 3 50 1 14 0
0 33 2 49 2 7 0
1 34 2 30 1 50 1
1 38 1 23 2 12 0
0 24 3 43 0 49 1
1 49 2 8 1 3 0
1 11 2 52 1 39 3
1 4 1 35 3 26 2
0 31 1 59 1 50 2
0 48 0 56 1 47 2
1 27 3 50 1 14 0
0 33 2 49 2 7 0
1 34 2 30 1 50 1
1 38 1 23 2 12 0
0 24 3 43 0 49 1
1 49 2 8 1 3 0
1 11 2 52 1 39 3
1 4 1 35 3 26 2
0 31 1 59 1 50 2
0 48 0 56 1 47 2
1 27 3 50 1 14 0
0 33 2 49 2 7 0
1 34 2 30 1 50 1
1 38 1 23 2 12 0
0 24 3 43 0 49 1
1 49 2 8 1 3 0
1 11 2 52 1 39 3
1 4 1 35 3 26 2
0 31 1 59 1 50 2
0 48 0 56 1 47 2
1 27 3 50 1 14 0
0 33 2 49 2 7 0
1 34 2 30 1 50 1
1 38 1 23 2 12 0
0 24 3 43 0 49 1
1 49 2 8 1 3 0
1 11 2 52 1 39 3
0 51 1 24 0 47 0
1 39 3 3 2 30 0
0 33 2 36 1 2 2
1 4 2 9 0 47 1
1 22 1 5 0 36 2
1 30 2 3 3 62 1
0 62 2 52 0 56 0
0 47 3 31 1 35 0
1 10 3 20 2 47 1
0 28 0 62 0 61 1
1 4 1 35 3 26 2
0 31 1 59 1 50 2
0 48 0 56 1 47 2
1 27 3 50 1 14 0
0 33 2 49 2 7 0
1 34 2 30 1 50 1
1 38 1 23 2 12 0
0 24 3 43 0 49 1
1 49 2 8 1 3 0
1 11 2 52 1 39 3
1 4 1 35 3 26 2
0 31 1 59 1 50 2
0 48 0 56 1 47 2
1 27 3 50 1 14 0
0 33 2 49 2 7 0
1 34 2 30 1 50 1
1 38 1 23 2 12 0
0 24 3 43 0 49 1
1 49 2 8 1 3 0
1 11 2 52 1 39 3
1 58 2 32 1 57 1
0 14 0 54 2 17 1
1 7 2 41 2 52 1
0 45 1 56 2 24 3
1 6 3 59 0 27 3
0 63 0 46 2 11 0
0 43 1 57 2 36 2
1 33 3 44 3 10 0
1 46 3 16 2 21 2
0 17 3 1 0 45 1
1 4 1 35 3 26 2
0 31 1 59 1 50 2
0 48 0 56 1 47 2
1 27 3 50 1 14 0
0 33 2 49 2 7 0
1 34 2 30 1 50 1
1 38 1 23 2 12 0
0 24 3 43 0 49 1
1 49 2 8 1 3 0
1 11 2 52 1 39 3
1 56 3 32 1 51 2
0 60 2 26 2 48 3
1 52 1 26 1 25 1
1 22 2 41 0 38 1
0 9 2 7 2 23 1
1 32 2 18 0 62 3
1 46 1 0 3 47 2
1 43 1 14 0 4 0
0 22 0 53 0 4 0
1 57 1 1 2 34 0
0 35 0 20 0 21 3
1 7 3 53 3 4 1
1 42 3 51 3 36 3
1 41 3 60 3 54 0
0 35 2 12 1 20 1
1 2 1 37 0 24 1
0 34 3 37 2 27 1
0 53 2 10 0 44 2
1 38 1 1 2 37 2
1 40 2 27 1 57 0
1 4 1 35 3 26 2
0 31 1 59 1 50 2
0 48 0 56 1 47 2
1 27 3 50 1 14 0
0 33 2 49 2 7 0
1 34 2 30 1 50 1
1 38 1 23 2 12 0
0 24 3 43 0 49 1
1 49 2 8 1 3 0
1 11 2 52 1 39 3
1 4 1 35 3 26 2
0 31 1 59 1 50 2
0 48 0 56 1 47 2
1 27 3 50 1 14 0
0 33 2 49 2 7 0
1 34 2 30 1 50 1
1 38 1 23 2 12 0
0 24 3 43 0 49 1
1 49 2 8 1 3 0
1 11 2 52 1 39 3
1 39 3 39 1 58 1
0 48 3 54 1 52 0
0 39 3 39 3 4 3
0 62 3 49 1 46 2
1 46 0 37 2 3 3
0 39 1 22 3 50 1
0 1 3 13 2 20 3
0 20 2 10 0 29 1
1 46 0 63 0 30 3
1 12 0 21 0 30 2
1 4 1 35 3 26 2
0 31 1 59 1 50 2
0 48 0 56 1 47 2
1 27 3 50 1 14 0
0 33 2 49 2 7 0
1 34 2 30 1 50 1
1 38 1 23 2 12 0
0 24 3 43 0 49 1
1 49 2 8 1 3 0
1 11 2 52 1 39 3
1 9 2 22 0 53 3
0 11 0 1 3 17 3
1 35 2 27 0 26 1
1 38 2 8 3 59 2
1 44 3 56 2 34 1
0 40 3 18 3 13 2
1 2 1 12 3 39 2
0 56 0 46 0 60 2
0 11 3 52 2 15 3
0 26 0 8 1 16 2
1 4 1 35 3 26 2
0 31 1 59 1 50 2
0 48 0 56 1 47 2
1 27 3 50 1 14 0
0 33 2 49 2 7 0
1 34 2 30 1 50 1
1 38 1 23 2 12 0
0 24 3 43 0 49 1
1 49 2 8 1 3 0
1 11 2 52 1 39 3
1 4 1 35 3 26 2
0 31 1 59 1 50 2
0 48 0 56 1 47 2
1 27 3 50 1 14 0
0 33 2 49 2 7 0
1 34 2 30 1 50 1
1 38 1 23 2 12 0
0 24 3 43 0 49 1
1 49 2 8 1 3 0
1 11 2 52 1 39 3
1 4 1 35 3 26 2
0 31 1 59 1 50 2
0 48 0 56 1 47 2
1 27 3 50 1 14 0
0 33 2 49 2 7 0
1 34 2 30 1 50 1
1 38 1 23 2 12 0
0 24 3 43 0 49 1
1 49 2 8 1 3 0
1 11 2 52 1 39 3
1 4 1 35 3 26 2
0 31 1 59 1 50 2
0 48 0 56 1 47 2
1 27 3 50 1 14 0
0 33 2 49 2 7 0
1 34 2 30 1 50 1
1 38 1 23 2 12 0
0 24 3 43 0 49 1
1 49 2 8 1 3 0
1 11 2 52 1 39 3
1 60 3 34 3 18 2
1 48 1 8 1 51 2
1 21 2 22 2 1 0
1 9 1 40 2 41 3
0 55 0 18 0 1 2
1 19 2 28 2 60 1
1 37 1 46 3 47 0
1 32 2 30 3 61 3
0 10 2 9 2 48 3
0 40 1 5 2 41 0
1 4 1 35 3 26 2
0 31 1 59 1 50 2
0 48 0 56 1 47 2
1 27 3 50 1 14 0
0 33 2 49 2 7 0
1 34 2 30 1 50 1
1 38 1 23 2 12 0
0 24 3 43 0 49 1
1 49 2 8 1 3 0
1 11 2 52 1 39 3
1 4 1 35 3 26 2
0 31 1 59 1 50 2
0 48 0 56 1 47 2
1 27 3 50 1 14 0
0 33 2 49 2 7 0
1 34 2 30 1 50 1
1 38 1 23 2 12 0
0 24 3 43 0 49 1
1 49 2 8 1 3 0
1 11 2 52 1 39 3
1 4 1 35 3 26 2
0 31 1 59 1 50 2
0 48 0 56 1 47 2
1 27 3 50 1 14 0
0 33 2 49 2 7 0
1 34 2 30 1 50 1
1 38 1 23 2 12 0
0 24 3 43 0 49 1
1 49 2 8 1 3 0
1 11 2 52 1 39 3
1 4 1 35 3 26 2
0 31 1 59 1 50 2
0 48 0 56 1 47 2
1 27 3 50 1 14 0
0 33 2 49 2 7 0
1 34 2 30 1 50 1
1 38 1 23 2 12 0
0 24 3 43 0 49 1
1 49 2 8 1 3 0
1 11 2 52 1 39 3
1 4 1 35 3 26 2
0 31 1 59 1 50 2
0 48 0 56 1 47 2
1 27 3 50 1 14 0
0 33 2 49 2 7 0
1 34 2 30 1 50 1
1 38 1 23 2 12 0
0 24 3 43 0 49 1
1 49 2 8 1 3 0
1 11 2 52 1 39 3
1 4 1 35 3 26 2
0 31 1 59 1 50 2
0 48 0 56 1 47 2
1 27 3 50 1 14 0
0 33 2 49 2 7 0
1 34 2 30 1 50 1
1 38 1 23 2 12 0
0 24 3 43 0 49 1
1 49 2 8 1 3 0
1 11 2 52 1 39 3
1 4 1 35 3 26 2
0 31 1 59 1 50 2
0 48 0 56 1 47 2
1 27 3 50 1 14 0
0 33 2 49 2 7 0
1 34 2 30 1 50 1
1 38 1 23 2 12 0
0 24 3 43 0 49 1
1 49 2 8 1 3 0
1 11 2 52 1 39 3
1 4 1 35 3 26 2
0 31 1 59 1 50 2
0 48 0 56 1 47 2
1 27 3 50 1 14 0
0 33 2 49 2 7 0
1 34 2 30 1 50 1
1 38 1 23 2 12 0
0 24 3 43 0 49 1
1 49 2 8 1 3 0
1 11 2 52 1 39 3
1 4 1 35 3 26 2
0 31 1 59 1 50 2
0 48 0 56 1 47 2
1 27 3 50 1 14 0
0 33 2 49 2 7 0
1 34 2 30 1 50 1
1 38 1 23 2 12 0
0 24 3 43 0 49 1
1 49 2 8 1 3 0
1 11 2 52 1 39 3
1 4 1 35 3 26 2
0 31 1 59 1 50 2
0 48 0 56 1 47 2
1 27 3 50 1 14 0
0 33 2 49 2 7 0
1 34 2 30 1 50 1
1 38 1 23 2 12 0
0 24 3 43 0 49 1
1 49 2 8 1 3 0
1 11 2 52 1 39 3
0 29 1 14 1 25 2
1 27 2 39 1 22 1
1 56 3 12 1 43 2
0 34 3 61 3 47 1
0 1 0 6 2 38 1
0 19 1 62 3 46 3
1 48 1 19 2 14 2
0 17 3 45 3 17 1
1 23 3 29 1 3 0
1 9 3 11 3 60 1
1 4 1 35 3 26 2
0 31 1 59 1 50 2
0 48 0 56 1 47 2
1 27 3 50 1 14 0
0 33 2 49 2 7 0
1 34 2 30 1 50 1
1 38 1 23 2 12 0
0 24 3 43 0 49 1
1 49 2 8 1 3 0
1 11 2 52 1 39 3
1 4 1 35 3 26 2
0 31 1 59 1 50 2
0 48 0 56 1 47 2
1 27 3 50 1 14 0
0 33 2 49 2 7 0
1 34 2 30 1 50 1
1 38 1 23 2 12 0
0 24 3 43 0 49 1
1 49 2 8 1 3 0
1 11 2 52 1 39 3
0 3 1 37 0 59 1
0 11 0 51 0 11 0
0 63 3 18 1 57 2
1 50 3 8 1 62 3
1 38 3 54 0 27 3
0 22 2 53 0 1 0
0 15 3 19 1 15 3
0 2 0 54 1 7 1
0 42 0 63 1 23 1
1 26 1 37 1 41 0
0 49 1 60 2 33 1
0 59 3 63 0 11 0
1 56 1 29 1 23 0
0 4 2 21 0 54 2
1 63 0 19 3 63 1
1 56 2 45 2 40 3
0 18 3 46 1 60 0
0 61 2 62 0 6 2
0 30 2 1 0 10 2
1 53 0 11 3 55 3
1 4 1 35 3 26 2
0 31 1 59 1 50 2
0 48 0 56 1 47 2
1 27 3 50 1 14 0
0 33 2 49 2 7 0
1 34 2 30 1 50 1
1 38 1 23 2 12 0
0 24 3 43 0 49 1
1 49 2 8 1 3 0
1 11 2 52 1 39 3
1 4 1 35 3 26 2
0 31 1 59 1 50 2
0 48 0 56 1 47 2
1 27 3 50 1 14 0
0 33 2 49 2 7 0
1 34 2 30 1 50 1
1 38 1 23 2 12 0
0 24 3 43 0 49 1
1 49 2 8 1 3 0
1 11 2 52 1 39 3
1 4 1 35 3 26 2
0 31 1 59 1 50 2
0 48 0 56 1 47 2
1 27 3 50 1 14 0
0 33 2 49 2 7 0
1 34 2 30 1 50 1
1 38 1 23 2 12 0
0 24 3 43 0 49 1
1 49 2 8 1 3 0
1 11 2 52 1 39 3
1 7 3 40 1 26 3
1 13 3 11 1 14 1
1 25 2 21 2 12 0
0 33 3 25 3 19 0
1 53 0 59 3 57 1
1 10 1 42 1 5 2
0 1 1 53 1 22 1
1 38 2 54 2 41 1
0 5 2 41 1 13 2
1 5 1 21 3 14 3
1 4 1 35 3 26 2
0 31 1 59 1 50 2
0 48 0 56 1 47 2
1 27 3 50 1 14 0
0 33 2 49 2 7 0
1 34 2 30 1 50 1
1 38 1 23 2 12 0
0 24 3 43 0 49 1
1 49 2 8 1 3 0
1 11 2 52 1 39 3
1 4 1 35 3 26 2
0 31 1 59 1 50 2
0 48 0 56 1 47 2
1 27 3 50 1 14 0
0 33 2 49 2 7 0
1 34 2 30 1 50 1
1 38 1 23 2 12 0
0 24 3 43 0 49 1
1 49 2 8 1 3 0
1 11 2 52 1 39 3
1 3 1 37 3 30 0
0 55 2 9 3 1 1
1 34 1 36 3 50 2
1 54 1 30 2 41 3
0 9 1 59 0 25 1
1 28 3 48 3 11 2
1 58 2 40 2 45 0
0 38 0 58 3 28 2
1 20 3 34 2 23 0
1 58 2 45 1 45 1
1 4 1 35 3 26 2
0 31 1 59 1 50 2
0 48 0 56 1 47 2
1 27 3 50 1 14 0
0 33 2 49 2 7 0
1 34 2 30 1 50 1
1 38 1 23 2 12 0
0 24 3 43 0 49 1
1 49 2 8 1 3 0
1 11 2 52 1 39 3
1 4 1 35 3 26 2
0 31 1 59 1 50 2
0 48 0 56 1 47 2
1 27 3 50 1 14 0
0 33 2 49 2 7 0
1 34 2 30 1 50 1
1 38 1 23 2 12 0
0 24 3 43 0 49 1
1 49 2 8 1 3 0
1 11 2 52 1 39 3
0 58 0 24 3 32 2
1 29 3 15 2 29 1
0 24 3 16 2 29 0
0 38 1 13 1 12 3
1 4 3 30 0 13 3
0 14 3 0 2 3 3
1 25 0 2 0 7 3
0 43 2 26 3 24 0
1 50 1 62 1 14 1
1 63 1 55 0 46 1
1 4 1 35 3 26 2
0 31 1 59 1 50 2
0 48 0 56 1 47 2
1 27 3 50 1 14 0
0 33 2 49 2 7 0
1 34 2 30 1 50 1
1 38 1 23 2 12 0
0 24 3 43 0 49 1
1 49 2 8 1 3 0
1 11 2 52 1 39 3
1 4 1 35 3 26 2
0 31 1 59 1 50 2
0 48 0 56 1 47 2
1 27 3 50 1 14 0
0 33 2 49 2 7 0
1 34 2 30 1 50 1
1 38 1 23 2 12 0
0 24 3 43 0 49 1
1 49 2 8 1 3 0
1 11 2 52 1 39 3
1 4 1 35 3 26 2
0 31 1 59 1 50 2
0 48 0 56 1 47 2
1 27 3 50 1 14 0
0 33 2 49 2 7 0
1 34 2 30 1 50 1
1 38 1 23 2 12 0
0 24 3 43 0 49 1
1 49 2 8 1 3 0
1 11 2 52 1 39 3
1 4 1 35 3 26 2
0 31 1 59 1 50 2
0 48 0 56 1 47 2
1 27 3 50 1 14 0
0 33 2 49 2 7 0
1 34 2 30 1 50 1
1 38 1 23 2 12 0
0 24 3 43 0 49 1
1 49 2 8 1 3 0
1 11 2 52 1 39 3
1 6 0 63 3 30 0
1 25 0 4 2 29 2
1 16 2 59 1 18 2
0 61 3 52 2 52 2
1 20 1 12 0 54 0
1 17 3 11 0 8 3
0 22 1 45 1 27 1
0 0 1 22 3 13 1
0 30 2 43 1 12 1
0 14 3 48 2 54 2
1 4 1 35 3 26 2
0 31 1 59 1 50 2
0 48 0 56 1 47 2
1 27 3 50 1 14 0
0 33 2 49 2 7 0
1 34 2 30 1 50 1
1 38 1 23 2 12 0
0 24 3 43 0 49 1
1 49 2 8 1 3 0
1 11 2 52 1 39 3
1 4 1 35 3 26 2
0 31 1 59 1 50 2
0 48 0 56 1 47 2
1 27 3 50 1 14 0
0 33 2 49 2 7 0
1 34 2 30 1 50 1
1 38 1 23 2 12 0
0 24 3 43 0 49 1
1 49 2 8 1 3 0
1 11 2 52 1 39 3
1 4 1 35 3 26 2
0 31 1 59 1 50 2
0 48 0 56 1 47 2
1 27 3 50 1 14 0
0 33 2 49 2 7 0
1 34 2 30 1 50 1
1 38 1 23 2 12 0
0 24 3 43 0 49 1
1 49 2 8 1 3 0
1 11 2 52 1 39 3
1 4 1 35 3 26 2
0 31 1 59 1 50 2
0 48 0 56 1 47 2
1 27 3 50 1 14 0
0 33 2 49 2 7 0
1 34 2 30 1 50 1
1 38 1 23 2 12 0
0 24 3 43 0 49 1
1 49 2 8 1 3 0
1 11 2 52 1 39 3
1 4 1 35 3 26 2
0 31 1 59 1 50 2
0 48 0 56 1 47 2
1 27 3 50 1 14 0
0 33 2 49 2 7 0
1 34 2 30 1 50 1
1 38 1 23 2 12 0
0 24 3 43 0 49 1
1 49 2 8 1 3 0
1 11 2 52 1 39 3
1 4 1 35 3 26 2
0 31 1 59 1 50 2
0 48 0 56 1 47 2
1 27 3 50 1 14 0
0 33 2 49 2 7 0
1 34 2 30 1 50 1
1 38 1 23 2 12 0
0 24 3 43 0 49 1
1 49 2 8 1 3 0
1 11 2 52 1 39 3
1 4 1 35 3 26 2
0 31 1 59 1 50 2
0 48 0 56 1 47 2
1 27 3 50 1 14 0
0 33 2 49 2 7 0
1 34 2 30 1 50 1
1 38 1 23 2 12 0
0 24 3 43 0 49 1
1 49 2 8 1 3 0
1 11 2 52 1 39 3
0 36 3 33 1 55 2
0 26 0 40 2 1 2
0 58 2 27 0 32 0
0 54 0 28 3 3 3
0 2 3 51 1 61 2
1 37 1 45 2 16 3
1 29 2 11 1 14 2
0 33 0 16 1 17 2
1 23 2 41 3 9 3
1 45 1 46 0 34 0
1 4 1 35 3 26 2
0 31 1 59 1 50 2
0 48 0 56 1 47 2
1 27 3 50 1 14 0
0 33 2 49 2 7 0
1 34 2 30 1 50 1
1 38 1 23 2 12 0
0 24 3 43 0 49 1
1 49 2 8 1 3 0
1 11 2 52 1 39 3
1 4 1 35 3 26 2
0 31 1 59 1 50 2
0 48 0 56 1 47 2
1 27 3 50 1 14 0
0 33 2 49 2 7 0
1 34 2 30 1 50 1
1 38 1 23 2 12 0
0 24 3 43 0 49 1
1 49 2 8 1 3 0
1 11 2 52 1 39 3
1 51 1 31 0 50 2
0 40 3 15 1 22 2
1 41 1 16 3 58 0
0 27 3 3 0 48 1
1 56 1 39 3 59 0
1 50 2 9 0 43 2
1 22 0 27 3 42 2
1 36 2 32 0 51 3
0 28 0 29 0 16 0
1 59 3 9 1 18 3
1 4 1 35 3 26 2
0 31 1 59 1 50 2
0 48 0 56 1 47 2
1 27 3 50 1 14 0
0 33 2 49 2 7 0
1 34 2 30 1 50 1
1 38 1 23 2 12 0
0 24 3 43 0 49 1
1 49 2 8 1 3 0
1 11 2 52 1 39 3
0 17 1 58 0 46 3
0 50 0 34 2 11 0
1 22 1 30 1 33 0
0 38 1 32 0 8 3
0 31 2 56 3 16 3
1 16 3 26 0 50 2
1 6 0 43 0 16 3
0 4 0 19 0 12 1
0 18 3 25 1 10 3
0 27 3 24 2 33 3
1 16 3 34 1 1 3
1 36 3 3 1 46 1
1 7 3 51 1 5 3
1 40 0 59 0 3 0
1 54 2 55 1 62 1
0 29 0 28 0 27 2
1 28 3 10 3 18 2
1 48 1 57 0 25 3
0 54 1 56 2 15 3
1 26 2 0 3 39 1
1 53 0 49 1 39 1
1 3 1 42 1 45 1
0 36 0 0 0 24 2
1 38 2 52 3 27 1
0 49 2 30 0 28 3
0 43 0 25 1 59 3
1 10 3 58 1 52 1
1 56 3 10 0 1 1
1 39 1 14 1 39 3
1 31 1 13 0 28 0
1 4 1 35 3 26 2
0 31 1 59 1 50 2
0 48 0 56 1 47 2
1 27 3 50 1 14 0
0 33 2 49 2 7 0
1 34 2 30 1 50 1
1 38 1 23 2 12 0
0 24 3 43 0 49 1
1 49 2 8 1 3 0
1 11 2 52 1 39 3
1 4 1 35 3 26 2
0 31 1 59 1 50 2
0 48 0 56 1 47 2
1 27 3 50 1 14 0
0 33 2 49 2 7 0
1 34 2 30 1 50 1
1 38 1 23 2 12 0
0 24 3 43 0 49 1
1 49 2 8 1 3 0
1 11 2 52 1 39 3
1 4 1 35 3 26 2
0 31 1 59 1 50 2
0 48 0 56 1 47 2
1 27 3 50 1 14 0
0 33 2 49 2 7 0
1 34 2 30 1 50 1
1 38 1 23 2 12 0
0 24 3 43 0 49 1
1 49 2 8 1 3 0
1 11 2 52 1 39 3
1 4 1 35 3 26 2
0 31 1 59 1 50 2
0 48 0 56 1 47 2
1 27 3 50 1 14 0
0 33 2 49 2 7 0
1 34 2 30 1 50 1
1 38 1 23 2 12 0
0 24 3 43 0 49 1
1 49 2 8 1 3 0
1 11 2 52 1 39 3
0 63 3 26 0 18 2
0 63 3 16 0 46 2
0 37 0 27 2 22 3
0 44 3 21 3 53 0
0 5 0 23 2 14 3
0 49 3 57 3 16 2
0 42 3 25 0 12 3
1 31 1 18 3 31 3
1 38 0 44 2 17 3
1 17 2 11 2 55 3
0 35 1 55 1 62 3
1 53 2 9 1 24 0
0 15 0 16 2 44 2
0 63 2 9 1 40 3
1 36 2 21 0 47 0
0 7 1 41 1 42 3
1 46 1 51 2 50 1
0 5 2 33 2 32 3
0 41 3 34 3 42 2
0 47 1 25 1 26 0
1 4 1 35 3 26 2
0 31 1 59 1 50 2
0 48 0 56 1 47 2
1 27 3 50 1 14 0
0 33 2 49 2 7 0
1 34 2 30 1 50 1
1 38 1 23 2 12 0
0 24 3 43 0 49 1
1 49 2 8 1 3 0
1 11 2 52 1 39 3
1 4 1 35 3 26 2
0 31 1 59 1 50 2
0 48 0 56 1 47 2
1 27 3 50 1 14 0
0 33 2 49 2 7 0
1 34 2 30 1 50 1
1 38 1 23 2 12 0
0 24 3 43 0 49 1
1 49 2 8 1 3 0
1 11 2 52 1 39 3
1 4 1 35 3 26 2
0 31 1 59 1 50 2
0 48 0 56 1 47 2
1 27 3 50 1 14 0
0 33 2 49 2 7 0
1 34 2 30 1 50 1
1 38 1 23 2 12 0
0 24 3 43 0 49 1
1 49 2 8 1 3 0
1 11 2 52 1 39 3
1 4 1 35 3 26 2
0 31 1 59 1 50 2
0 48 0 56 1 47 2
1 27 3 50 1 14 0
0 33 2 49 2 7 0
1 34 2 30 1 50 1
1 38 1 23 2 12 0
0 24 3 43 0 49 1
1 49 2 8 1 3 0
1 11 2 52 1 39 3
1 4 1 35 3 26 2
0 31 1 59 1 50 2
0 48 0 56 1 47 2
1 27 3 50 1 14 0
0 33 2 49 2 7 0
1 34 2 30 1 50 1
1 38 1 23 2 12 0
0 24 3 43 0 49 1
1 49 2 8 1 3 0
1 11 2 52 1 39 3
1 4 1 35 3 26 2
0 31 1 59 1 50 2
0 48 0 56 1 47 2
1 27 3 50 1 14 0
0 33 2 49 2 7 0
1 34 2 30 1 50 1
1 38 1 23 2 12 0
0 24 3 43 0 49 1
1 49 2 8 1 3 0
-1 11 2 52 1 39 3
