0 279 3 117 3 298 2
1 203 2 270 0 360 1
0 48 3 12 0 106 3
0 149 3 42 2 3 1
0 319 3 374 1 411 3
1 243 3 358 0 12 0
1 394 0 397 2 299 2
0 257 1 291 3 47 2
0 465 3 296 2 271 2
0 455 3 16 2 486 2
0 47 1 221 3 424 1
0 195 2 332 2 456 2
1 28 2 59 3 410 1
0 65 3 50 2 166 1
0 216 0 99 3 96 2
1 249 1 32 3 143 1
1 167 3 73 2 379 0
1 485 3 469 0 13 2
1 421 0 267 1 141 2
0 85 1 312 0 314 2
1 265 3 473 3 296 3
0 232 3 269 3 131 2
0 268 1 70 0 400 0
1 235 1 403 0 104 1
0 485 3 431 1 434 1
0 491 0 501 1 23 3
0 403 0 337 2 104 0
1 326 0 77 2 510 2
1 128 1 460 1 403 1
1 307 1 100 0 255 1
1 265 3 473 3 296 3
0 232 3 269 3 131 2
0 268 1 70 0 400 0
1 235 1 403 0 104 1
0 485 3 431 1 434 1
0 491 0 501 1 23 3
0 403 0 337 2 104 0
1 326 0 77 2 510 2
1 128 1 460 1 403 1
1 307 1 100 0 255 1
0 283 3 285 2 198 3
1 417 0 423 2 388 3
1 162 2 310 0 104 1
1 276 2 35 3 48 3
0 111 2 70 1 336 3
0 482 1 496 2 255 3
0 155 0 481 3 447 1
0 63 0 387 0 389 2
0 338 1 221 1 224 1
0 504 1 211 3 273 1
1 265 3 473 3 296 3
0 232 3 269 3 131 2
0 268 1 70 0 400 0
1 235 1 403 0 104 1
0 485 3 431 1 434 1
0 491 0 501 1 23 3
0 403 0 337 2 104 0
1 326 0 77 2 510 2
1 128 1 460 1 403 1
1 307 1 100 0 255 1
0 33 0 21 3 186 3
1 33 0 361 2 53 1
0 222 2 403 3 403 0
1 172 0 455 2 80 2
1 221 2 142 1 234 0
0 8 1 243 0 165 0
1 378 0 254 3 144 0
1 30 3 85 3 491 3
1 277 1 431 2 147 1
1 320 0 292 1 87 1
1 16 0 36 2 238 2
1 229 0 19 1 393 0
1 380 2 422 3 60 3
0 333 2 259 0 236 0
1 368 3 329 0 227 1
0 98 2 480 2 101 1
0 319 3 219 3 116 2
1 361 2 247 1 96 2
1 5 1 246 1 302 1
1 101 1 98 3 423 3
1 265 3 473 3 296 3
0 232 3 269 3 131 2
0 268 1 70 0 400 0
1 235 1 403 0 104 1
0 485 3 431 1 434 1
0 491 0 501 1 23 3
0 403 0 337 2 104 0
1 326 0 77 2 510 2
1 128 1 460 1 403 1
1 307 1 100 0 255 1
1 265 3 473 3 296 3
0 232 3 269 3 131 2
0 268 1 70 0 400 0
1 235 1 403 0 104 1
0 485 3 431 1 434 1
0 491 0 501 1 23 3
0 403 0 337 2 104 0
1 326 0 77 2 510 2
1 128 1 460 1 403 1
1 307 1 100 0 255 1
0 76 3 159 3 486 0
1 318 2 354 0 130 0
0 439 3 330 1 198 3
1 3 1 445 3 6 2
1 485 2 19 0 416 3
0 228 3 124 0 433 3
0 31 1 389 2 196 2
1 438 1 150 1 156 3
1 358 3 342 3 415 2
1 29 0 370 2 222 1
1 265 3 473 3 296 3
0 232 3 269 3 131 2
0 268 1 70 0 400 0
1 235 1 403 0 104 1
0 485 3 431 1 434 1
0 491 0 501 1 23 3
0 403 0 337 2 104 0
1 326 0 77 2 510 2
1 128 1 460 1 403 1
1 307 1 100 0 255 1
0 242 3 466 3 142 0
0 182 1 72 0 265 0
1 339 0 243 3 416 1
1 208 1 192 3 191 0
1 168 1 341 3 70 3
0 407 0 101 2 203 3
0 166 2 393 2 35 0
0 196 0 459 3 80 2
0 364 0 117 3 370 1
0 37 3 368 0 477 1
1 265 3 473 3 296 3
0 232 3 269 3 131 2
0 268 1 70 0 400 0
1 235 1 403 0 104 1
0 485 3 431 1 434 1
0 491 0 501 1 23 3
0 403 0 337 2 104 0
1 326 0 77 2 510 2
1 128 1 460 1 403 1
1 307 1 100 0 255 1
1 86 2 444 0 448 2
1 159 0 451 0 143 2
1 73 2 363 2 492 1
1 124 1 217 1 142 3
1 299 2 92 0 174 1
0 30 3 440 2 377 3
1 146 1 268 0 269 0
0 364 1 58 1 164 2
0 450 3 213 0 145 0
1 406 1 506 3 64 2
1 265 3 473 3 296 3
0 232 3 269 3 131 2
0 268 1 70 0 400 0
1 235 1 403 0 104 1
0 485 3 431 1 434 1
0 491 0 501 1 23 3
0 403 0 337 2 104 0
1 326 0 77 2 510 2
1 128 1 460 1 403 1
1 307 1 100 0 255 1
0 402 3 467 2 278 3
0 11 0 464 0 434 2
0 220 3 471 1 132 3
1 171 1 182 1 207 0
0 117 1 306 2 223 3
1 155 0 60 2 183 3
1 491 2 70 3 359 3
0 80 3 463 3 128 0
1 118 2 282 0 451 3
1 159 1 379 0 247 0
1 479 2 101 1 106 3
1 511 3 506 1 27 1
0 331 2 457 0 458 0
0 57 1 292 0 30 0
0 45 3 318 3 474 2
1 57 1 286 0 275 3
0 462 0 467 0 25 2
1 199 2 481 2 403 2
1 34 0 84 2 44 2
0 65 0 490 1 509 3
1 265 3 473 3 296 3
0 232 3 269 3 131 2
0 268 1 70 0 400 0
1 235 1 403 0 104 1
0 485 3 431 1 434 1
0 491 0 501 1 23 3
0 403 0 337 2 104 0
1 326 0 77 2 510 2
1 128 1 460 1 403 1
1 307 1 100 0 255 1
1 265 3 473 3 296 3
0 232 3 269 3 131 2
0 268 1 70 0 400 0
1 235 1 403 0 104 1
0 485 3 431 1 434 1
0 491 0 501 1 23 3
0 403 0 337 2 104 0
1 326 0 77 2 510 2
1 128 1 460 1 403 1
1 307 1 100 0 255 1
1 265 3 473 3 296 3
0 232 3 269 3 131 2
0 268 1 70 0 400 0
1 235 1 403 0 104 1
0 485 3 431 1 434 1
0 491 0 501 1 23 3
0 403 0 337 2 104 0
1 326 0 77 2 510 2
1 128 1 460 1 403 1
1 307 1 100 0 255 1
1 265 3 473 3 296 3
0 232 3 269 3 131 2
0 268 1 70 0 400 0
1 235 1 403 0 104 1
0 485 3 431 1 434 1
0 491 0 501 1 23 3
0 403 0 337 2 104 0
1 326 0 77 2 510 2
1 128 1 460 1 403 1
1 307 1 100 0 255 1
0 237 3 116 3 408 1
0 189 1 48 3 282 0
1 103 3 396 1 328 3
1 277 0 184 0 81 1
1 212 3 21 3 482 2
0 197 2 91 2 174 3
0 212 2 345 0 23 0
0 430 3 417 0 357 2
1 88 3 284 0 113 0
0 21 3 438 0 413 2
1 265 3 473 3 296 3
0 232 3 269 3 131 2
0 268 1 70 0 400 0
1 235 1 403 0 104 1
0 485 3 431 1 434 1
0 491 0 501 1 23 3
0 403 0 337 2 104 0
1 326 0 77 2 510 2
1 128 1 460 1 403 1
1 307 1 100 0 255 1
1 265 3 473 3 296 3
0 232 3 269 3 131 2
0 268 1 70 0 400 0
1 235 1 403 0 104 1
0 485 3 431 1 434 1
0 491 0 501 1 23 3
0 403 0 337 2 104 0
1 326 0 77 2 510 2
1 128 1 460 1 403 1
1 307 1 100 0 255 1
1 265 3 473 3 296 3
0 232 3 269 3 131 2
0 268 1 70 0 400 0
1 235 1 403 0 104 1
0 485 3 431 1 434 1
0 491 0 501 1 23 3
0 403 0 337 2 104 0
1 326 0 77 2 510 2
1 128 1 460 1 403 1
1 307 1 100 0 255 1
1 265 3 473 3 296 3
0 232 3 269 3 131 2
0 268 1 70 0 400 0
1 235 1 403 0 104 1
0 485 3 431 1 434 1
0 491 0 501 1 23 3
0 403 0 337 2 104 0
1 326 0 77 2 510 2
1 128 1 460 1 403 1
1 307 1 100 0 255 1
0 121 2 296 2 79 2
1 121 3 482 0 166 2
0 167 1 249 2 11 2
0 17 2 280 3 229 0
1 490 0 11 2 126 2
0 21 1 110 1 281 3
1 302 3 366 0 103 2
0 290 3 156 2 207 2
1 460 2 425 0 86 1
1 335 1 468 2 19 2
1 459 1 30 2 37 3
0 213 1 153 0 457 1
1 413 0 357 0 312 1
0 91 1 340 0 308 1
0 309 2 89 0 237 2
1 312 3 478 3 137 3
1 200 0 462 0 259 3
1 340 3 317 3 426 2
1 424 3 295 0 485 3
1 369 1 307 3 351 1
0 489 2 71 3 286 2
0 503 3 137 0 164 2
0 469 0 403 1 89 2
0 416 0 13 3 219 1
1 93 0 247 1 451 2
0 156 1 443 1 276 1
0 9 1 313 0 166 3
0 503 3 146 3 416 1
0 14 1 244 1 399 2
0 117 2 249 1 169 1
1 265 3 473 3 296 3
0 232 3 269 3 131 2
0 268 1 70 0 400 0
1 235 1 403 0 104 1
0 485 3 431 1 434 1
0 491 0 501 1 23 3
0 403 0 337 2 104 0
1 326 0 77 2 510 2
1 128 1 460 1 403 1
1 307 1 100 0 255 1
1 265 3 473 3 296 3
0 232 3 269 3 131 2
0 268 1 70 0 400 0
1 235 1 403 0 104 1
0 485 3 431 1 434 1
0 491 0 501 1 23 3
0 403 0 337 2 104 0
1 326 0 77 2 510 2
1 128 1 460 1 403 1
1 307 1 100 0 255 1
1 265 3 473 3 296 3
0 232 3 269 3 131 2
0 268 1 70 0 400 0
1 235 1 403 0 104 1
0 485 3 431 1 434 1
0 491 0 501 1 23 3
0 403 0 337 2 104 0
1 326 0 77 2 510 2
1 128 1 460 1 403 1
1 307 1 100 0 255 1
1 265 3 473 3 296 3
0 232 3 269 3 131 2
0 268 1 70 0 400 0
1 235 1 403 0 104 1
0 485 3 431 1 434 1
0 491 0 501 1 23 3
0 403 0 337 2 104 0
1 326 0 77 2 510 2
1 128 1 460 1 403 1
1 307 1 100 0 255 1
0 412 2 274 3 360 2
1 280 0 205 2 392 3
0 381 3 171 0 327 3
0 266 0 357 0 12 1
1 156 3 128 0 228 2
0 430 2 306 1 505 1
1 17 2 147 0 493 2
0 245 3 450 2 90 0
0 443 3 149 0 184 2
1 335 3 84 0 390 0
1 265 3 473 3 296 3
0 232 3 269 3 131 2
0 268 1 70 0 400 0
1 235 1 403 0 104 1
0 485 3 431 1 434 1
0 491 0 501 1 23 3
0 403 0 337 2 104 0
1 326 0 77 2 510 2
1 128 1 460 1 403 1
1 307 1 100 0 255 1
1 265 3 473 3 296 3
0 232 3 269 3 131 2
0 268 1 70 0 400 0
1 235 1 403 0 104 1
0 485 3 431 1 434 1
0 491 0 501 1 23 3
0 403 0 337 2 104 0
1 326 0 77 2 510 2
1 128 1 460 1 403 1
1 307 1 100 0 255 1
1 265 3 473 3 296 3
0 232 3 269 3 131 2
0 268 1 70 0 400 0
1 235 1 403 0 104 1
0 485 3 431 1 434 1
0 491 0 501 1 23 3
0 403 0 337 2 104 0
1 326 0 77 2 510 2
1 128 1 460 1 403 1
1 307 1 100 0 255 1
1 265 3 473 3 296 3
0 232 3 269 3 131 2
0 268 1 70 0 400 0
1 235 1 403 0 104 1
0 485 3 431 1 434 1
0 491 0 501 1 23 3
0 403 0 337 2 104 0
1 326 0 77 2 510 2
1 128 1 460 1 403 1
1 307 1 100 0 255 1
1 265 3 473 3 296 3
0 232 3 269 3 131 2
0 268 1 70 0 400 0
1 235 1 403 0 104 1
0 485 3 431 1 434 1
0 491 0 501 1 23 3
0 403 0 337 2 104 0
1 326 0 77 2 510 2
1 128 1 460 1 403 1
1 307 1 100 0 255 1
1 265 3 473 3 296 3
0 232 3 269 3 131 2
0 268 1 70 0 400 0
1 235 1 403 0 104 1
0 485 3 431 1 434 1
0 491 0 501 1 23 3
0 403 0 337 2 104 0
1 326 0 77 2 510 2
1 128 1 460 1 403 1
1 307 1 100 0 255 1
1 265 3 473 3 296 3
0 232 3 269 3 131 2
0 268 1 70 0 400 0
1 235 1 403 0 104 1
0 485 3 431 1 434 1
0 491 0 501 1 23 3
0 403 0 337 2 104 0
1 326 0 77 2 510 2
1 128 1 460 1 403 1
1 307 1 100 0 255 1
0 159 3 19 1 260 3
0 474 3 68 3 483 2
0 118 1 425 0 449 1
0 145 1 486 1 202 0
0 57 2 176 1 287 3
0 426 0 439 3 33 2
1 392 2 283 0 77 2
0 107 0 240 3 129 3
0 315 3 379 2 177 2
1 281 0 468 2 252 0
0 398 1 359 2 131 0
1 207 3 339 0 232 3
0 148 3 186 3 272 1
0 349 3 223 2 316 0
0 508 1 105 0 271 2
1 133 0 127 1 87 0
0 338 2 470 0 458 3
0 298 2 133 3 79 3
0 64 2 496 1 18 2
0 75 1 371 1 285 3
1 265 3 473 3 296 3
0 232 3 269 3 131 2
0 268 1 70 0 400 0
1 235 1 403 0 104 1
0 485 3 431 1 434 1
0 491 0 501 1 23 3
0 403 0 337 2 104 0
1 326 0 77 2 510 2
1 128 1 460 1 403 1
1 307 1 100 0 255 1
1 265 3 473 3 296 3
0 232 3 269 3 131 2
0 268 1 70 0 400 0
1 235 1 403 0 104 1
0 485 3 431 1 434 1
0 491 0 501 1 23 3
0 403 0 337 2 104 0
1 326 0 77 2 510 2
1 128 1 460 1 403 1
1 307 1 100 0 255 1
1 265 3 473 3 296 3
0 232 3 269 3 131 2
0 268 1 70 0 400 0
1 235 1 403 0 104 1
0 485 3 431 1 434 1
0 491 0 501 1 23 3
0 403 0 337 2 104 0
1 326 0 77 2 510 2
1 128 1 460 1 403 1
1 307 1 100 0 255 1
1 265 3 473 3 296 3
0 232 3 269 3 131 2
0 268 1 70 0 400 0
1 235 1 403 0 104 1
0 485 3 431 1 434 1
0 491 0 501 1 23 3
0 403 0 337 2 104 0
1 326 0 77 2 510 2
1 128 1 460 1 403 1
1 307 1 100 0 255 1
1 265 3 473 3 296 3
0 232 3 269 3 131 2
0 268 1 70 0 400 0
1 235 1 403 0 104 1
0 485 3 431 1 434 1
0 491 0 501 1 23 3
0 403 0 337 2 104 0
1 326 0 77 2 510 2
1 128 1 460 1 403 1
1 307 1 100 0 255 1
1 265 3 473 3 296 3
0 232 3 269 3 131 2
0 268 1 70 0 400 0
1 235 1 403 0 104 1
0 485 3 431 1 434 1
0 491 0 501 1 23 3
0 403 0 337 2 104 0
1 326 0 77 2 510 2
1 128 1 460 1 403 1
1 307 1 100 0 255 1
1 265 3 473 3 296 3
0 232 3 269 3 131 2
0 268 1 70 0 400 0
1 235 1 403 0 104 1
0 485 3 431 1 434 1
0 491 0 501 1 23 3
0 403 0 337 2 104 0
1 326 0 77 2 510 2
1 128 1 460 1 403 1
1 307 1 100 0 255 1
1 265 3 473 3 296 3
0 232 3 269 3 131 2
0 268 1 70 0 400 0
1 235 1 403 0 104 1
0 485 3 431 1 434 1
0 491 0 501 1 23 3
0 403 0 337 2 104 0
1 326 0 77 2 510 2
1 128 1 460 1 403 1
1 307 1 100 0 255 1
1 265 3 473 3 296 3
0 232 3 269 3 131 2
0 268 1 70 0 400 0
1 235 1 403 0 104 1
0 485 3 431 1 434 1
0 491 0 501 1 23 3
0 403 0 337 2 104 0
1 326 0 77 2 510 2
1 128 1 460 1 403 1
1 307 1 100 0 255 1
1 114 3 389 0 45 1
1 234 1 501 3 317 2
1 308 2 134 1 72 2
1 298 3 503 0 155 3
0 230 3 56 0 273 3
0 65 3 318 3 232 0
0 202 0 127 0 123 3
0 27 0 277 2 420 1
1 487 2 199 1 233 1
1 192 3 488 2 393 0
1 265 3 473 3 296 3
0 232 3 269 3 131 2
0 268 1 70 0 400 0
1 235 1 403 0 104 1
0 485 3 431 1 434 1
0 491 0 501 1 23 3
0 403 0 337 2 104 0
1 326 0 77 2 510 2
1 128 1 460 1 403 1
1 307 1 100 0 255 1
1 498 2 320 1 297 1
1 218 1 222 0 21 3
1 380 0 347 0 10 3
0 489 1 214 1 359 0
1 208 3 210 3 113 3
0 10 1 346 2 432 0
0 331 3 157 0 314 1
0 100 1 347 2 218 3
0 284 0 423 3 68 0
0 139 1 208 1 62 3
1 265 3 473 3 296 3
0 232 3 269 3 131 2
0 268 1 70 0 400 0
1 235 1 403 0 104 1
0 485 3 431 1 434 1
0 491 0 501 1 23 3
0 403 0 337 2 104 0
1 326 0 77 2 510 2
1 128 1 460 1 403 1
1 307 1 100 0 255 1
1 265 3 473 3 296 3
0 232 3 269 3 131 2
0 268 1 70 0 400 0
1 235 1 403 0 104 1
0 485 3 431 1 434 1
0 491 0 501 1 23 3
0 403 0 337 2 104 0
1 326 0 77 2 510 2
1 128 1 460 1 403 1
1 307 1 100 0 255 1
1 265 3 473 3 296 3
0 232 3 269 3 131 2
0 268 1 70 0 400 0
1 235 1 403 0 104 1
0 485 3 431 1 434 1
0 491 0 501 1 23 3
0 403 0 337 2 104 0
1 326 0 77 2 510 2
1 128 1 460 1 403 1
1 307 1 100 0 255 1
1 265 3 473 3 296 3
0 232 3 269 3 131 2
0 268 1 70 0 400 0
1 235 1 403 0 104 1
0 485 3 431 1 434 1
0 491 0 501 1 23 3
0 403 0 337 2 104 0
1 326 0 77 2 510 2
1 128 1 460 1 403 1
1 307 1 100 0 255 1
1 265 3 473 3 296 3
0 232 3 269 3 131 2
0 268 1 70 0 400 0
1 235 1 403 0 104 1
0 485 3 431 1 434 1
0 491 0 501 1 23 3
0 403 0 337 2 104 0
1 326 0 77 2 510 2
1 128 1 460 1 403 1
1 307 1 100 0 255 1
1 265 3 473 3 296 3
0 232 3 269 3 131 2
0 268 1 70 0 400 0
1 235 1 403 0 104 1
0 485 3 431 1 434 1
0 491 0 501 1 23 3
0 403 0 337 2 104 0
1 326 0 77 2 510 2
1 128 1 460 1 403 1
1 307 1 100 0 255 1
1 415 1 285 1 124 1
0 128 3 411 0 384 2
1 217 0 171 2 201 2
0 24 3 312 2 229 0
1 187 0 261 0 27 2
1 493 0 36 2 190 0
0 314 0 398 1 273 2
0 293 1 254 0 198 2
1 94 0 511 2 501 0
1 184 0 205 2 379 2
1 265 3 473 3 296 3
0 232 3 269 3 131 2
0 268 1 70 0 400 0
1 235 1 403 0 104 1
0 485 3 431 1 434 1
0 491 0 501 1 23 3
0 403 0 337 2 104 0
1 326 0 77 2 510 2
1 128 1 460 1 403 1
1 307 1 100 0 255 1
1 265 3 473 3 296 3
0 232 3 269 3 131 2
0 268 1 70 0 400 0
1 235 1 403 0 104 1
0 485 3 431 1 434 1
0 491 0 501 1 23 3
0 403 0 337 2 104 0
1 326 0 77 2 510 2
1 128 1 460 1 403 1
1 307 1 100 0 255 1
1 465 0 337 3 508 0
0 503 2 249 3 219 2
0 407 1 356 1 266 0
0 391 0 207 1 280 2
0 506 3 271 3 363 0
1 261 2 427 2 272 0
1 203 1 166 0 324 3
0 278 1 34 2 435 3
0 135 2 270 3 423 0
1 143 0 443 1 160 1
1 265 3 473 3 296 3
0 232 3 269 3 131 2
0 268 1 70 0 400 0
1 235 1 403 0 104 1
0 485 3 431 1 434 1
0 491 0 501 1 23 3
0 403 0 337 2 104 0
1 326 0 77 2 510 2
1 128 1 460 1 403 1
1 307 1 100 0 255 1
1 4 3 511 2 393 2
1 241 0 26 0 413 3
1 429 3 6 3 274 0
0 380 3 432 1 435 0
1 380 1 347 2 511 1
0 372 0 322 3 25 3
1 303 3 177 1 13 3
1 377 2 239 3 53 1
1 106 3 388 1 159 3
0 257 3 120 1 342 1
1 265 3 473 3 296 3
0 232 3 269 3 131 2
0 268 1 70 0 400 0
1 235 1 403 0 104 1
0 485 3 431 1 434 1
0 491 0 501 1 23 3
0 403 0 337 2 104 0
1 326 0 77 2 510 2
1 128 1 460 1 403 1
1 307 1 100 0 255 1
0 201 2 404 1 297 0
1 79 0 503 0 505 2
1 12 1 397 0 509 0
0 129 1 330 0 432 3
0 223 2 268 1 401 1
1 133 1 476 0 14 0
1 245 3 128 0 86 1
1 285 3 401 0 35 3
1 359 2 412 3 439 2
0 311 3 258 1 353 1
1 265 3 473 3 296 3
0 232 3 269 3 131 2
0 268 1 70 0 400 0
1 235 1 403 0 104 1
0 485 3 431 1 434 1
0 491 0 501 1 23 3
0 403 0 337 2 104 0
1 326 0 77 2 510 2
1 128 1 460 1 403 1
1 307 1 100 0 255 1
1 265 3 473 3 296 3
0 232 3 269 3 131 2
0 268 1 70 0 400 0
1 235 1 403 0 104 1
0 485 3 431 1 434 1
0 491 0 501 1 23 3
0 403 0 337 2 104 0
1 326 0 77 2 510 2
1 128 1 460 1 403 1
1 307 1 100 0 255 1
0 153 2 331 2 219 3
1 317 2 76 2 16 3
0 276 0 117 1 62 1
1 309 3 283 2 148 3
0 278 1 232 0 317 0
1 194 2 446 3 52 0
0 196 0 70 0 296 3
0 352 0 99 3 286 1
1 325 1 205 1 377 2
1 128 1 203 3 229 1
1 265 3 473 3 296 3
0 232 3 269 3 131 2
0 268 1 70 0 400 0
1 235 1 403 0 104 1
0 485 3 431 1 434 1
0 491 0 501 1 23 3
0 403 0 337 2 104 0
1 326 0 77 2 510 2
1 128 1 460 1 403 1
1 307 1 100 0 255 1
1 300 3 71 3 320 3
0 66 2 26 3 421 3
1 257 2 403 3 486 1
1 255 3 399 0 399 0
1 195 0 384 3 459 3
1 236 3 67 0 408 0
0 439 3 490 3 380 3
1 115 0 321 3 367 3
1 492 1 95 1 107 3
1 276 2 156 1 16 3
1 265 3 473 3 296 3
0 232 3 269 3 131 2
0 268 1 70 0 400 0
1 235 1 403 0 104 1
0 485 3 431 1 434 1
0 491 0 501 1 23 3
0 403 0 337 2 104 0
1 326 0 77 2 510 2
1 128 1 460 1 403 1
1 307 1 100 0 255 1
1 265 3 473 3 296 3
0 232 3 269 3 131 2
0 268 1 70 0 400 0
1 235 1 403 0 104 1
0 485 3 431 1 434 1
0 491 0 501 1 23 3
0 403 0 337 2 104 0
1 326 0 77 2 510 2
1 128 1 460 1 403 1
1 307 1 100 0 255 1
1 265 3 473 3 296 3
0 232 3 269 3 131 2
0 268 1 70 0 400 0
1 235 1 403 0 104 1
0 485 3 431 1 434 1
0 491 0 501 1 23 3
0 403 0 337 2 104 0
1 326 0 77 2 510 2
1 128 1 460 1 403 1
1 307 1 100 0 255 1
1 265 3 473 3 296 3
0 232 3 269 3 131 2
0 268 1 70 0 400 0
1 235 1 403 0 104 1
0 485 3 431 1 434 1
0 491 0 501 1 23 3
0 403 0 337 2 104 0
1 326 0 77 2 510 2
1 128 1 460 1 403 1
1 307 1 100 0 255 1
1 265 3 473 3 296 3
0 232 3 269 3 131 2
0 268 1 70 0 400 0
1 235 1 403 0 104 1
0 485 3 431 1 434 1
0 491 0 501 1 23 3
0 403 0 337 2 104 0
1 326 0 77 2 510 2
1 128 1 460 1 403 1
1 307 1 100 0 255 1
1 265 3 473 3 296 3
0 232 3 269 3 131 2
0 268 1 70 0 400 0
1 235 1 403 0 104 1
0 485 3 431 1 434 1
0 491 0 501 1 23 3
0 403 0 337 2 104 0
1 326 0 77 2 510 2
1 128 1 460 1 403 1
1 307 1 100 0 255 1
1 265 3 473 3 296 3
0 232 3 269 3 131 2
0 268 1 70 0 400 0
1 235 1 403 0 104 1
0 485 3 431 1 434 1
0 491 0 501 1 23 3
0 403 0 337 2 104 0
1 326 0 77 2 510 2
1 128 1 460 1 403 1
1 307 1 100 0 255 1
1 265 3 473 3 296 3
0 232 3 269 3 131 2
0 268 1 70 0 400 0
1 235 1 403 0 104 1
0 485 3 431 1 434 1
0 491 0 501 1 23 3
0 403 0 337 2 104 0
1 326 0 77 2 510 2
1 128 1 460 1 403 1
1 307 1 100 0 255 1
1 265 3 473 3 296 3
0 232 3 269 3 131 2
0 268 1 70 0 400 0
1 235 1 403 0 104 1
0 485 3 431 1 434 1
0 491 0 501 1 23 3
0 403 0 337 2 104 0
1 326 0 77 2 510 2
1 128 1 460 1 403 1
1 307 1 100 0 255 1
1 265 3 473 3 296 3
0 232 3 269 3 131 2
0 268 1 70 0 400 0
1 235 1 403 0 104 1
0 485 3 431 1 434 1
0 491 0 501 1 23 3
0 403 0 337 2 104 0
1 326 0 77 2 510 2
1 128 1 460 1 403 1
1 307 1 100 0 255 1
1 265 3 473 3 296 3
0 232 3 269 3 131 2
0 268 1 70 0 400 0
1 235 1 403 0 104 1
0 485 3 431 1 434 1
0 491 0 501 1 23 3
0 403 0 337 2 104 0
1 326 0 77 2 510 2
1 128 1 460 1 403 1
1 307 1 100 0 255 1
1 265 3 473 3 296 3
0 232 3 269 3 131 2
0 268 1 70 0 400 0
1 235 1 403 0 104 1
0 485 3 431 1 434 1
0 491 0 501 1 23 3
0 403 0 337 2 104 0
1 326 0 77 2 510 2
1 128 1 460 1 403 1
1 307 1 100 0 255 1
1 265 3 473 3 296 3
0 232 3 269 3 131 2
0 268 1 70 0 400 0
1 235 1 403 0 104 1
0 485 3 431 1 434 1
0 491 0 501 1 23 3
0 403 0 337 2 104 0
1 326 0 77 2 510 2
1 128 1 460 1 403 1
1 307 1 100 0 255 1
1 303 3 445 0 103 2
1 504 0 327 0 399 0
0 359 1 122 3 339 1
0 111 3 221 2 489 2
1 153 0 417 0 204 2
0 19 2 410 0 2 0
1 250 0 161 2 433 0
0 333 2 53 0 284 3
1 475 3 132 0 474 2
1 102 0 93 3 97 1
0 91 3 296 2 89 2
0 115 2 2 0 351 3
1 282 1 403 2 277 0
0 179 1 184 0 389 2
0 97 1 115 3 174 0
0 61 1 464 1 0 0
1 134 2 107 0 479 0
1 276 3 251 1 135 1
0 108 3 451 0 470 1
1 244 2 149 3 254 2
1 265 3 473 3 296 3
0 232 3 269 3 131 2
0 268 1 70 0 400 0
1 235 1 403 0 104 1
0 485 3 431 1 434 1
0 491 0 501 1 23 3
0 403 0 337 2 104 0
1 326 0 77 2 510 2
1 128 1 460 1 403 1
1 307 1 100 0 255 1
1 265 3 473 3 296 3
0 232 3 269 3 131 2
0 268 1 70 0 400 0
1 235 1 403 0 104 1
0 485 3 431 1 434 1
0 491 0 501 1 23 3
0 403 0 337 2 104 0
1 326 0 77 2 510 2
1 128 1 460 1 403 1
1 307 1 100 0 255 1
0 107 0 389 2 328 1
1 376 0 496 3 245 2
0 18 0 63 2 31 2
0 108 2 299 3 361 1
0 374 1 220 0 23 3
1 97 3 384 2 87 0
1 267 3 70 0 172 1
1 226 3 14 0 253 2
0 324 0 224 2 281 3
1 221 0 138 0 226 2
1 265 3 473 3 296 3
0 232 3 269 3 131 2
0 268 1 70 0 400 0
1 235 1 403 0 104 1
0 485 3 431 1 434 1
0 491 0 501 1 23 3
0 403 0 337 2 104 0
1 326 0 77 2 510 2
1 128 1 460 1 403 1
1 307 1 100 0 255 1
1 265 3 473 3 296 3
0 232 3 269 3 131 2
0 268 1 70 0 400 0
1 235 1 403 0 104 1
0 485 3 431 1 434 1
0 491 0 501 1 23 3
0 403 0 337 2 104 0
1 326 0 77 2 510 2
1 128 1 460 1 403 1
1 307 1 100 0 255 1
1 265 3 473 3 296 3
0 232 3 269 3 131 2
0 268 1 70 0 400 0
1 235 1 403 0 104 1
0 485 3 431 1 434 1
0 491 0 501 1 23 3
0 403 0 337 2 104 0
1 326 0 77 2 510 2
1 128 1 460 1 403 1
1 307 1 100 0 255 1
1 265 3 473 3 296 3
0 232 3 269 3 131 2
0 268 1 70 0 400 0
1 235 1 403 0 104 1
0 485 3 431 1 434 1
0 491 0 501 1 23 3
0 403 0 337 2 104 0
1 326 0 77 2 510 2
1 128 1 460 1 403 1
1 307 1 100 0 255 1
0 351 0 244 0 356 1
0 278 2 88 0 250 2
1 305 1 416 0 425 1
1 451 0 511 3 379 3
0 462 1 499 3 284 1
1 420 0 506 3 70 2
1 351 0 51 1 128 3
1 47 1 323 3 239 0
0 128 2 387 1 3 1
0 424 0 316 2 197 1
1 4 0 103 3 191 2
1 320 2 448 1 113 1
0 494 3 205 2 79 1
1 145 2 375 0 504 3
0 249 0 173 0 314 1
1 272 0 459 2 340 2
0 17 1 100 2 294 3
0 326 2 273 1 213 3
1 384 1 68 3 7 0
0 244 1 188 0 10 0
1 265 3 473 3 296 3
0 232 3 269 3 131 2
0 268 1 70 0 400 0
1 235 1 403 0 104 1
0 485 3 431 1 434 1
0 491 0 501 1 23 3
0 403 0 337 2 104 0
1 326 0 77 2 510 2
1 128 1 460 1 403 1
-1 307 1 100 0 255 1
