0 94 1 1 1 111 2
1 167 1 20 0 10 0
0 206 2 39 3 40 2
1 30 0 187 3 143 3
0 90 2 100 3 140 0
1 61 2 249 3 177 1
1 181 2 250 1 204 2
0 247 2 141 1 176 0
1 237 2 129 1 63 2
1 186 2 28 3 117 2
1 118 1 79 3 251 2
0 191 2 22 0 204 2
0 171 0 248 1 117 3
0 217 2 230 3 225 3
0 157 3 135 2 120 3
1 109 1 212 2 74 3
0 67 1 72 3 25 1
0 157 2 91 3 252 3
0 105 0 44 0 118 2
1 205 1 228 0 253 3
1 248 3 52 2 81 3
1 1 1 40 0 184 2
1 99 2 108 3 248 3
1 210 0 166 0 50 2
0 95 0 86 2 245 0
1 226 3 237 0 157 1
0 58 0 215 2 111 3
0 29 1 174 2 247 2
1 91 0 2 3 81 1
1 41 1 205 3 182 1
1 225 1 89 2 142 3
0 205 3 239 2 175 2
0 87 2 93 1 28 0
1 61 0 53 0 188 0
0 236 2 122 0 113 3
1 138 2 35 3 211 3
0 195 0 190 1 184 1
1 168 1 233 0 130 0
1 40 2 213 2 239 3
0 204 3 126 2 11 2
0 94 1 1 1 111 2
1 167 1 20 0 10 0
0 206 2 39 3 40 2
1 30 0 187 3 143 3
0 90 2 100 3 140 0
1 61 2 249 3 177 1
1 181 2 250 1 204 2
0 247 2 141 1 176 0
1 237 2 129 1 63 2
1 186 2 28 3 117 2
0 94 1 1 1 111 2
1 167 1 20 0 10 0
0 206 2 39 3 40 2
1 30 0 187 3 143 3
0 90 2 100 3 140 0
1 61 2 249 3 177 1
1 181 2 250 1 204 2
0 247 2 141 1 176 0
1 237 2 129 1 63 2
1 186 2 28 3 117 2
0 94 1 1 1 111 2
1 167 1 20 0 10 0
0 206 2 39 3 40 2
1 30 0 187 3 143 3
0 90 2 100 3 140 0
1 61 2 249 3 177 1
1 181 2 250 1 204 2
0 247 2 141 1 176 0
1 237 2 129 1 63 2
1 186 2 28 3 117 2
0 94 1 1 1 111 2
1 167 1 20 0 10 0
0 206 2 39 3 40 2
1 30 0 187 3 143 3
0 90 2 100 3 140 0
1 61 2 249 3 177 1
1 181 2 250 1 204 2
0 247 2 141 1 176 0
1 237 2 129 1 63 2
1 186 2 28 3 117 2
0 209 0 68 0 171 0
0 8 0 84 3 160 3
0 122 0 215 0 60 2
0 113 3 147 1 109 3
1 113 1 184 2 94 3
1 57 2 17 0 100 0
0 249 2 185 0 195 1
1 127 0 134 1 20 0
0 138 2 166 2 21 1
0 193 0 181 2 246 3
1 79 3 192 1 66 0
1 54 3 116 1 229 1
1 123 3 183 0 47 0
1 124 2 223 3 202 0
1 76 1 180 0 39 3
0 90 1 31 1 158 3
1 209 2 82 3 159 1
1 137 0 131 2 75 0
0 204 1 158 0 42 3
1 191 1 223 3 32 2
0 94 1 1 1 111 2
1 167 1 20 0 10 0
0 206 2 39 3 40 2
1 30 0 187 3 143 3
0 90 2 100 3 140 0
1 61 2 249 3 177 1
1 181 2 250 1 204 2
0 247 2 141 1 176 0
1 237 2 129 1 63 2
1 186 2 28 3 117 2
0 94 1 1 1 111 2
1 167 1 20 0 10 0
0 206 2 39 3 40 2
1 30 0 187 3 143 3
0 90 2 100 3 140 0
1 61 2 249 3 177 1
1 181 2 250 1 204 2
0 247 2 141 1 176 0
1 237 2 129 1 63 2
1 186 2 28 3 117 2
0 94 1 1 1 111 2
1 167 1 20 0 10 0
0 206 2 39 3 40 2
1 30 0 187 3 143 3
0 90 2 100 3 140 0
1 61 2 249 3 177 1
1 181 2 250 1 204 2
0 247 2 141 1 176 0
1 237 2 129 1 63 2
1 186 2 28 3 117 2
0 74 3 115 0 171 1
1 116 3 115 0 197 0
0 203 3 198 3 44 2
0 21 1 197 1 253 3
0 11 2 202 1 228 1
1 165 3 46 0 148 1
0 199 2 236 1 79 0
1 246 3 17 3 69 3
0 30 3 24 2 102 1
0 8 3 238 3 140 0
0 94 1 1 1 111 2
1 167 1 20 0 10 0
0 206 2 39 3 40 2
1 30 0 187 3 143 3
0 90 2 100 3 140 0
1 61 2 249 3 177 1
1 181 2 250 1 204 2
0 247 2 141 1 176 0
1 237 2 129 1 63 2
1 186 2 28 3 117 2
0 94 1 1 1 111 2
1 167 1 20 0 10 0
0 206 2 39 3 40 2
1 30 0 187 3 143 3
0 90 2 100 3 140 0
1 61 2 249 3 177 1
1 181 2 250 1 204 2
0 247 2 141 1 176 0
1 237 2 129 1 63 2
1 186 2 28 3 117 2
1 86 3 199 1 87 3
1 45 1 214 2 142 2
0 47 0 198 1 81 1
1 254 1 236 0 168 3
1 8 1 187 1 64 1
1 73 0 236 1 66 2
1 135 3 199 1 136 1
1 132 0 246 0 246 0
0 127 0 223 3 32 0
0 99 3 22 1 45 3
0 94 1 1 1 111 2
1 167 1 20 0 10 0
0 206 2 39 3 40 2
1 30 0 187 3 143 3
0 90 2 100 3 140 0
1 61 2 249 3 177 1
1 181 2 250 1 204 2
0 247 2 141 1 176 0
1 237 2 129 1 63 2
1 186 2 28 3 117 2
0 94 1 1 1 111 2
1 167 1 20 0 10 0
0 206 2 39 3 40 2
1 30 0 187 3 143 3
0 90 2 100 3 140 0
1 61 2 249 3 177 1
1 181 2 250 1 204 2
0 247 2 141 1 176 0
1 237 2 129 1 63 2
1 186 2 28 3 117 2
0 94 1 1 1 111 2
1 167 1 20 0 10 0
0 206 2 39 3 40 2
1 30 0 187 3 143 3
0 90 2 100 3 140 0
1 61 2 249 3 177 1
1 181 2 250 1 204 2
0 247 2 141 1 176 0
1 237 2 129 1 63 2
1 186 2 28 3 117 2
1 72 3 177 2 168 3
0 162 3 52 1 194 1
1 204 2 47 1 64 2
0 44 0 117 3 71 1
1 235 1 22 2 76 1
0 23 3 55 1 1 3
1 13 2 13 3 118 2
1 58 3 45 2 190 3
0 248 1 40 2 128 0
0 67 3 68 1 1 2
1 69 3 254 3 197 2
0 147 1 86 3 71 1
1 5 2 142 2 130 2
0 84 3 223 2 80 2
0 123 1 163 1 56 2
0 123 2 37 2 167 1
0 241 2 128 2 193 0
1 181 3 154 3 234 1
1 22 1 245 2 251 1
0 123 2 91 1 125 2
0 94 1 1 1 111 2
1 167 1 20 0 10 0
0 206 2 39 3 40 2
1 30 0 187 3 143 3
0 90 2 100 3 140 0
1 61 2 249 3 177 1
1 181 2 250 1 204 2
0 247 2 141 1 176 0
1 237 2 129 1 63 2
1 186 2 28 3 117 2
1 98 2 42 2 15 0
1 180 1 31 0 166 1
0 119 2 198 3 187 2
0 178 1 239 2 82 0
1 125 1 64 0 41 0
1 114 1 124 3 227 2
0 217 2 117 1 64 2
0 96 1 247 3 227 2
1 228 2 221 1 106 0
1 16 3 175 1 111 3
0 102 3 240 2 72 0
1 176 0 221 0 173 1
1 245 0 161 1 204 0
1 24 2 114 3 184 0
0 154 3 240 0 167 0
1 198 3 191 2 186 1
0 65 1 10 2 32 2
0 42 0 72 1 54 0
0 221 2 112 2 157 0
1 9 2 38 3 171 2
1 75 2 19 3 142 1
0 232 2 200 1 24 1
1 91 2 111 0 119 3
1 178 1 236 2 7 0
0 131 2 11 1 79 1
0 35 1 41 0 45 3
1 39 2 231 0 106 3
0 150 2 104 0 195 2
1 131 1 184 2 169 3
0 71 0 15 2 22 2
0 94 1 1 1 111 2
1 167 1 20 0 10 0
0 206 2 39 3 40 2
1 30 0 187 3 143 3
0 90 2 100 3 140 0
1 61 2 249 3 177 1
1 181 2 250 1 204 2
0 247 2 141 1 176 0
1 237 2 129 1 63 2
1 186 2 28 3 117 2
0 145 3 13 2 172 2
0 48 3 219 3 18 1
1 136 3 173 1 43 0
0 4 3 149 0 170 2
1 196 0 203 3 211 1
1 242 2 31 1 110 0
1 51 0 232 2 43 2
1 62 0 155 3 170 2
0 164 0 123 2 115 1
0 205 3 142 0 231 3
1 130 1 176 1 126 1
0 55 1 81 2 167 0
1 230 2 230 2 243 0
1 255 1 49 0 171 0
0 9 0 174 0 119 2
0 251 2 4 0 48 2
0 113 0 124 3 175 2
0 28 1 43 2 215 1
0 118 1 74 2 34 2
1 13 1 41 3 63 0
0 94 1 1 1 111 2
1 167 1 20 0 10 0
0 206 2 39 3 40 2
1 30 0 187 3 143 3
0 90 2 100 3 140 0
1 61 2 249 3 177 1
1 181 2 250 1 204 2
0 247 2 141 1 176 0
1 237 2 129 1 63 2
1 186 2 28 3 117 2
0 94 1 1 1 111 2
1 167 1 20 0 10 0
0 206 2 39 3 40 2
1 30 0 187 3 143 3
0 90 2 100 3 140 0
1 61 2 249 3 177 1
1 181 2 250 1 204 2
0 247 2 141 1 176 0
1 237 2 129 1 63 2
1 186 2 28 3 117 2
1 244 3 213 2 85 0
0 96 3 100 0 125 2
1 68 1 72 2 193 2
1 80 3 168 3 230 0
1 201 2 104 3 121 2
1 52 2 121 0 246 1
1 190 3 163 1 136 2
0 56 0 106 2 54 3
1 9 0 139 3 122 2
0 254 2 228 0 105 0
0 94 1 1 1 111 2
1 167 1 20 0 10 0
0 206 2 39 3 40 2
1 30 0 187 3 143 3
0 90 2 100 3 140 0
1 61 2 249 3 177 1
1 181 2 250 1 204 2
0 247 2 141 1 176 0
1 237 2 129 1 63 2
1 186 2 28 3 117 2
0 94 1 1 1 111 2
1 167 1 20 0 10 0
0 206 2 39 3 40 2
1 30 0 187 3 143 3
0 90 2 100 3 140 0
1 61 2 249 3 177 1
1 181 2 250 1 204 2
0 247 2 141 1 176 0
1 237 2 129 1 63 2
1 186 2 28 3 117 2
0 55 0 169 3 149 2
1 49 1 37 0 112 1
0 240 0 172 2 154 0
0 46 3 104 2 156 3
1 136 2 88 3 50 2
0 80 1 103 2 112 1
1 116 3 206 2 88 2
0 134 0 192 1 251 3
0 203 0 248 1 79 3
1 57 1 226 1 86 1
0 33 0 70 0 17 2
1 169 1 136 0 230 1
1 87 1 250 3 58 3
0 80 0 247 0 118 0
1 56 1 183 2 215 2
1 231 2 107 3 64 3
0 252 0 17 0 162 1
1 35 3 133 0 130 1
0 7 3 75 2 145 1
1 72 0 143 2 53 3
0 127 2 142 1 203 1
0 24 1 243 3 246 2
1 139 3 52 1 84 0
0 215 1 62 0 75 1
1 89 1 1 0 19 0
1 83 3 123 2 196 2
0 68 3 99 3 2 3
0 48 3 214 0 172 3
0 172 0 13 2 165 0
1 234 1 186 1 65 2
0 94 1 1 1 111 2
1 167 1 20 0 10 0
0 206 2 39 3 40 2
1 30 0 187 3 143 3
0 90 2 100 3 140 0
1 61 2 249 3 177 1
1 181 2 250 1 204 2
0 247 2 141 1 176 0
1 237 2 129 1 63 2
1 186 2 28 3 117 2
0 94 1 1 1 111 2
1 167 1 20 0 10 0
0 206 2 39 3 40 2
1 30 0 187 3 143 3
0 90 2 100 3 140 0
1 61 2 249 3 177 1
1 181 2 250 1 204 2
0 247 2 141 1 176 0
1 237 2 129 1 63 2
1 186 2 28 3 117 2
0 88 2 135 2 33 1
1 77 1 242 3 178 2
1 134 2 139 3 125 2
0 77 0 118 1 80 2
1 236 0 73 1 253 1
1 141 1 218 2 180 0
1 90 0 227 1 156 1
0 240 2 174 3 206 0
0 191 1 198 3 1 2
0 5 0 41 0 16 0
0 94 1 1 1 111 2
1 167 1 20 0 10 0
0 206 2 39 3 40 2
1 30 0 187 3 143 3
0 90 2 100 3 140 0
1 61 2 249 3 177 1
1 181 2 250 1 204 2
0 247 2 141 1 176 0
1 237 2 129 1 63 2
1 186 2 28 3 117 2
1 188 2 168 2 140 2
0 58 2 232 3 61 0
0 9 0 78 0 82 1
1 12 3 189 3 122 1
0 92 2 114 2 24 3
0 179 2 183 1 180 3
0 147 3 92 3 174 1
0 1 1 228 3 131 2
0 69 3 1 0 68 1
0 105 1 139 0 6 2
1 22 2 213 0 132 3
1 96 2 196 3 109 1
0 87 3 143 2 147 0
0 163 2 189 1 50 1
1 217 1 132 3 85 3
0 5 0 12 0 46 2
1 3 3 117 3 122 2
1 201 2 218 3 11 0
1 134 1 214 1 74 2
0 191 0 217 3 194 2
1 70 2 1 0 32 0
1 147 0 48 0 40 0
1 77 0 211 3 22 2
1 24 3 235 2 182 1
1 232 0 151 0 88 3
0 114 3 151 1 14 1
0 60 3 93 0 14 2
1 100 1 9 2 242 1
1 246 1 7 1 225 3
0 60 3 130 2 157 0
1 222 1 173 0 134 2
1 8 1 177 3 198 3
0 125 2 46 2 220 3
1 27 1 70 3 185 3
0 19 2 10 2 111 2
1 13 1 5 0 56 2
0 137 3 209 1 141 1
1 183 1 169 3 57 1
1 47 2 204 0 47 1
1 229 0 242 1 141 2
0 93 1 182 3 87 0
0 163 0 174 3 20 0
0 86 3 145 2 193 1
0 124 3 163 1 22 2
0 245 2 4 3 242 3
0 6 2 160 2 202 0
0 22 0 191 0 13 1
1 130 1 37 0 61 2
0 185 2 220 0 240 1
1 139 3 93 0 17 2
0 94 1 1 1 111 2
1 167 1 20 0 10 0
0 206 2 39 3 40 2
1 30 0 187 3 143 3
0 90 2 100 3 140 0
1 61 2 249 3 177 1
1 181 2 250 1 204 2
0 247 2 141 1 176 0
1 237 2 129 1 63 2
1 186 2 28 3 117 2
0 94 1 1 1 111 2
1 167 1 20 0 10 0
0 206 2 39 3 40 2
1 30 0 187 3 143 3
0 90 2 100 3 140 0
1 61 2 249 3 177 1
1 181 2 250 1 204 2
0 247 2 141 1 176 0
1 237 2 129 1 63 2
1 186 2 28 3 117 2
0 94 1 1 1 111 2
1 167 1 20 0 10 0
0 206 2 39 3 40 2
1 30 0 187 3 143 3
0 90 2 100 3 140 0
1 61 2 249 3 177 1
1 181 2 250 1 204 2
0 247 2 141 1 176 0
1 237 2 129 1 63 2
1 186 2 28 3 117 2
0 94 1 1 1 111 2
1 167 1 20 0 10 0
0 206 2 39 3 40 2
1 30 0 187 3 143 3
0 90 2 100 3 140 0
1 61 2 249 3 177 1
1 181 2 250 1 204 2
0 247 2 141 1 176 0
1 237 2 129 1 63 2
1 186 2 28 3 117 2
1 70 0 58 1 137 3
0 248 2 92 1 208 3
0 132 0 56 0 111 1
0 138 1 229 3 194 0
0 31 2 102 3 17 3
0 250 1 38 0 140 0
0 213 2 4 1 32 0
0 119 3 35 1 3 2
0 153 1 96 3 4 0
0 203 3 205 0 237 0
1 83 0 123 0 120 0
1 140 1 250 3 181 1
0 8 2 121 2 160 1
1 39 3 178 2 53 1
1 135 3 197 3 53 3
0 179 3 147 1 32 2
1 247 1 244 1 159 1
1 196 0 56 1 187 1
0 213 0 206 2 20 0
1 182 1 230 2 221 2
1 68 1 1 2 19 3
1 42 3 239 0 118 2
0 188 0 104 3 209 1
0 170 3 135 2 5 1
0 125 0 249 3 126 0
0 181 1 2 0 201 3
0 80 3 165 3 96 1
1 153 2 179 2 152 0
1 123 2 219 2 54 3
1 232 3 227 0 145 0
0 94 1 1 1 111 2
1 167 1 20 0 10 0
0 206 2 39 3 40 2
1 30 0 187 3 143 3
0 90 2 100 3 140 0
1 61 2 249 3 177 1
1 181 2 250 1 204 2
0 247 2 141 1 176 0
1 237 2 129 1 63 2
1 186 2 28 3 117 2
0 245 3 111 0 107 0
1 111 0 155 3 48 0
1 60 0 7 1 248 3
0 244 0 53 2 109 1
0 93 3 105 0 12 0
1 39 0 240 3 231 3
0 6 0 58 1 203 2
1 136 2 250 0 77 3
0 196 3 10 1 203 2
0 54 0 175 0 133 0
0 186 2 202 1 23 1
1 220 0 254 2 62 0
1 106 2 248 3 218 1
0 56 1 47 2 238 2
1 117 2 35 3 6 2
1 249 3 131 1 116 1
0 82 2 162 2 144 2
1 218 0 104 3 204 1
1 110 1 130 1 27 2
1 74 3 46 0 153 0
0 94 1 1 1 111 2
1 167 1 20 0 10 0
0 206 2 39 3 40 2
1 30 0 187 3 143 3
0 90 2 100 3 140 0
1 61 2 249 3 177 1
1 181 2 250 1 204 2
0 247 2 141 1 176 0
1 237 2 129 1 63 2
1 186 2 28 3 117 2
0 58 2 33 0 36 1
0 7 0 134 1 121 2
0 11 0 241 1 16 1
0 104 0 50 2 85 2
0 218 2 80 3 171 2
0 87 0 174 3 47 3
1 69 0 131 0 245 2
0 34 2 187 0 30 2
0 97 3 42 2 85 3
1 180 2 15 3 115 1
0 63 2 209 0 135 3
0 204 2 157 0 65 0
1 45 2 101 2 227 1
0 78 3 45 3 191 1
0 33 1 181 0 206 0
0 202 2 62 1 50 1
1 202 2 76 2 109 1
1 194 1 106 3 110 1
1 58 2 69 2 251 2
0 93 2 193 1 16 2
0 94 1 1 1 111 2
1 167 1 20 0 10 0
0 206 2 39 3 40 2
1 30 0 187 3 143 3
0 90 2 100 3 140 0
1 61 2 249 3 177 1
1 181 2 250 1 204 2
0 247 2 141 1 176 0
1 237 2 129 1 63 2
1 186 2 28 3 117 2
1 46 3 226 2 82 0
0 134 2 214 2 238 0
1 87 3 19 2 128 3
0 172 3 116 1 124 2
1 51 2 52 0 127 2
1 152 2 56 0 33 1
1 94 0 163 3 112 3
0 22 3 124 0 156 3
1 86 2 254 0 229 3
1 104 0 93 3 19 3
1 46 1 45 0 25 2
1 183 3 191 2 106 1
1 174 1 131 3 52 3
1 2 1 160 0 227 0
0 187 0 149 0 224 0
0 57 1 18 1 66 3
0 47 3 166 3 221 0
1 128 1 186 0 236 3
0 101 2 168 0 94 1
0 221 2 165 0 172 1
0 94 1 1 1 111 2
1 167 1 20 0 10 0
0 206 2 39 3 40 2
1 30 0 187 3 143 3
0 90 2 100 3 140 0
1 61 2 249 3 177 1
1 181 2 250 1 204 2
0 247 2 141 1 176 0
1 237 2 129 1 63 2
1 186 2 28 3 117 2
0 94 1 1 1 111 2
1 167 1 20 0 10 0
0 206 2 39 3 40 2
1 30 0 187 3 143 3
0 90 2 100 3 140 0
1 61 2 249 3 177 1
1 181 2 250 1 204 2
0 247 2 141 1 176 0
1 237 2 129 1 63 2
1 186 2 28 3 117 2
0 32 2 76 0 72 0
0 175 1 204 3 51 3
0 154 0 153 0 184 2
0 201 2 171 3 102 2
1 218 2 246 1 82 0
1 1 1 170 1 21 2
0 172 0 187 0 67 3
1 147 1 78 0 182 1
1 196 2 154 0 10 3
1 179 3 106 3 49 2
1 244 0 128 1 89 2
1 15 1 210 0 238 2
1 139 0 195 3 173 3
1 63 0 46 0 148 3
0 40 2 178 0 118 0
1 86 1 7 1 64 0
1 166 1 233 1 223 2
0 5 3 46 0 36 0
1 250 0 241 1 151 3
1 23 2 245 2 196 0
0 94 1 1 1 111 2
1 167 1 20 0 10 0
0 206 2 39 3 40 2
1 30 0 187 3 143 3
0 90 2 100 3 140 0
1 61 2 249 3 177 1
1 181 2 250 1 204 2
0 247 2 141 1 176 0
1 237 2 129 1 63 2
1 186 2 28 3 117 2
0 94 1 1 1 111 2
1 167 1 20 0 10 0
0 206 2 39 3 40 2
1 30 0 187 3 143 3
0 90 2 100 3 140 0
1 61 2 249 3 177 1
1 181 2 250 1 204 2
0 247 2 141 1 176 0
1 237 2 129 1 63 2
1 186 2 28 3 117 2
0 10 0 18 0 43 3
1 53 2 9 0 79 2
0 242 3 109 0 211 3
0 34 3 196 3 199 0
1 42 0 170 3 190 3
1 255 3 77 3 244 1
0 141 3 229 0 59 0
0 50 1 233 2 87 0
0 51 0 160 3 95 2
0 255 3 68 1 146 1
0 94 1 1 1 111 2
1 167 1 20 0 10 0
0 206 2 39 3 40 2
1 30 0 187 3 143 3
0 90 2 100 3 140 0
1 61 2 249 3 177 1
1 181 2 250 1 204 2
0 247 2 141 1 176 0
1 237 2 129 1 63 2
1 186 2 28 3 117 2
0 94 1 1 1 111 2
1 167 1 20 0 10 0
0 206 2 39 3 40 2
1 30 0 187 3 143 3
0 90 2 100 3 140 0
1 61 2 249 3 177 1
1 181 2 250 1 204 2
0 247 2 141 1 176 0
1 237 2 129 1 63 2
1 186 2 28 3 117 2
0 150 0 224 0 239 3
1 251 3 151 1 12 0
1 133 3 194 1 178 1
1 227 1 1 1 176 2
1 196 0 42 2 130 0
1 117 0 101 3 24 3
1 116 0 91 3 175 2
0 94 2 171 0 140 0
0 150 3 146 2 144 1
1 103 0 60 1 146 3
0 65 3 10 0 93 2
0 82 3 9 3 7 1
1 107 2 227 0 157 0
1 54 0 132 1 255 2
0 83 3 229 0 211 3
0 57 3 79 1 209 2
0 230 0 32 0 49 2
1 240 0 144 1 34 1
1 187 2 207 1 113 2
1 213 3 40 2 209 0
1 129 2 4 2 50 2
1 148 1 70 0 5 3
1 232 0 22 1 92 1
0 25 3 4 3 215 0
1 111 2 186 1 129 3
1 164 3 19 2 72 3
0 166 0 80 1 56 0
1 86 3 164 3 133 1
0 183 2 217 0 216 2
0 238 1 14 1 169 1
0 94 1 1 1 111 2
1 167 1 20 0 10 0
0 206 2 39 3 40 2
1 30 0 187 3 143 3
0 90 2 100 3 140 0
1 61 2 249 3 177 1
1 181 2 250 1 204 2
0 247 2 141 1 176 0
1 237 2 129 1 63 2
1 186 2 28 3 117 2
0 93 1 120 2 41 1
1 170 1 227 0 123 1
0 143 1 163 0 226 2
1 150 3 107 0 213 2
1 136 2 69 2 11 2
1 166 0 199 2 194 1
1 246 2 126 0 156 2
0 104 3 35 2 110 2
1 115 3 203 3 241 3
0 63 2 199 0 123 1
0 94 1 1 1 111 2
1 167 1 20 0 10 0
0 206 2 39 3 40 2
1 30 0 187 3 143 3
0 90 2 100 3 140 0
1 61 2 249 3 177 1
1 181 2 250 1 204 2
0 247 2 141 1 176 0
1 237 2 129 1 63 2
1 186 2 28 3 117 2
0 94 1 1 1 111 2
1 167 1 20 0 10 0
0 206 2 39 3 40 2
1 30 0 187 3 143 3
0 90 2 100 3 140 0
1 61 2 249 3 177 1
1 181 2 250 1 204 2
0 247 2 141 1 176 0
1 237 2 129 1 63 2
1 186 2 28 3 117 2
0 149 3 179 1 236 0
0 93 3 226 1 93 3
0 57 0 84 1 220 3
0 247 1 95 0 200 0
0 216 1 102 3 128 3
0 107 3 49 0 90 3
1 254 3 128 1 190 3
0 76 0 210 1 251 0
1 72 2 214 1 234 0
0 146 2 229 3 185 1
0 106 2 156 3 175 1
0 97 3 63 3 254 1
0 43 2 214 2 249 0
1 36 2 199 2 118 0
1 102 0 64 1 110 2
1 236 3 232 3 3 1
1 95 2 139 0 89 0
0 84 3 133 1 132 0
0 26 0 45 3 26 3
0 96 1 190 3 109 0
0 94 1 1 1 111 2
1 167 1 20 0 10 0
0 206 2 39 3 40 2
1 30 0 187 3 143 3
0 90 2 100 3 140 0
1 61 2 249 3 177 1
1 181 2 250 1 204 2
0 247 2 141 1 176 0
1 237 2 129 1 63 2
1 186 2 28 3 117 2
1 115 1 104 1 111 0
0 3 0 217 2 83 3
1 38 1 101 3 50 0
1 91 1 48 3 253 3
1 8 1 104 3 110 1
0 198 1 248 2 160 3
1 32 1 140 1 203 2
0 82 3 53 1 65 1
1 103 2 139 3 190 2
0 59 0 62 1 129 3
0 94 1 1 1 111 2
1 167 1 20 0 10 0
0 206 2 39 3 40 2
1 30 0 187 3 143 3
0 90 2 100 3 140 0
1 61 2 249 3 177 1
1 181 2 250 1 204 2
0 247 2 141 1 176 0
1 237 2 129 1 63 2
1 186 2 28 3 117 2
0 94 1 1 1 111 2
1 167 1 20 0 10 0
0 206 2 39 3 40 2
1 30 0 187 3 143 3
0 90 2 100 3 140 0
1 61 2 249 3 177 1
1 181 2 250 1 204 2
0 247 2 141 1 176 0
1 237 2 129 1 63 2
1 186 2 28 3 117 2
0 94 1 1 1 111 2
1 167 1 20 0 10 0
0 206 2 39 3 40 2
1 30 0 187 3 143 3
0 90 2 100 3 140 0
1 61 2 249 3 177 1
1 181 2 250 1 204 2
0 247 2 141 1 176 0
1 237 2 129 1 63 2
1 186 2 28 3 117 2
0 79 0 126 0 17 2
0 123 0 151 2 58 1
1 99 1 147 1 143 2
1 142 2 23 0 176 3
1 166 1 49 2 1 2
1 251 1 131 1 77 1
0 113 3 0 0 185 3
1 70 0 48 1 23 0
0 4 2 205 2 100 3
0 81 1 79 1 108 0
0 6 2 73 1 216 1
0 85 3 223 1 157 1
0 170 1 10 1 15 0
1 2 3 139 2 133 2
0 49 0 93 0 164 1
0 96 0 209 0 48 0
0 253 3 202 3 90 2
0 134 2 74 0 43 3
0 121 3 90 0 149 0
1 75 0 243 2 20 3
1 125 1 248 2 222 3
0 115 0 178 3 131 1
0 249 1 140 2 184 0
1 9 2 162 0 107 1
1 6 0 160 3 115 0
1 233 1 194 2 114 2
0 185 0 168 1 204 0
1 162 2 22 2 4 3
0 70 1 79 3 106 1
1 61 2 100 2 5 2
0 94 1 1 1 111 2
1 167 1 20 0 10 0
0 206 2 39 3 40 2
1 30 0 187 3 143 3
0 90 2 100 3 140 0
1 61 2 249 3 177 1
1 181 2 250 1 204 2
0 247 2 141 1 176 0
1 237 2 129 1 63 2
1 186 2 28 3 117 2
0 94 1 1 1 111 2
1 167 1 20 0 10 0
0 206 2 39 3 40 2
1 30 0 187 3 143 3
0 90 2 100 3 140 0
1 61 2 249 3 177 1
1 181 2 250 1 204 2
0 247 2 141 1 176 0
1 237 2 129 1 63 2
1 186 2 28 3 117 2
0 94 1 1 1 111 2
1 167 1 20 0 10 0
0 206 2 39 3 40 2
1 30 0 187 3 143 3
0 90 2 100 3 140 0
1 61 2 249 3 177 1
1 181 2 250 1 204 2
0 247 2 141 1 176 0
1 237 2 129 1 63 2
1 186 2 28 3 117 2
0 80 0 74 2 161 2
1 134 1 12 3 104 3
1 127 2 172 0 7 0
0 233 1 179 1 33 2
1 184 0 173 0 178 1
1 17 2 179 2 35 1
1 127 3 88 1 66 2
0 180 2 142 3 108 1
1 112 1 170 0 1 0
0 94 1 217 3 80 1
0 94 1 1 1 111 2
1 167 1 20 0 10 0
0 206 2 39 3 40 2
1 30 0 187 3 143 3
0 90 2 100 3 140 0
1 61 2 249 3 177 1
1 181 2 250 1 204 2
0 247 2 141 1 176 0
1 237 2 129 1 63 2
1 186 2 28 3 117 2
0 94 1 1 1 111 2
1 167 1 20 0 10 0
0 206 2 39 3 40 2
1 30 0 187 3 143 3
0 90 2 100 3 140 0
1 61 2 249 3 177 1
1 181 2 250 1 204 2
0 247 2 141 1 176 0
1 237 2 129 1 63 2
1 186 2 28 3 117 2
0 220 0 3 3 190 0
0 30 2 93 0 123 1
1 217 2 244 0 51 3
0 81 2 87 0 103 0
1 116 2 208 2 10 2
0 14 3 35 3 61 1
0 202 0 146 0 236 1
1 223 3 186 2 75 1
0 37 3 235 3 24 0
1 191 0 197 2 167 1
1 118 1 157 2 109 1
0 161 1 51 2 143 2
0 201 3 105 2 251 1
1 232 2 153 0 161 2
0 127 0 59 0 108 0
1 153 0 193 1 9 3
0 117 0 95 3 228 0
1 43 3 50 3 49 3
0 91 3 219 0 51 3
0 67 1 157 3 154 3
0 94 1 1 1 111 2
1 167 1 20 0 10 0
0 206 2 39 3 40 2
1 30 0 187 3 143 3
0 90 2 100 3 140 0
1 61 2 249 3 177 1
1 181 2 250 1 204 2
0 247 2 141 1 176 0
1 237 2 129 1 63 2
1 186 2 28 3 117 2
0 242 1 70 0 95 1
1 193 1 107 1 230 0
0 231 0 179 2 252 0
1 224 0 230 2 60 1
0 124 2 142 2 203 0
1 99 2 178 1 136 2
1 74 3 120 0 140 3
0 255 2 142 2 77 0
1 187 2 129 1 24 0
0 123 2 151 0 254 0
0 94 1 1 1 111 2
1 167 1 20 0 10 0
0 206 2 39 3 40 2
1 30 0 187 3 143 3
0 90 2 100 3 140 0
1 61 2 249 3 177 1
1 181 2 250 1 204 2
0 247 2 141 1 176 0
1 237 2 129 1 63 2
1 186 2 28 3 117 2
0 94 1 1 1 111 2
1 167 1 20 0 10 0
0 206 2 39 3 40 2
1 30 0 187 3 143 3
0 90 2 100 3 140 0
1 61 2 249 3 177 1
1 181 2 250 1 204 2
0 247 2 141 1 176 0
1 237 2 129 1 63 2
-1 186 2 28 3 117 2
