1 108 2 227 3 474 1
1 490 0 436 3 478 3
0 334 1 370 2 491 0
0 384 2 248 1 436 2
1 161 3 207 3 225 0
1 321 3 45 0 269 1
1 151 2 449 2 129 0
0 381 2 345 2 172 2
1 412 3 303 3 245 2
0 373 2 398 2 79 2
0 370 3 284 0 115 1
0 252 2 159 1 320 3
0 318 1 57 0 109 1
0 275 0 417 3 415 3
0 105 3 173 1 412 2
1 310 0 411 1 442 0
0 351 0 490 3 383 0
0 337 0 45 2 214 2
1 146 1 167 3 298 0
1 154 1 27 0 302 1
1 332 3 347 1 120 0
1 443 0 0 1 280 1
0 305 0 195 1 507 3
1 283 2 402 2 396 1
0 132 1 354 1 317 0
1 32 2 61 3 129 3
0 142 2 507 1 55 1
1 191 1 5 0 483 3
1 179 3 109 0 2 3
0 188 1 488 1 11 3
1 108 2 227 3 474 1
1 490 0 436 3 478 3
0 334 1 370 2 491 0
0 384 2 248 1 436 2
1 161 3 207 3 225 0
1 321 3 45 0 269 1
1 151 2 449 2 129 0
0 381 2 345 2 172 2
1 412 3 303 3 245 2
0 373 2 398 2 79 2
0 370 3 284 0 115 1
0 252 2 159 1 320 3
0 318 1 57 0 109 1
0 275 0 417 3 415 3
0 105 3 173 1 412 2
1 310 0 411 1 442 0
0 351 0 490 3 383 0
0 337 0 45 2 214 2
1 146 1 167 3 298 0
1 154 1 27 0 302 1
1 332 3 347 1 120 0
1 443 0 0 1 280 1
0 305 0 195 1 507 3
1 283 2 402 2 396 1
0 132 1 354 1 317 0
1 32 2 61 3 129 3
0 142 2 507 1 55 1
1 191 1 5 0 483 3
1 179 3 109 0 2 3
0 188 1 488 1 11 3
1 108 2 227 3 474 1
1 490 0 436 3 478 3
0 334 1 370 2 491 0
0 384 2 248 1 436 2
1 161 3 207 3 225 0
1 321 3 45 0 269 1
1 151 2 449 2 129 0
0 381 2 345 2 172 2
1 412 3 303 3 245 2
0 373 2 398 2 79 2
0 370 3 284 0 115 1
0 252 2 159 1 320 3
0 318 1 57 0 109 1
0 275 0 417 3 415 3
0 105 3 173 1 412 2
1 310 0 411 1 442 0
0 351 0 490 3 383 0
0 337 0 45 2 214 2
1 146 1 167 3 298 0
1 154 1 27 0 302 1
1 332 3 347 1 120 0
1 443 0 0 1 280 1
0 305 0 195 1 507 3
1 283 2 402 2 396 1
0 132 1 354 1 317 0
1 32 2 61 3 129 3
0 142 2 507 1 55 1
1 191 1 5 0 483 3
1 179 3 109 0 2 3
0 188 1 488 1 11 3
1 25 3 390 1 47 1
1 101 2 313 1 248 0
1 239 0 412 1 330 0
0 167 2 431 2 451 0
0 444 3 275 1 117 3
1 214 2 27 1 7 1
0 51 0 285 2 287 1
0 126 1 507 2 301 0
0 128 1 74 3 317 2
0 15 0 111 2 473 1
0 281 0 461 2 403 0
1 336 3 311 3 500 1
1 100 0 384 3 243 1
0 206 2 189 0 7 1
1 220 1 12 0 119 0
0 459 2 96 3 214 2
0 378 3 442 1 29 2
0 91 2 121 2 140 1
1 397 2 480 0 90 2
1 424 2 462 0 207 3
1 67 1 485 1 115 0
0 153 1 114 1 401 1
0 404 2 78 0 197 3
1 340 1 65 2 133 3
1 333 3 340 2 317 3
0 76 3 381 2 374 1
0 106 2 501 2 437 0
1 480 1 47 1 500 1
0 10 1 378 2 237 1
1 429 1 354 3 285 1
1 150 0 236 3 89 2
0 298 1 333 2 91 0
1 244 2 234 0 510 3
1 300 2 7 2 123 1
1 230 1 477 3 270 0
0 77 2 92 1 102 3
0 222 3 396 3 268 1
1 132 1 219 2 352 0
1 239 0 99 3 152 3
0 71 3 310 3 157 1
1 413 1 33 2 52 3
1 5 3 133 1 134 3
1 199 3 161 3 162 1
0 234 2 280 1 13 0
1 472 3 249 0 430 0
1 30 3 206 2 217 0
1 1 1 36 1 377 1
1 5 1 306 3 309 0
1 44 3 499 2 424 3
1 298 3 205 0 262 3
0 489 0 507 1 261 1
1 211 1 365 2 307 2
0 389 0 438 2 358 3
0 380 0 337 3 326 0
1 258 1 21 2 264 0
1 420 1 380 1 303 3
1 184 0 47 2 408 3
0 429 2 404 3 364 3
0 445 1 474 0 154 3
0 458 2 37 1 8 3
1 108 2 227 3 474 1
1 490 0 436 3 478 3
0 334 1 370 2 491 0
0 384 2 248 1 436 2
1 161 3 207 3 225 0
1 321 3 45 0 269 1
1 151 2 449 2 129 0
0 381 2 345 2 172 2
1 412 3 303 3 245 2
0 373 2 398 2 79 2
0 370 3 284 0 115 1
0 252 2 159 1 320 3
0 318 1 57 0 109 1
0 275 0 417 3 415 3
0 105 3 173 1 412 2
1 310 0 411 1 442 0
0 351 0 490 3 383 0
0 337 0 45 2 214 2
1 146 1 167 3 298 0
1 154 1 27 0 302 1
1 332 3 347 1 120 0
1 443 0 0 1 280 1
0 305 0 195 1 507 3
1 283 2 402 2 396 1
0 132 1 354 1 317 0
1 32 2 61 3 129 3
0 142 2 507 1 55 1
1 191 1 5 0 483 3
1 179 3 109 0 2 3
0 188 1 488 1 11 3
1 108 2 227 3 474 1
1 490 0 436 3 478 3
0 334 1 370 2 491 0
0 384 2 248 1 436 2
1 161 3 207 3 225 0
1 321 3 45 0 269 1
1 151 2 449 2 129 0
0 381 2 345 2 172 2
1 412 3 303 3 245 2
0 373 2 398 2 79 2
0 370 3 284 0 115 1
0 252 2 159 1 320 3
0 318 1 57 0 109 1
0 275 0 417 3 415 3
0 105 3 173 1 412 2
1 310 0 411 1 442 0
0 351 0 490 3 383 0
0 337 0 45 2 214 2
1 146 1 167 3 298 0
1 154 1 27 0 302 1
1 332 3 347 1 120 0
1 443 0 0 1 280 1
0 305 0 195 1 507 3
1 283 2 402 2 396 1
0 132 1 354 1 317 0
1 32 2 61 3 129 3
0 142 2 507 1 55 1
1 191 1 5 0 483 3
1 179 3 109 0 2 3
0 188 1 488 1 11 3
1 357 2 75 1 507 0
0 293 0 30 1 301 0
0 124 2 13 0 229 3
0 455 2 209 0 62 1
1 12 2 245 0 52 2
0 232 2 502 0 176 2
1 198 2 481 1 285 1
0 436 2 339 3 32 0
1 365 2 339 1 488 0
1 163 2 16 0 343 2
0 460 3 345 0 452 3
0 501 0 501 3 55 2
1 293 0 61 0 32 2
1 503 3 243 1 204 3
1 29 0 230 1 284 1
0 27 0 457 1 498 0
1 391 3 255 2 476 0
1 5 0 171 3 78 1
0 166 2 60 3 236 3
0 25 2 302 0 146 1
1 184 0 336 3 502 2
0 314 0 239 0 61 1
1 236 2 116 2 375 1
0 428 1 161 2 89 3
1 271 2 146 2 58 3
1 348 1 402 2 484 3
0 141 1 360 3 442 2
0 4 2 454 3 494 3
0 171 3 75 0 451 1
0 470 2 303 3 391 3
1 501 1 75 1 230 1
0 440 3 183 2 20 1
1 85 3 484 1 152 0
0 64 1 16 2 174 0
0 93 0 392 2 285 1
1 233 1 396 2 396 0
0 409 1 417 1 135 2
0 306 2 352 3 176 0
0 266 2 477 3 369 2
1 436 3 43 0 328 3
0 32 1 225 2 322 3
0 331 1 147 2 387 3
0 452 0 184 0 282 0
0 222 1 81 0 209 3
1 81 2 408 1 440 1
0 124 1 274 0 194 1
1 148 1 465 2 503 2
0 187 2 481 2 251 2
0 296 0 265 2 182 2
1 410 1 42 2 255 3
0 194 3 9 2 72 3
0 96 1 365 1 199 1
0 341 0 456 1 190 1
1 36 3 311 2 332 0
1 271 3 386 3 426 1
0 265 1 259 2 152 2
1 409 3 240 2 295 3
1 81 0 12 2 260 1
0 303 0 256 0 339 3
1 461 2 313 3 410 1
1 108 2 227 3 474 1
1 490 0 436 3 478 3
0 334 1 370 2 491 0
0 384 2 248 1 436 2
1 161 3 207 3 225 0
1 321 3 45 0 269 1
1 151 2 449 2 129 0
0 381 2 345 2 172 2
1 412 3 303 3 245 2
0 373 2 398 2 79 2
0 370 3 284 0 115 1
0 252 2 159 1 320 3
0 318 1 57 0 109 1
0 275 0 417 3 415 3
0 105 3 173 1 412 2
1 310 0 411 1 442 0
0 351 0 490 3 383 0
0 337 0 45 2 214 2
1 146 1 167 3 298 0
1 154 1 27 0 302 1
1 332 3 347 1 120 0
1 443 0 0 1 280 1
0 305 0 195 1 507 3
1 283 2 402 2 396 1
0 132 1 354 1 317 0
1 32 2 61 3 129 3
0 142 2 507 1 55 1
1 191 1 5 0 483 3
1 179 3 109 0 2 3
0 188 1 488 1 11 3
1 93 0 161 1 118 2
1 350 3 422 3 479 1
1 138 3 127 0 399 1
1 384 3 124 1 368 3
1 148 2 446 2 509 2
0 22 1 274 2 54 2
1 51 2 278 0 123 0
0 233 2 149 0 29 2
1 468 0 229 2 178 3
1 418 0 156 1 403 1
0 41 2 11 1 0 3
1 294 1 124 0 53 3
0 432 2 174 3 337 2
1 147 2 314 2 380 0
1 461 3 311 2 275 3
0 92 2 98 0 325 2
1 88 1 296 0 437 3
1 45 0 56 3 129 2
1 420 1 156 1 44 3
0 162 1 505 0 127 1
0 115 2 145 0 371 3
1 502 3 292 1 388 2
1 79 1 325 3 260 0
1 304 2 262 2 427 0
1 60 0 341 3 441 2
1 383 3 508 1 328 3
0 200 0 350 0 404 2
1 452 3 42 2 74 2
1 475 3 329 2 102 2
1 115 2 407 3 62 3
1 108 2 227 3 474 1
1 490 0 436 3 478 3
0 334 1 370 2 491 0
0 384 2 248 1 436 2
1 161 3 207 3 225 0
1 321 3 45 0 269 1
1 151 2 449 2 129 0
0 381 2 345 2 172 2
1 412 3 303 3 245 2
0 373 2 398 2 79 2
0 370 3 284 0 115 1
0 252 2 159 1 320 3
0 318 1 57 0 109 1
0 275 0 417 3 415 3
0 105 3 173 1 412 2
1 310 0 411 1 442 0
0 351 0 490 3 383 0
0 337 0 45 2 214 2
1 146 1 167 3 298 0
1 154 1 27 0 302 1
1 332 3 347 1 120 0
1 443 0 0 1 280 1
0 305 0 195 1 507 3
1 283 2 402 2 396 1
0 132 1 354 1 317 0
1 32 2 61 3 129 3
0 142 2 507 1 55 1
1 191 1 5 0 483 3
1 179 3 109 0 2 3
0 188 1 488 1 11 3
1 108 2 227 3 474 1
1 490 0 436 3 478 3
0 334 1 370 2 491 0
0 384 2 248 1 436 2
1 161 3 207 3 225 0
1 321 3 45 0 269 1
1 151 2 449 2 129 0
0 381 2 345 2 172 2
1 412 3 303 3 245 2
0 373 2 398 2 79 2
0 370 3 284 0 115 1
0 252 2 159 1 320 3
0 318 1 57 0 109 1
0 275 0 417 3 415 3
0 105 3 173 1 412 2
1 310 0 411 1 442 0
0 351 0 490 3 383 0
0 337 0 45 2 214 2
1 146 1 167 3 298 0
1 154 1 27 0 302 1
1 332 3 347 1 120 0
1 443 0 0 1 280 1
0 305 0 195 1 507 3
1 283 2 402 2 396 1
0 132 1 354 1 317 0
1 32 2 61 3 129 3
0 142 2 507 1 55 1
1 191 1 5 0 483 3
1 179 3 109 0 2 3
0 188 1 488 1 11 3
1 478 2 404 3 74 0
0 85 2 493 1 268 3
1 263 3 41 0 106 3
1 221 2 82 2 139 2
1 243 2 431 1 398 0
0 252 1 12 1 372 0
0 474 1 337 2 352 3
0 446 2 251 1 93 1
0 500 2 109 0 117 2
1 31 0 261 2 457 3
1 244 0 184 0 106 1
0 463 2 2 1 112 3
0 154 2 162 3 195 1
0 224 0 480 0 321 2
1 211 3 306 3 77 0
0 147 2 222 2 219 0
1 224 1 398 0 39 3
0 453 3 63 3 106 2
0 114 2 486 1 205 0
0 418 1 446 1 33 1
0 197 2 126 2 179 2
0 425 0 168 3 472 0
0 288 1 269 3 331 2
1 49 1 370 2 116 2
1 323 3 423 0 154 3
1 226 0 274 3 277 1
1 419 1 493 2 157 3
0 228 1 409 2 332 2
0 143 0 63 1 302 0
0 180 1 431 0 454 0
0 142 2 22 1 46 2
1 472 1 267 0 297 3
1 403 3 476 1 281 0
1 246 1 506 1 282 2
0 479 0 475 2 86 3
0 237 2 137 2 420 1
1 169 3 274 0 474 1
0 3 2 0 2 376 2
1 477 2 20 3 507 2
1 81 3 419 2 444 1
0 410 1 328 1 132 0
1 228 1 499 1 105 3
0 305 3 275 2 361 0
0 338 3 490 2 96 2
0 214 1 475 1 434 0
0 443 0 492 0 195 2
0 67 3 228 3 111 3
1 357 0 88 3 312 3
0 501 2 118 1 206 2
0 115 0 0 3 279 2
1 471 1 201 1 443 0
1 369 2 252 0 441 2
0 367 1 176 1 131 0
1 422 2 135 0 94 2
0 232 2 502 0 375 2
0 354 3 234 1 104 0
1 407 2 231 2 128 0
1 463 0 169 1 223 1
1 452 1 393 2 292 2
1 491 3 99 2 110 2
0 222 0 93 2 112 2
0 177 0 298 2 355 0
0 105 0 460 0 183 2
1 155 0 320 3 349 3
0 326 2 145 3 54 0
1 263 1 374 0 157 1
0 32 3 175 2 242 1
0 35 0 420 1 321 2
1 292 2 480 1 365 1
0 109 2 240 0 212 3
1 87 0 384 1 261 2
1 230 1 226 2 235 3
1 283 2 348 3 31 1
1 398 3 120 0 467 2
1 196 3 494 1 358 0
1 450 0 172 1 122 0
0 341 3 492 3 197 3
0 144 0 59 2 275 0
0 183 1 61 3 493 2
1 286 0 127 0 42 2
0 4 1 166 1 384 0
0 444 0 447 2 38 3
1 448 2 203 0 308 0
1 53 1 331 2 353 1
1 281 1 105 2 150 0
0 114 2 46 2 359 0
0 386 3 195 2 302 1
1 161 2 358 0 504 0
1 323 2 190 2 47 2
0 77 3 226 0 224 0
0 215 2 33 2 261 1
0 43 0 179 3 454 1
1 43 3 496 3 337 0
0 147 0 50 3 379 2
0 37 1 230 2 57 2
0 210 0 270 2 115 3
0 495 3 106 3 26 3
1 479 0 124 1 109 2
0 255 1 413 1 247 3
0 282 2 252 1 379 2
1 476 2 337 0 317 3
0 18 1 371 0 224 0
1 256 2 270 1 439 1
0 150 3 145 2 129 2
0 112 3 99 2 192 3
1 119 3 427 3 480 3
0 484 2 321 0 25 1
1 184 3 161 2 471 3
0 143 2 271 2 500 3
0 53 1 98 0 137 3
0 232 3 438 2 258 1
0 473 3 42 3 330 0
1 5 3 214 0 180 2
1 250 0 401 3 110 1
1 356 2 226 1 498 2
0 132 2 1 0 307 3
1 316 3 225 1 482 2
1 486 1 52 2 76 2
1 167 1 238 2 424 2
1 264 1 189 2 443 0
1 63 2 227 2 287 2
0 182 3 214 2 240 2
0 274 3 428 3 505 2
1 317 0 225 1 110 2
0 239 2 305 1 459 3
0 306 0 96 0 101 2
0 120 2 475 0 237 2
0 149 3 333 2 3 1
1 133 3 31 3 317 2
0 216 3 290 0 355 3
0 438 0 412 3 284 0
1 103 2 487 0 106 0
1 73 3 158 1 67 0
1 202 2 34 1 244 1
0 398 2 52 2 328 2
1 121 1 134 3 279 2
1 400 0 20 2 477 2
0 501 1 165 3 105 0
1 201 2 259 0 315 3
0 460 2 31 0 398 3
0 252 3 380 0 310 0
0 387 3 508 1 381 1
1 397 0 453 1 483 0
0 427 0 51 2 48 1
1 239 3 446 2 227 0
0 388 0 401 3 199 3
0 507 3 8 1 172 3
1 247 3 120 2 324 3
0 336 2 336 2 352 0
1 472 3 305 2 101 0
1 13 0 493 3 30 1
1 428 0 198 2 73 2
1 131 3 270 0 200 3
0 352 0 412 1 231 3
1 175 3 36 0 439 0
1 184 0 325 2 379 2
0 418 0 87 2 468 3
0 358 2 331 0 121 3
0 28 1 290 2 266 2
1 510 0 214 3 420 3
1 1 2 105 1 23 0
0 329 2 385 2 85 1
1 380 2 421 3 25 3
1 165 0 447 2 37 0
1 482 2 254 0 375 0
1 109 3 404 0 105 1
0 443 3 106 2 240 1
0 422 3 154 0 324 3
0 117 2 40 3 239 3
0 98 0 125 3 324 3
1 428 2 301 1 131 3
1 149 1 383 1 184 2
1 275 0 361 2 132 1
1 339 2 159 2 71 0
1 350 0 226 3 202 0
0 175 3 369 2 115 2
1 443 2 23 3 134 1
0 178 0 469 1 9 3
1 190 3 307 3 26 0
0 37 2 7 0 431 2
1 205 3 239 1 8 0
1 34 0 446 0 266 1
0 366 1 314 2 454 2
0 424 0 347 1 59 1
1 6 0 248 3 162 2
1 165 0 77 0 157 2
0 485 0 383 2 503 3
0 53 3 56 0 8 3
1 188 2 410 0 357 3
1 7 0 140 3 15 3
1 457 3 308 3 201 3
0 290 3 127 0 239 0
1 347 3 511 3 287 2
0 138 1 432 2 29 0
0 393 1 176 2 167 2
0 106 2 474 1 197 3
1 32 3 426 1 465 2
1 211 2 98 3 149 2
0 318 1 298 2 488 2
0 309 2 165 0 417 2
1 277 1 85 1 366 2
1 20 2 76 3 75 1
1 195 1 440 2 426 3
0 171 2 282 3 109 2
0 333 1 272 1 470 2
0 124 2 484 2 319 1
1 275 3 391 1 494 3
0 251 0 188 3 427 2
1 353 0 152 3 18 2
1 476 0 117 1 268 3
0 228 0 348 0 245 3
1 167 3 5 1 138 2
0 299 2 245 2 210 2
1 155 0 115 0 404 3
0 130 2 75 2 475 1
1 18 0 83 3 41 2
1 193 2 88 2 36 2
1 219 1 0 0 490 0
1 237 1 438 0 114 3
0 331 2 16 1 298 0
1 181 0 307 1 118 0
0 493 3 442 1 384 0
0 53 1 137 3 96 3
0 28 1 289 3 379 1
1 395 3 409 0 207 0
1 499 0 456 0 401 0
0 278 3 437 3 380 0
0 78 2 402 3 97 0
0 123 1 472 0 73 3
0 468 0 292 0 209 2
1 464 0 490 0 358 1
1 63 1 128 2 198 2
0 361 0 86 1 210 2
0 357 1 298 0 340 1
1 73 1 154 3 102 1
1 424 3 326 3 452 2
1 34 2 169 3 292 0
1 469 2 354 1 189 0
1 357 1 42 2 391 2
0 167 0 235 1 369 1
1 108 2 227 3 474 1
1 490 0 436 3 478 3
0 334 1 370 2 491 0
0 384 2 248 1 436 2
1 161 3 207 3 225 0
1 321 3 45 0 269 1
1 151 2 449 2 129 0
0 381 2 345 2 172 2
1 412 3 303 3 245 2
0 373 2 398 2 79 2
0 370 3 284 0 115 1
0 252 2 159 1 320 3
0 318 1 57 0 109 1
0 275 0 417 3 415 3
0 105 3 173 1 412 2
1 310 0 411 1 442 0
0 351 0 490 3 383 0
0 337 0 45 2 214 2
1 146 1 167 3 298 0
1 154 1 27 0 302 1
1 332 3 347 1 120 0
1 443 0 0 1 280 1
0 305 0 195 1 507 3
1 283 2 402 2 396 1
0 132 1 354 1 317 0
1 32 2 61 3 129 3
0 142 2 507 1 55 1
1 191 1 5 0 483 3
1 179 3 109 0 2 3
0 188 1 488 1 11 3
1 108 2 227 3 474 1
1 490 0 436 3 478 3
0 334 1 370 2 491 0
0 384 2 248 1 436 2
1 161 3 207 3 225 0
1 321 3 45 0 269 1
1 151 2 449 2 129 0
0 381 2 345 2 172 2
1 412 3 303 3 245 2
0 373 2 398 2 79 2
0 370 3 284 0 115 1
0 252 2 159 1 320 3
0 318 1 57 0 109 1
0 275 0 417 3 415 3
0 105 3 173 1 412 2
1 310 0 411 1 442 0
0 351 0 490 3 383 0
0 337 0 45 2 214 2
1 146 1 167 3 298 0
1 154 1 27 0 302 1
1 332 3 347 1 120 0
1 443 0 0 1 280 1
0 305 0 195 1 507 3
1 283 2 402 2 396 1
0 132 1 354 1 317 0
1 32 2 61 3 129 3
0 142 2 507 1 55 1
1 191 1 5 0 483 3
1 179 3 109 0 2 3
0 188 1 488 1 11 3
1 108 2 227 3 474 1
1 490 0 436 3 478 3
0 334 1 370 2 491 0
0 384 2 248 1 436 2
1 161 3 207 3 225 0
1 321 3 45 0 269 1
1 151 2 449 2 129 0
0 381 2 345 2 172 2
1 412 3 303 3 245 2
0 373 2 398 2 79 2
0 370 3 284 0 115 1
0 252 2 159 1 320 3
0 318 1 57 0 109 1
0 275 0 417 3 415 3
0 105 3 173 1 412 2
1 310 0 411 1 442 0
0 351 0 490 3 383 0
0 337 0 45 2 214 2
1 146 1 167 3 298 0
1 154 1 27 0 302 1
1 332 3 347 1 120 0
1 443 0 0 1 280 1
0 305 0 195 1 507 3
1 283 2 402 2 396 1
0 132 1 354 1 317 0
1 32 2 61 3 129 3
0 142 2 507 1 55 1
1 191 1 5 0 483 3
1 179 3 109 0 2 3
0 188 1 488 1 11 3
1 108 2 227 3 474 1
1 490 0 436 3 478 3
0 334 1 370 2 491 0
0 384 2 248 1 436 2
1 161 3 207 3 225 0
1 321 3 45 0 269 1
1 151 2 449 2 129 0
0 381 2 345 2 172 2
1 412 3 303 3 245 2
0 373 2 398 2 79 2
0 370 3 284 0 115 1
0 252 2 159 1 320 3
0 318 1 57 0 109 1
0 275 0 417 3 415 3
0 105 3 173 1 412 2
1 310 0 411 1 442 0
0 351 0 490 3 383 0
0 337 0 45 2 214 2
1 146 1 167 3 298 0
1 154 1 27 0 302 1
1 332 3 347 1 120 0
1 443 0 0 1 280 1
0 305 0 195 1 507 3
1 283 2 402 2 396 1
0 132 1 354 1 317 0
1 32 2 61 3 129 3
0 142 2 507 1 55 1
1 191 1 5 0 483 3
1 179 3 109 0 2 3
0 188 1 488 1 11 3
0 217 0 505 3 2 2
1 90 3 394 3 168 0
0 421 0 378 0 500 1
1 276 0 460 3 493 1
0 481 2 155 2 181 3
0 282 2 487 0 345 0
0 255 1 152 0 402 2
1 2 0 390 0 170 3
1 172 1 230 3 199 0
1 92 1 462 3 166 2
1 510 2 193 3 222 0
0 403 3 295 3 508 1
1 4 1 345 3 255 1
0 496 3 110 3 290 2
0 26 2 409 3 9 3
1 257 1 405 2 225 1
1 393 1 496 3 413 1
1 220 2 480 1 395 0
0 346 2 427 2 339 1
0 234 3 62 2 274 3
0 107 1 194 2 470 2
0 328 1 113 3 118 2
0 295 0 36 0 165 2
1 476 0 1 3 330 0
1 361 3 480 1 147 0
1 172 2 46 1 57 1
0 115 1 459 1 113 3
1 289 0 93 1 469 3
1 10 2 106 2 102 3
0 56 0 177 3 281 1
0 267 2 324 3 462 1
1 461 2 216 0 349 3
0 283 2 243 1 205 2
1 388 3 300 0 437 2
1 58 1 135 2 463 3
0 5 3 179 0 497 3
0 105 3 279 3 171 2
1 377 3 179 2 435 1
0 159 1 411 0 37 1
1 145 0 204 3 87 2
1 447 3 90 1 3 0
1 383 2 206 0 169 2
1 336 3 152 2 246 2
0 165 0 467 3 404 3
1 291 2 68 0 247 3
0 232 0 63 0 334 3
0 48 1 220 3 508 0
1 492 3 177 2 184 0
1 77 2 443 2 2 1
0 157 0 17 0 226 2
1 397 0 396 1 225 1
0 214 2 310 0 239 0
1 360 3 416 1 369 0
0 263 0 226 2 218 2
0 254 1 334 2 218 1
1 291 0 258 3 453 2
1 269 0 173 2 40 3
0 65 1 113 2 209 3
0 379 1 325 0 387 3
0 177 3 181 1 442 0
1 108 2 227 3 474 1
1 490 0 436 3 478 3
0 334 1 370 2 491 0
0 384 2 248 1 436 2
1 161 3 207 3 225 0
1 321 3 45 0 269 1
1 151 2 449 2 129 0
0 381 2 345 2 172 2
1 412 3 303 3 245 2
0 373 2 398 2 79 2
0 370 3 284 0 115 1
0 252 2 159 1 320 3
0 318 1 57 0 109 1
0 275 0 417 3 415 3
0 105 3 173 1 412 2
1 310 0 411 1 442 0
0 351 0 490 3 383 0
0 337 0 45 2 214 2
1 146 1 167 3 298 0
1 154 1 27 0 302 1
1 332 3 347 1 120 0
1 443 0 0 1 280 1
0 305 0 195 1 507 3
1 283 2 402 2 396 1
0 132 1 354 1 317 0
1 32 2 61 3 129 3
0 142 2 507 1 55 1
1 191 1 5 0 483 3
1 179 3 109 0 2 3
0 188 1 488 1 11 3
0 381 1 141 1 403 2
0 124 2 363 1 171 0
0 190 2 333 3 250 1
0 130 3 346 3 262 1
0 286 3 61 2 234 2
0 178 2 370 3 268 1
0 474 1 377 2 319 0
0 17 3 18 1 174 2
0 57 2 419 3 426 1
0 399 3 367 2 504 2
1 281 1 203 1 203 2
1 215 1 509 2 455 3
1 498 3 109 0 336 1
0 156 0 25 0 459 0
0 284 0 306 2 111 1
0 24 0 110 0 266 1
1 136 2 45 2 88 2
0 430 1 198 0 92 2
0 301 0 201 2 112 0
1 243 0 335 3 153 2
1 206 1 434 0 117 2
1 142 2 114 1 110 0
0 231 0 78 2 224 1
0 169 2 465 2 17 0
1 234 1 425 3 19 0
0 234 3 270 3 343 2
0 266 3 225 1 319 2
1 301 0 345 2 208 3
0 77 1 116 1 266 0
1 124 2 266 0 244 0
1 108 2 227 3 474 1
1 490 0 436 3 478 3
0 334 1 370 2 491 0
0 384 2 248 1 436 2
1 161 3 207 3 225 0
1 321 3 45 0 269 1
1 151 2 449 2 129 0
0 381 2 345 2 172 2
1 412 3 303 3 245 2
0 373 2 398 2 79 2
0 370 3 284 0 115 1
0 252 2 159 1 320 3
0 318 1 57 0 109 1
0 275 0 417 3 415 3
0 105 3 173 1 412 2
1 310 0 411 1 442 0
0 351 0 490 3 383 0
0 337 0 45 2 214 2
1 146 1 167 3 298 0
1 154 1 27 0 302 1
1 332 3 347 1 120 0
1 443 0 0 1 280 1
0 305 0 195 1 507 3
1 283 2 402 2 396 1
0 132 1 354 1 317 0
1 32 2 61 3 129 3
0 142 2 507 1 55 1
1 191 1 5 0 483 3
1 179 3 109 0 2 3
0 188 1 488 1 11 3
1 108 2 227 3 474 1
1 490 0 436 3 478 3
0 334 1 370 2 491 0
0 384 2 248 1 436 2
1 161 3 207 3 225 0
1 321 3 45 0 269 1
1 151 2 449 2 129 0
0 381 2 345 2 172 2
1 412 3 303 3 245 2
0 373 2 398 2 79 2
0 370 3 284 0 115 1
0 252 2 159 1 320 3
0 318 1 57 0 109 1
0 275 0 417 3 415 3
0 105 3 173 1 412 2
1 310 0 411 1 442 0
0 351 0 490 3 383 0
0 337 0 45 2 214 2
1 146 1 167 3 298 0
1 154 1 27 0 302 1
1 332 3 347 1 120 0
1 443 0 0 1 280 1
0 305 0 195 1 507 3
1 283 2 402 2 396 1
0 132 1 354 1 317 0
1 32 2 61 3 129 3
0 142 2 507 1 55 1
1 191 1 5 0 483 3
1 179 3 109 0 2 3
0 188 1 488 1 11 3
1 108 2 227 3 474 1
1 490 0 436 3 478 3
0 334 1 370 2 491 0
0 384 2 248 1 436 2
1 161 3 207 3 225 0
1 321 3 45 0 269 1
1 151 2 449 2 129 0
0 381 2 345 2 172 2
1 412 3 303 3 245 2
0 373 2 398 2 79 2
0 370 3 284 0 115 1
0 252 2 159 1 320 3
0 318 1 57 0 109 1
0 275 0 417 3 415 3
0 105 3 173 1 412 2
1 310 0 411 1 442 0
0 351 0 490 3 383 0
0 337 0 45 2 214 2
1 146 1 167 3 298 0
1 154 1 27 0 302 1
1 332 3 347 1 120 0
1 443 0 0 1 280 1
0 305 0 195 1 507 3
1 283 2 402 2 396 1
0 132 1 354 1 317 0
1 32 2 61 3 129 3
0 142 2 507 1 55 1
1 191 1 5 0 483 3
1 179 3 109 0 2 3
0 188 1 488 1 11 3
0 408 1 254 3 338 3
1 493 2 168 3 136 1
0 242 0 330 0 164 2
0 377 1 293 2 460 0
0 309 1 189 3 323 0
1 224 2 330 3 5 2
0 475 3 144 3 210 1
1 316 1 117 1 387 1
1 445 3 329 2 251 3
0 465 1 320 1 59 0
0 202 3 375 0 171 1
1 308 2 178 2 386 2
1 38 3 415 0 188 1
1 491 2 241 3 403 1
0 316 3 215 0 38 0
1 11 1 199 1 485 2
1 408 1 136 3 259 1
1 388 0 334 0 375 3
1 172 2 331 0 280 1
0 280 3 411 0 165 2
0 459 2 473 1 413 0
1 46 3 69 0 28 0
1 5 3 141 1 368 2
1 7 0 284 1 262 3
1 161 2 234 1 7 3
1 252 3 361 3 143 2
0 104 2 21 2 177 3
1 199 0 397 2 324 1
1 261 3 84 1 267 2
-1 53 2 484 0 132 3
