1 17 1 17 1 6 1
0 4 0 8 3 1 2
1 17 1 20 3 57 2
0 21 2 54 0 8 1
0 14 2 55 3 10 1
1 60 3 35 1 58 0
0 45 0 38 0 55 3
1 21 1 60 0 17 2
0 55 3 21 2 12 2
0 33 1 58 0 7 0
1 30 1 18 3 61 0
0 48 3 30 0 10 1
1 10 2 43 1 24 0
0 53 0 16 0 52 3
1 25 0 17 0 0 3
1 45 2 44 0 28 0
0 29 1 51 1 39 1
1 39 1 31 1 29 1
1 45 2 11 0 2 0
1 15 1 45 2 48 0
1 49 3 20 3 47 3
0 8 0 45 0 35 3
1 48 1 32 0 1 1
0 54 2 31 0 18 3
1 61 2 10 3 48 1
0 12 1 46 1 49 0
0 40 0 53 1 32 3
1 57 3 50 0 8 1
1 52 3 20 1 60 2
0 6 0 26 2 47 0
1 60 1 60 1 21 1
1 3 2 1 3 45 3
1 24 2 31 2 6 1
0 30 0 17 3 5 2
1 28 0 7 0 19 0
0 45 1 17 3 20 0
0 3 1 49 1 46 0
0 21 1 45 0 19 1
1 45 2 14 3 56 2
0 28 0 14 3 26 2
1 51 3 24 0 12 0
1 60 0 39 0 47 2
0 58 1 62 1 56 3
1 27 2 3 3 12 1
1 21 1 19 2 59 0
0 48 3 46 3 32 3
0 23 0 4 0 11 1
1 58 1 25 1 58 2
1 21 0 0 2 39 1
0 25 0 4 2 25 3
1 23 2 26 2 21 0
1 40 1 18 2 26 2
1 37 0 8 1 26 0
1 36 1 26 1 57 1
0 49 0 17 0 21 2
1 13 3 7 1 32 3
1 12 0 8 3 3 1
0 63 1 45 1 1 3
0 46 0 32 2 17 3
1 44 2 32 2 29 3
1 36 3 38 2 18 2
0 53 1 22 0 13 2
0 6 1 13 2 62 2
0 50 1 22 1 0 0
0 45 3 0 2 59 0
0 5 1 29 0 8 1
1 52 0 6 1 33 2
0 27 0 8 1 52 1
1 54 0 49 3 42 0
1 12 1 51 3 9 3
0 16 0 41 0 20 0
0 38 2 61 2 38 3
1 18 2 4 1 15 3
1 4 3 15 3 12 0
0 33 1 15 2 33 2
1 6 2 36 3 20 0
0 13 2 14 2 13 2
1 10 0 63 1 52 1
0 54 0 29 2 42 1
1 53 1 25 1 41 3
1 27 3 60 3 30 1
1 49 3 38 2 32 1
0 48 1 45 3 62 3
1 43 2 5 2 50 0
1 1 3 33 1 4 2
0 41 2 57 3 13 1
0 20 0 59 1 28 1
1 32 3 57 2 33 3
0 4 3 63 2 50 1
0 15 2 59 1 46 3
1 36 3 38 2 18 2
0 53 1 22 0 13 2
0 6 1 13 2 62 2
0 50 1 22 1 0 0
0 45 3 0 2 59 0
0 5 1 29 0 8 1
1 52 0 6 1 33 2
0 27 0 8 1 52 1
1 54 0 49 3 42 0
1 12 1 51 3 9 3
0 16 0 41 0 20 0
0 38 2 61 2 38 3
1 18 2 4 1 15 3
1 4 3 15 3 12 0
0 33 1 15 2 33 2
1 6 2 36 3 20 0
0 13 2 14 2 13 2
1 10 0 63 1 52 1
0 54 0 29 2 42 1
1 53 1 25 1 41 3
1 27 3 60 3 30 1
1 49 3 38 2 32 1
0 48 1 45 3 62 3
1 43 2 5 2 50 0
1 1 3 33 1 4 2
0 41 2 57 3 13 1
0 20 0 59 1 28 1
1 32 3 57 2 33 3
0 4 3 63 2 50 1
0 15 2 59 1 46 3
1 36 3 38 2 18 2
0 53 1 22 0 13 2
0 6 1 13 2 62 2
0 50 1 22 1 0 0
0 45 3 0 2 59 0
0 5 1 29 0 8 1
1 52 0 6 1 33 2
0 27 0 8 1 52 1
1 54 0 49 3 42 0
1 12 1 51 3 9 3
0 16 0 41 0 20 0
0 38 2 61 2 38 3
1 18 2 4 1 15 3
1 4 3 15 3 12 0
0 33 1 15 2 33 2
1 6 2 36 3 20 0
0 13 2 14 2 13 2
1 10 0 63 1 52 1
0 54 0 29 2 42 1
1 53 1 25 1 41 3
1 27 3 60 3 30 1
1 49 3 38 2 32 1
0 48 1 45 3 62 3
1 43 2 5 2 50 0
1 1 3 33 1 4 2
0 41 2 57 3 13 1
0 20 0 59 1 28 1
1 32 3 57 2 33 3
0 4 3 63 2 50 1
0 15 2 59 1 46 3
0 50 3 1 3 8 0
0 19 2 34 3 22 3
1 22 1 43 0 63 0
0 56 2 18 2 24 0
1 40 2 2 1 13 2
0 7 0 31 0 57 3
0 27 0 23 0 54 0
0 53 0 31 1 41 0
1 60 2 20 0 5 2
1 52 0 43 2 3 0
0 5 3 14 1 21 3
0 18 1 9 0 28 1
0 61 0 39 1 56 0
1 36 0 7 2 38 3
1 32 3 13 3 52 2
1 4 2 24 0 4 3
0 12 0 59 0 22 2
1 15 2 14 3 32 2
1 35 2 54 0 10 3
1 37 0 13 3 30 0
1 36 2 16 1 59 1
0 23 2 10 0 2 1
0 34 3 18 2 31 2
0 13 1 38 1 41 0
0 42 3 17 3 2 1
0 3 1 23 1 33 0
0 54 2 38 2 51 0
1 48 1 20 1 3 3
1 56 3 62 3 15 0
0 58 3 60 3 27 0
1 43 0 58 0 45 2
1 57 1 58 2 7 3
1 38 2 25 1 23 0
1 1 1 8 1 14 3
0 42 3 37 0 8 1
1 39 2 40 1 36 2
0 26 1 20 1 51 3
0 55 3 43 1 20 1
1 39 0 29 3 59 1
1 38 2 23 0 0 3
0 18 2 57 0 37 0
0 16 3 21 3 2 3
0 14 0 62 2 40 0
0 47 0 39 0 14 3
1 47 3 25 1 41 3
0 16 2 19 3 34 3
0 41 1 24 3 8 0
1 35 3 22 1 44 3
1 4 2 57 2 0 1
1 9 2 40 1 46 2
1 21 2 62 1 20 3
0 37 3 2 1 1 0
1 31 0 58 1 56 1
1 23 1 41 2 14 0
1 38 1 12 2 54 1
1 55 3 33 0 21 3
0 23 1 7 2 0 1
1 27 0 28 1 21 2
1 23 0 56 3 49 2
1 22 2 63 3 50 2
1 23 0 4 3 43 1
0 54 3 19 0 55 3
1 55 1 28 0 14 2
1 25 2 57 0 59 1
0 41 3 53 1 2 0
0 7 0 4 3 15 1
0 16 3 2 3 9 2
0 7 2 57 0 11 1
0 6 0 44 0 15 0
0 38 2 43 1 15 3
0 25 1 49 2 59 1
0 55 3 50 2 16 3
1 29 0 55 1 38 1
1 34 0 36 3 8 2
1 30 1 55 0 8 2
0 44 0 30 2 40 1
1 33 3 8 2 55 0
0 57 1 2 2 28 1
0 46 1 55 1 11 3
1 49 1 52 1 59 1
1 24 2 39 3 17 1
1 24 2 52 3 0 3
0 5 0 53 2 1 2
1 51 2 46 0 26 1
0 33 2 21 0 57 1
1 19 2 25 3 54 3
1 59 0 31 2 52 3
1 29 0 59 3 23 1
0 5 1 2 3 43 1
0 37 1 34 3 10 0
0 44 1 30 1 40 2
0 56 1 0 0 37 3
1 1 1 50 2 48 0
0 42 0 40 3 13 2
0 42 2 29 1 11 2
0 3 0 21 3 51 2
1 19 3 43 0 33 2
0 28 0 14 3 16 0
0 32 0 25 3 24 1
0 16 2 62 0 4 2
1 3 2 33 0 57 2
0 12 0 26 2 34 1
0 7 3 42 0 12 2
1 32 2 41 3 17 2
0 52 0 37 2 34 1
0 34 3 14 2 12 1
1 14 1 16 1 13 1
1 1 3 38 3 34 1
1 42 1 11 3 57 0
1 24 3 12 2 11 1
0 5 0 2 3 23 1
1 37 1 44 2 41 2
0 30 1 27 2 35 3
0 50 3 43 3 14 2
0 11 3 50 3 41 0
1 5 1 10 0 33 3
1 0 2 59 0 20 2
0 1 3 19 1 50 3
1 57 3 36 0 47 2
1 55 0 43 1 38 0
1 36 3 38 2 18 2
0 53 1 22 0 13 2
0 6 1 13 2 62 2
0 50 1 22 1 0 0
0 45 3 0 2 59 0
0 5 1 29 0 8 1
1 52 0 6 1 33 2
0 27 0 8 1 52 1
1 54 0 49 3 42 0
1 12 1 51 3 9 3
0 16 0 41 0 20 0
0 38 2 61 2 38 3
1 18 2 4 1 15 3
1 4 3 15 3 12 0
0 33 1 15 2 33 2
1 6 2 36 3 20 0
0 13 2 14 2 13 2
1 10 0 63 1 52 1
0 54 0 29 2 42 1
1 53 1 25 1 41 3
1 27 3 60 3 30 1
1 49 3 38 2 32 1
0 48 1 45 3 62 3
1 43 2 5 2 50 0
1 1 3 33 1 4 2
0 41 2 57 3 13 1
0 20 0 59 1 28 1
1 32 3 57 2 33 3
0 4 3 63 2 50 1
0 15 2 59 1 46 3
1 11 0 27 3 28 0
0 25 1 32 1 59 1
0 14 3 49 2 49 2
1 13 2 15 3 21 0
0 15 1 32 2 53 2
1 16 3 53 3 21 2
1 28 1 22 3 59 1
0 47 3 6 0 38 0
1 59 0 20 2 11 2
1 57 0 31 1 10 1
1 50 3 3 0 14 0
1 58 2 47 1 7 3
1 42 3 13 2 11 0
0 32 2 45 3 5 0
0 11 2 33 1 8 1
1 26 1 49 0 60 2
1 47 3 29 1 46 0
0 8 2 14 0 7 3
1 54 2 35 0 15 0
1 36 0 57 3 53 0
1 35 0 58 3 7 1
1 34 1 42 1 41 0
0 8 2 15 3 3 3
0 56 1 52 1 47 0
0 46 1 47 0 11 2
0 16 1 4 0 18 3
0 63 0 14 1 36 0
1 21 0 14 0 14 1
0 20 2 3 2 33 3
0 26 0 14 3 58 0
1 56 0 51 2 1 2
0 62 0 42 3 58 3
1 2 0 40 1 43 2
1 47 0 14 1 31 1
1 19 0 8 2 34 3
1 13 1 35 1 57 0
0 25 1 38 1 19 2
0 30 0 50 2 6 2
1 37 0 31 2 56 0
1 22 3 4 2 12 1
1 58 1 8 2 24 2
1 22 1 46 3 53 3
0 30 0 23 0 4 0
1 62 2 4 2 13 1
1 18 3 7 2 26 2
1 28 0 30 0 48 0
0 59 2 45 2 5 2
0 27 3 5 0 8 1
1 40 0 54 0 37 3
1 12 2 25 1 49 0
0 47 2 5 2 38 1
0 15 3 13 1 24 3
1 36 0 46 3 58 2
0 18 1 19 2 44 2
1 13 2 57 0 39 1
0 32 3 5 1 4 1
0 33 2 58 2 36 2
1 42 3 55 1 3 1
1 57 3 33 2 10 0
0 27 3 49 0 26 1
1 54 1 5 2 57 1
0 21 0 3 1 5 1
1 16 1 35 0 0 1
1 41 2 48 0 12 1
0 2 3 2 0 47 3
0 30 1 37 1 45 2
0 21 2 60 3 21 1
1 49 2 54 2 9 3
1 54 3 28 0 33 0
1 13 2 21 3 25 0
0 29 1 15 3 25 3
1 46 0 7 2 30 3
1 39 2 32 2 33 0
0 43 2 52 2 9 3
1 60 3 46 1 16 0
0 19 3 53 0 13 1
0 20 3 39 0 1 1
0 54 1 36 1 26 0
1 49 3 39 2 29 0
0 30 0 27 0 45 1
1 52 3 8 0 28 1
0 37 2 41 1 2 1
0 15 2 16 1 42 2
1 57 0 28 2 3 0
1 4 1 61 3 42 0
1 31 3 63 0 13 2
0 46 2 22 3 27 3
0 23 1 23 2 32 3
0 15 2 20 1 4 0
0 55 1 60 0 24 0
1 36 3 38 2 18 2
0 53 1 22 0 13 2
0 6 1 13 2 62 2
0 50 1 22 1 0 0
0 45 3 0 2 59 0
0 5 1 29 0 8 1
1 52 0 6 1 33 2
0 27 0 8 1 52 1
1 54 0 49 3 42 0
1 12 1 51 3 9 3
0 16 0 41 0 20 0
0 38 2 61 2 38 3
1 18 2 4 1 15 3
1 4 3 15 3 12 0
0 33 1 15 2 33 2
1 6 2 36 3 20 0
0 13 2 14 2 13 2
1 10 0 63 1 52 1
0 54 0 29 2 42 1
1 53 1 25 1 41 3
1 27 3 60 3 30 1
1 49 3 38 2 32 1
0 48 1 45 3 62 3
1 43 2 5 2 50 0
1 1 3 33 1 4 2
0 41 2 57 3 13 1
0 20 0 59 1 28 1
1 32 3 57 2 33 3
0 4 3 63 2 50 1
0 15 2 59 1 46 3
1 36 3 38 2 18 2
0 53 1 22 0 13 2
0 6 1 13 2 62 2
0 50 1 22 1 0 0
0 45 3 0 2 59 0
0 5 1 29 0 8 1
1 52 0 6 1 33 2
0 27 0 8 1 52 1
1 54 0 49 3 42 0
1 12 1 51 3 9 3
0 16 0 41 0 20 0
0 38 2 61 2 38 3
1 18 2 4 1 15 3
1 4 3 15 3 12 0
0 33 1 15 2 33 2
1 6 2 36 3 20 0
0 13 2 14 2 13 2
1 10 0 63 1 52 1
0 54 0 29 2 42 1
1 53 1 25 1 41 3
1 27 3 60 3 30 1
1 49 3 38 2 32 1
0 48 1 45 3 62 3
1 43 2 5 2 50 0
1 1 3 33 1 4 2
0 41 2 57 3 13 1
0 20 0 59 1 28 1
1 32 3 57 2 33 3
0 4 3 63 2 50 1
0 15 2 59 1 46 3
1 36 3 38 2 18 2
0 53 1 22 0 13 2
0 6 1 13 2 62 2
0 50 1 22 1 0 0
0 45 3 0 2 59 0
0 5 1 29 0 8 1
1 52 0 6 1 33 2
0 27 0 8 1 52 1
1 54 0 49 3 42 0
1 12 1 51 3 9 3
0 16 0 41 0 20 0
0 38 2 61 2 38 3
1 18 2 4 1 15 3
1 4 3 15 3 12 0
0 33 1 15 2 33 2
1 6 2 36 3 20 0
0 13 2 14 2 13 2
1 10 0 63 1 52 1
0 54 0 29 2 42 1
1 53 1 25 1 41 3
1 27 3 60 3 30 1
1 49 3 38 2 32 1
0 48 1 45 3 62 3
1 43 2 5 2 50 0
1 1 3 33 1 4 2
0 41 2 57 3 13 1
0 20 0 59 1 28 1
1 32 3 57 2 33 3
0 4 3 63 2 50 1
0 15 2 59 1 46 3
0 18 0 2 0 51 2
1 14 3 45 1 60 2
0 62 0 25 3 52 2
0 44 0 41 3 13 2
0 25 3 12 0 6 2
0 48 0 53 1 19 0
1 34 1 2 3 0 0
0 31 0 28 0 31 1
0 42 3 37 3 32 3
1 47 1 62 1 61 1
1 63 2 26 3 56 1
1 21 1 24 1 6 0
1 28 1 63 2 54 1
1 50 2 6 0 19 0
1 27 0 50 0 62 0
0 47 0 40 2 62 0
1 36 0 31 3 12 3
1 49 3 57 2 63 1
0 8 2 5 3 22 0
1 39 2 56 2 60 1
0 4 0 38 1 38 0
0 24 0 45 0 36 1
1 46 0 43 0 46 2
0 12 3 53 0 50 2
0 48 2 28 0 51 0
1 26 0 28 1 47 1
1 27 0 0 3 46 1
0 0 2 39 1 4 1
1 2 0 62 3 55 1
1 21 1 34 2 60 0
0 15 3 21 0 3 3
0 49 1 12 0 10 2
1 32 3 10 3 55 3
0 38 2 56 3 45 0
1 3 2 23 3 41 0
1 21 0 56 1 8 0
1 43 1 8 0 42 0
0 12 0 49 1 7 3
0 58 0 62 3 55 0
1 43 2 43 2 43 1
1 44 3 26 2 29 3
0 1 2 52 2 14 2
1 12 2 57 2 48 3
0 46 2 50 2 5 3
1 58 0 6 1 39 0
1 23 1 58 3 35 2
1 46 2 23 1 6 0
0 27 2 2 0 11 3
1 47 2 3 0 15 0
1 17 3 9 1 28 3
1 5 1 57 1 49 3
1 39 2 16 3 14 3
1 11 2 3 0 58 3
1 3 3 49 3 35 1
1 44 0 55 2 49 3
1 57 0 53 3 56 2
1 40 2 1 0 25 3
0 43 1 6 3 19 0
1 3 0 15 2 31 0
1 46 3 2 0 9 2
1 32 1 10 0 19 2
0 16 1 29 3 15 2
1 58 0 21 2 58 3
1 14 0 31 1 17 1
0 60 3 16 2 46 3
0 27 2 11 1 36 3
0 30 3 23 0 49 3
0 10 3 40 0 47 3
1 31 1 44 3 3 0
1 52 0 27 1 32 2
1 36 2 16 0 44 3
1 56 3 10 3 9 0
0 49 0 52 2 35 3
1 31 2 16 2 51 2
0 52 0 15 0 32 1
0 16 1 28 1 14 1
0 16 1 61 2 4 2
1 23 1 27 0 7 3
0 55 0 40 1 18 2
1 40 1 58 2 42 0
1 51 3 50 2 49 1
1 42 0 29 1 27 1
1 35 3 27 0 43 2
0 45 2 39 1 8 1
1 32 1 22 2 48 3
1 22 2 32 2 37 1
1 6 2 4 0 61 3
1 36 3 34 0 13 2
1 17 1 22 3 53 3
0 35 0 17 3 39 3
1 36 3 38 2 18 2
0 53 1 22 0 13 2
0 6 1 13 2 62 2
0 50 1 22 1 0 0
0 45 3 0 2 59 0
0 5 1 29 0 8 1
1 52 0 6 1 33 2
0 27 0 8 1 52 1
1 54 0 49 3 42 0
1 12 1 51 3 9 3
0 16 0 41 0 20 0
0 38 2 61 2 38 3
1 18 2 4 1 15 3
1 4 3 15 3 12 0
0 33 1 15 2 33 2
1 6 2 36 3 20 0
0 13 2 14 2 13 2
1 10 0 63 1 52 1
0 54 0 29 2 42 1
1 53 1 25 1 41 3
1 27 3 60 3 30 1
1 49 3 38 2 32 1
0 48 1 45 3 62 3
1 43 2 5 2 50 0
1 1 3 33 1 4 2
0 41 2 57 3 13 1
0 20 0 59 1 28 1
1 32 3 57 2 33 3
0 4 3 63 2 50 1
0 15 2 59 1 46 3
1 36 3 38 2 18 2
0 53 1 22 0 13 2
0 6 1 13 2 62 2
0 50 1 22 1 0 0
0 45 3 0 2 59 0
0 5 1 29 0 8 1
1 52 0 6 1 33 2
0 27 0 8 1 52 1
1 54 0 49 3 42 0
1 12 1 51 3 9 3
0 16 0 41 0 20 0
0 38 2 61 2 38 3
1 18 2 4 1 15 3
1 4 3 15 3 12 0
0 33 1 15 2 33 2
1 6 2 36 3 20 0
0 13 2 14 2 13 2
1 10 0 63 1 52 1
0 54 0 29 2 42 1
1 53 1 25 1 41 3
1 27 3 60 3 30 1
1 49 3 38 2 32 1
0 48 1 45 3 62 3
1 43 2 5 2 50 0
1 1 3 33 1 4 2
0 41 2 57 3 13 1
0 20 0 59 1 28 1
1 32 3 57 2 33 3
0 4 3 63 2 50 1
0 15 2 59 1 46 3
1 17 1 3 2 21 1
0 33 2 8 1 19 2
1 34 1 18 2 7 3
0 2 3 2 1 17 3
1 39 2 44 2 1 1
0 7 1 43 3 37 1
1 63 1 45 1 49 1
1 38 1 30 0 25 0
1 38 3 49 3 35 1
1 1 1 50 2 57 2
0 11 1 19 2 43 2
1 32 3 45 1 23 1
0 53 3 14 2 54 2
0 62 2 50 3 51 2
0 19 0 10 1 10 0
1 0 3 9 1 37 1
0 15 3 53 2 32 0
1 50 1 13 2 24 1
1 52 1 60 0 37 0
1 41 2 33 2 54 2
0 14 3 60 3 58 1
1 12 1 9 1 17 2
0 10 1 3 0 9 0
0 52 0 45 1 52 1
1 59 0 3 1 28 2
0 51 1 50 2 34 3
1 26 1 54 3 32 1
1 9 3 50 0 31 1
1 21 3 42 3 43 2
0 5 0 51 1 41 1
1 2 1 51 0 29 3
0 59 1 55 2 36 0
1 32 0 50 1 39 1
1 17 2 49 0 28 0
1 31 0 45 2 43 0
0 34 2 7 1 59 2
0 47 3 50 1 47 3
1 20 2 42 2 61 3
0 63 1 56 0 22 3
0 62 1 41 3 4 1
1 52 3 61 0 24 0
0 50 0 13 0 32 2
0 9 3 19 0 57 2
1 9 1 29 0 35 0
0 8 1 18 0 46 0
0 55 0 27 2 32 0
1 41 1 52 2 42 2
1 28 2 25 2 27 3
1 54 3 4 0 10 2
1 13 3 61 1 28 0
0 63 1 26 3 34 2
0 5 1 3 2 40 2
1 13 2 42 1 21 2
1 63 1 38 2 57 2
0 10 1 15 3 49 1
0 40 1 49 2 32 2
0 37 0 10 0 27 2
1 47 0 43 3 19 2
1 17 2 60 0 34 0
1 21 3 30 2 11 1
1 36 3 38 2 18 2
0 53 1 22 0 13 2
0 6 1 13 2 62 2
0 50 1 22 1 0 0
0 45 3 0 2 59 0
0 5 1 29 0 8 1
1 52 0 6 1 33 2
0 27 0 8 1 52 1
1 54 0 49 3 42 0
1 12 1 51 3 9 3
0 16 0 41 0 20 0
0 38 2 61 2 38 3
1 18 2 4 1 15 3
1 4 3 15 3 12 0
0 33 1 15 2 33 2
1 6 2 36 3 20 0
0 13 2 14 2 13 2
1 10 0 63 1 52 1
0 54 0 29 2 42 1
1 53 1 25 1 41 3
1 27 3 60 3 30 1
1 49 3 38 2 32 1
0 48 1 45 3 62 3
1 43 2 5 2 50 0
1 1 3 33 1 4 2
0 41 2 57 3 13 1
0 20 0 59 1 28 1
1 32 3 57 2 33 3
0 4 3 63 2 50 1
0 15 2 59 1 46 3
0 49 2 1 3 19 1
0 19 0 32 0 4 0
0 19 0 49 3 42 0
0 41 1 46 0 1 1
1 5 0 54 0 45 3
0 54 3 54 1 26 1
1 47 2 52 3 23 1
1 41 2 37 3 4 3
1 42 1 63 3 29 0
0 45 3 19 2 18 2
1 22 3 10 0 54 3
1 27 0 35 3 30 3
1 32 2 20 3 39 0
1 23 1 50 3 26 3
1 47 1 4 1 5 3
0 38 1 36 3 61 3
0 51 2 50 0 44 1
0 25 0 59 0 7 2
0 11 1 12 2 26 1
0 43 0 54 2 13 1
1 1 1 18 2 51 2
0 26 2 36 3 19 1
0 10 3 47 0 20 0
1 36 0 59 3 21 1
0 9 1 12 1 59 0
1 59 2 9 0 25 3
0 13 3 45 2 0 2
1 61 2 32 3 22 0
0 56 0 6 0 0 3
1 26 2 9 1 20 2
1 36 3 38 2 18 2
0 53 1 22 0 13 2
0 6 1 13 2 62 2
0 50 1 22 1 0 0
0 45 3 0 2 59 0
0 5 1 29 0 8 1
1 52 0 6 1 33 2
0 27 0 8 1 52 1
1 54 0 49 3 42 0
1 12 1 51 3 9 3
0 16 0 41 0 20 0
0 38 2 61 2 38 3
1 18 2 4 1 15 3
1 4 3 15 3 12 0
0 33 1 15 2 33 2
1 6 2 36 3 20 0
0 13 2 14 2 13 2
1 10 0 63 1 52 1
0 54 0 29 2 42 1
1 53 1 25 1 41 3
1 27 3 60 3 30 1
1 49 3 38 2 32 1
0 48 1 45 3 62 3
1 43 2 5 2 50 0
1 1 3 33 1 4 2
0 41 2 57 3 13 1
0 20 0 59 1 28 1
1 32 3 57 2 33 3
0 4 3 63 2 50 1
0 15 2 59 1 46 3
1 29 3 63 3 14 2
1 49 3 29 0 32 1
1 49 3 33 0 12 3
0 8 3 34 3 22 2
0 27 3 40 1 53 2
1 39 2 47 0 54 1
1 27 1 37 3 0 3
1 7 2 14 0 6 1
0 42 2 63 2 35 2
1 14 3 20 2 36 1
0 47 0 44 0 34 1
1 9 1 30 3 29 3
0 26 3 58 0 42 2
1 53 0 6 0 30 2
1 1 1 12 3 41 3
0 38 3 23 1 32 0
1 23 0 63 2 39 2
0 47 1 58 1 28 2
0 14 2 8 0 7 2
1 29 3 12 1 33 3
0 16 1 40 0 52 0
1 38 3 25 0 51 1
1 7 0 57 0 54 0
0 14 3 59 2 50 1
0 43 3 21 2 17 2
1 61 0 63 2 54 2
0 29 1 57 0 5 3
1 54 3 43 2 43 2
1 41 2 54 1 14 2
0 43 3 51 1 14 2
1 36 3 38 2 18 2
0 53 1 22 0 13 2
0 6 1 13 2 62 2
0 50 1 22 1 0 0
0 45 3 0 2 59 0
0 5 1 29 0 8 1
1 52 0 6 1 33 2
0 27 0 8 1 52 1
1 54 0 49 3 42 0
1 12 1 51 3 9 3
0 16 0 41 0 20 0
0 38 2 61 2 38 3
1 18 2 4 1 15 3
1 4 3 15 3 12 0
0 33 1 15 2 33 2
1 6 2 36 3 20 0
0 13 2 14 2 13 2
1 10 0 63 1 52 1
0 54 0 29 2 42 1
1 53 1 25 1 41 3
1 27 3 60 3 30 1
1 49 3 38 2 32 1
0 48 1 45 3 62 3
1 43 2 5 2 50 0
1 1 3 33 1 4 2
0 41 2 57 3 13 1
0 20 0 59 1 28 1
1 32 3 57 2 33 3
0 4 3 63 2 50 1
0 15 2 59 1 46 3
1 36 3 38 2 18 2
0 53 1 22 0 13 2
0 6 1 13 2 62 2
0 50 1 22 1 0 0
0 45 3 0 2 59 0
0 5 1 29 0 8 1
1 52 0 6 1 33 2
0 27 0 8 1 52 1
1 54 0 49 3 42 0
1 12 1 51 3 9 3
0 16 0 41 0 20 0
0 38 2 61 2 38 3
1 18 2 4 1 15 3
1 4 3 15 3 12 0
0 33 1 15 2 33 2
1 6 2 36 3 20 0
0 13 2 14 2 13 2
1 10 0 63 1 52 1
0 54 0 29 2 42 1
1 53 1 25 1 41 3
1 27 3 60 3 30 1
1 49 3 38 2 32 1
0 48 1 45 3 62 3
1 43 2 5 2 50 0
1 1 3 33 1 4 2
0 41 2 57 3 13 1
0 20 0 59 1 28 1
1 32 3 57 2 33 3
0 4 3 63 2 50 1
0 15 2 59 1 46 3
1 36 3 38 2 18 2
0 53 1 22 0 13 2
0 6 1 13 2 62 2
0 50 1 22 1 0 0
0 45 3 0 2 59 0
0 5 1 29 0 8 1
1 52 0 6 1 33 2
0 27 0 8 1 52 1
1 54 0 49 3 42 0
1 12 1 51 3 9 3
0 16 0 41 0 20 0
0 38 2 61 2 38 3
1 18 2 4 1 15 3
1 4 3 15 3 12 0
0 33 1 15 2 33 2
1 6 2 36 3 20 0
0 13 2 14 2 13 2
1 10 0 63 1 52 1
0 54 0 29 2 42 1
1 53 1 25 1 41 3
1 27 3 60 3 30 1
1 49 3 38 2 32 1
0 48 1 45 3 62 3
1 43 2 5 2 50 0
1 1 3 33 1 4 2
0 41 2 57 3 13 1
0 20 0 59 1 28 1
1 32 3 57 2 33 3
0 4 3 63 2 50 1
0 15 2 59 1 46 3
1 13 3 16 3 37 0
1 44 1 4 2 29 2
0 22 1 24 3 60 1
0 22 1 40 1 22 1
0 45 2 35 2 47 0
1 26 0 48 0 22 0
1 52 1 47 1 20 1
0 45 2 50 3 59 0
1 56 0 25 1 56 1
1 62 3 50 2 24 3
1 40 1 36 1 40 2
1 9 1 11 2 19 2
1 22 3 15 3 23 0
0 33 0 4 1 20 2
1 37 0 34 0 8 0
1 5 0 8 1 60 3
1 48 2 62 2 54 3
0 25 3 54 3 42 1
0 23 3 28 1 55 0
0 28 0 22 3 56 1
0 50 3 43 1 23 1
1 59 1 5 1 38 0
1 18 0 32 0 16 1
0 4 1 58 1 6 0
0 33 0 16 2 41 1
1 36 2 57 3 52 3
0 60 3 33 2 50 3
1 8 2 8 2 2 1
1 31 1 9 2 11 3
1 42 1 3 2 37 2
1 36 3 38 2 18 2
0 53 1 22 0 13 2
0 6 1 13 2 62 2
0 50 1 22 1 0 0
0 45 3 0 2 59 0
0 5 1 29 0 8 1
1 52 0 6 1 33 2
0 27 0 8 1 52 1
1 54 0 49 3 42 0
1 12 1 51 3 9 3
0 16 0 41 0 20 0
0 38 2 61 2 38 3
1 18 2 4 1 15 3
1 4 3 15 3 12 0
0 33 1 15 2 33 2
1 6 2 36 3 20 0
0 13 2 14 2 13 2
1 10 0 63 1 52 1
0 54 0 29 2 42 1
1 53 1 25 1 41 3
1 27 3 60 3 30 1
1 49 3 38 2 32 1
0 48 1 45 3 62 3
1 43 2 5 2 50 0
1 1 3 33 1 4 2
0 41 2 57 3 13 1
0 20 0 59 1 28 1
1 32 3 57 2 33 3
0 4 3 63 2 50 1
0 15 2 59 1 46 3
1 36 3 38 2 18 2
0 53 1 22 0 13 2
0 6 1 13 2 62 2
0 50 1 22 1 0 0
0 45 3 0 2 59 0
0 5 1 29 0 8 1
1 52 0 6 1 33 2
0 27 0 8 1 52 1
1 54 0 49 3 42 0
1 12 1 51 3 9 3
0 16 0 41 0 20 0
0 38 2 61 2 38 3
1 18 2 4 1 15 3
1 4 3 15 3 12 0
0 33 1 15 2 33 2
1 6 2 36 3 20 0
0 13 2 14 2 13 2
1 10 0 63 1 52 1
0 54 0 29 2 42 1
1 53 1 25 1 41 3
1 27 3 60 3 30 1
1 49 3 38 2 32 1
0 48 1 45 3 62 3
1 43 2 5 2 50 0
1 1 3 33 1 4 2
0 41 2 57 3 13 1
0 20 0 59 1 28 1
1 32 3 57 2 33 3
0 4 3 63 2 50 1
-1 15 2 59 1 46 3
