1 30 2 42 1 56 3
0 0 3 4 0 63 3
1 10 1 33 2 55 3
1 55 3 35 1 84 1
0 52 2 4 2 74 1
1 43 2 92 2 30 1
0 24 0 53 2 94 2
0 17 3 61 3 22 0
0 12 3 28 3 75 2
1 86 1 82 2 86 2
1 71 0 64 3 27 0
1 15 2 47 1 73 1
0 16 3 79 3 60 0
1 84 3 46 2 83 2
0 23 3 82 0 94 0
0 83 1 7 3 16 1
1 98 3 28 1 44 3
0 26 0 77 1 96 0
0 96 0 85 3 13 2
1 27 2 6 2 83 1
0 0 1 93 3 37 1
1 3 0 0 2 38 0
1 16 0 3 2 3 1
1 63 0 94 3 73 1
1 9 1 53 1 27 2
0 18 3 12 0 39 3
1 91 2 53 0 25 3
1 58 1 32 3 11 3
1 89 0 77 3 49 3
1 55 2 15 3 78 3
1 77 0 22 1 77 0
0 6 2 98 1 78 3
0 17 2 92 2 74 2
1 17 1 99 0 57 3
0 10 2 29 2 22 3
1 44 1 96 3 71 1
1 91 3 56 2 65 1
1 63 2 81 3 82 1
1 11 2 26 2 16 3
0 69 1 44 0 2 3
1 0 3 95 3 88 3
0 26 0 65 3 17 2
1 41 1 61 1 62 3
0 27 3 32 1 25 1
0 1 1 26 1 38 2
0 65 1 71 3 90 1
0 14 1 13 2 48 3
0 63 3 52 3 76 1
0 62 1 61 1 24 3
0 61 0 21 0 22 0
0 20 3 76 0 30 3
1 68 2 11 0 60 3
0 61 2 83 0 86 3
0 66 3 79 3 47 2
0 23 3 72 0 41 1
0 8 2 34 1 60 1
0 93 0 66 0 89 0
1 91 3 18 0 37 1
1 68 1 37 2 84 3
1 93 2 47 2 24 0
0 22 2 2 0 83 3
0 15 2 69 3 86 0
0 55 2 71 0 51 1
0 6 0 7 0 9 3
0 5 1 94 0 94 2
1 84 1 9 1 17 0
1 0 2 34 3 14 3
0 42 0 55 3 20 3
1 59 2 87 1 41 0
1 40 1 36 1 63 0
0 68 0 99 1 45 3
1 29 2 79 0 70 2
0 15 2 13 2 73 3
1 37 0 83 0 97 0
0 20 0 3 2 38 2
0 14 2 92 2 64 0
0 91 0 43 3 79 2
1 52 3 76 3 65 1
0 21 0 42 2 20 0
0 77 3 23 3 0 3
0 48 0 94 2 38 1
1 49 3 34 1 7 3
1 87 2 37 2 22 0
0 22 2 38 1 75 3
0 22 2 16 0 3 2
0 47 0 11 1 10 0
1 15 0 16 2 51 0
1 21 1 82 1 88 2
1 41 0 90 1 87 0
1 47 1 84 0 88 2
1 11 1 33 3 40 2
1 39 2 58 3 24 0
0 85 0 24 2 33 1
1 25 1 82 1 10 2
1 88 0 70 1 90 3
0 96 0 75 3 40 2
0 2 1 71 3 44 3
1 44 1 96 0 40 1
0 29 2 88 0 10 0
0 82 3 43 3 84 3
1 76 1 21 0 7 3
0 81 3 67 0 89 2
1 15 0 81 2 17 2
1 93 0 19 2 84 3
0 73 3 68 3 30 2
0 55 2 10 2 22 1
0 35 0 51 0 49 2
1 13 1 95 1 0 3
1 52 1 56 0 31 1
1 99 2 31 2 44 3
0 52 3 74 2 96 2
0 17 1 33 3 51 1
1 18 3 22 0 30 3
1 92 2 2 0 86 3
1 53 1 31 0 39 3
1 81 3 70 2 64 1
1 4 1 60 3 18 0
1 83 0 96 3 94 1
0 70 1 9 2 7 2
1 66 3 87 3 37 0
1 40 3 99 0 86 0
1 94 1 10 0 48 0
0 6 3 8 1 2 3
1 43 1 72 2 85 3
0 58 0 62 3 50 1
0 49 1 98 2 53 1
1 58 2 40 3 10 3
1 15 2 25 2 73 3
1 28 1 25 2 52 1
0 19 0 26 0 74 2
1 65 1 80 0 25 2
1 42 0 29 3 13 0
0 20 2 69 2 45 3
1 91 2 68 0 45 3
0 43 2 44 3 56 2
1 57 1 39 2 51 0
0 3 1 89 3 56 0
1 58 1 9 2 42 0
1 76 2 15 1 57 2
1 46 3 55 1 35 1
0 44 2 10 2 19 1
1 48 1 86 0 38 2
1 86 3 40 0 82 2
0 75 1 85 3 13 1
0 15 2 15 2 73 3
1 28 0 99 0 24 3
0 93 3 98 1 31 1
0 81 1 96 2 28 0
0 13 3 35 2 3 2
1 36 2 54 2 72 1
1 94 3 55 1 78 0
1 71 1 21 3 40 2
1 90 0 6 2 8 2
1 13 1 64 0 96 1
1 98 3 46 2 54 2
0 35 3 2 1 78 3
0 45 1 21 0 30 3
1 12 1 41 3 32 2
0 44 1 24 2 6 1
0 73 2 41 2 33 0
1 16 1 54 1 3 0
0 34 3 93 3 26 3
0 92 0 69 1 80 0
1 19 1 61 2 24 0
0 37 3 96 0 85 2
0 26 0 81 1 63 0
1 81 3 18 3 70 0
0 50 2 40 1 23 2
0 8 2 8 1 38 1
1 27 1 80 3 68 1
1 77 2 82 3 62 0
0 82 3 17 2 7 0
0 86 0 36 1 10 3
0 35 0 75 1 96 3
1 41 3 0 2 36 3
1 7 3 40 0 46 0
1 60 1 71 1 34 0
0 5 1 7 3 4 0
0 41 0 59 3 19 1
1 10 0 83 1 97 1
0 27 1 17 1 40 1
1 62 2 85 2 27 0
0 0 1 80 0 80 2
1 64 2 11 2 7 2
0 35 3 59 3 44 0
1 88 3 42 3 73 1
1 86 1 40 0 12 1
0 94 0 36 2 70 2
0 83 3 93 3 50 3
0 62 1 87 2 99 0
1 61 1 99 2 36 0
0 41 3 28 2 57 3
0 41 2 27 1 12 0
1 91 1 91 3 29 0
1 18 3 31 2 63 2
1 90 3 86 0 34 1
0 63 3 86 1 35 2
1 1 1 64 2 10 0
0 25 3 33 2 18 3
1 30 2 14 1 8 1
1 72 1 57 3 60 2
1 21 2 55 0 34 0
0 63 3 16 0 34 0
0 10 2 44 1 87 2
0 26 3 88 2 85 3
1 21 0 48 0 45 0
0 67 0 11 2 38 2
0 69 2 81 1 61 2
1 19 1 95 1 41 1
1 44 2 1 3 7 0
1 75 2 77 1 95 0
1 35 3 36 0 73 0
0 78 1 97 3 27 0
0 37 0 69 3 48 3
1 72 0 78 1 85 3
1 69 0 78 3 35 2
1 32 0 10 2 71 1
0 14 2 44 3 6 2
1 20 3 25 1 64 1
0 80 3 1 0 67 2
1 68 1 22 0 25 2
0 2 2 93 3 85 3
1 66 1 32 3 34 1
1 92 2 50 2 63 1
1 24 2 20 2 88 2
1 34 2 15 1 38 2
0 2 0 55 3 70 2
1 49 2 33 1 89 0
0 28 2 43 2 9 1
0 57 3 56 1 94 0
1 43 1 8 0 17 1
0 58 3 8 1 22 0
0 24 2 72 2 3 1
1 70 1 98 0 28 2
0 10 1 61 2 12 3
1 96 0 30 0 74 0
1 40 0 68 1 34 2
1 53 0 36 2 82 3
0 21 2 88 2 54 3
1 81 3 53 3 24 2
1 30 2 42 1 56 3
0 0 3 4 0 63 3
1 10 1 33 2 55 3
1 55 3 35 1 84 1
0 52 2 4 2 74 1
1 43 2 92 2 30 1
0 24 0 53 2 94 2
0 17 3 61 3 22 0
0 12 3 28 3 75 2
1 86 1 82 2 86 2
1 71 0 64 3 27 0
1 15 2 47 1 73 1
0 16 3 79 3 60 0
1 84 3 46 2 83 2
0 23 3 82 0 94 0
0 83 1 7 3 16 1
1 98 3 28 1 44 3
0 26 0 77 1 96 0
0 96 0 85 3 13 2
1 27 2 6 2 83 1
0 0 1 93 3 37 1
1 3 0 0 2 38 0
1 16 0 3 2 3 1
1 63 0 94 3 73 1
1 9 1 53 1 27 2
0 18 3 12 0 39 3
1 91 2 53 0 25 3
1 58 1 32 3 11 3
1 89 0 77 3 49 3
1 55 2 15 3 78 3
1 67 0 31 1 51 0
0 9 2 25 1 64 2
1 68 2 60 3 19 1
1 11 0 67 2 50 1
1 96 1 92 1 72 2
0 64 1 6 1 99 1
1 62 3 69 2 53 0
1 47 1 34 2 1 3
1 81 3 46 0 35 1
0 59 3 66 2 48 2
1 2 0 17 0 33 1
1 69 2 33 0 36 1
0 54 1 40 3 56 2
0 61 3 97 0 90 0
0 15 2 87 1 29 3
1 96 3 94 3 57 2
0 31 2 41 3 33 0
1 10 3 21 1 98 1
1 58 2 67 0 92 1
1 38 2 1 2 3 0
0 94 0 23 3 41 1
0 25 0 81 0 69 2
0 7 1 63 2 3 2
1 91 3 30 2 69 1
0 2 1 60 0 38 3
1 46 1 37 0 36 2
1 82 2 6 3 3 1
1 58 0 83 2 38 2
1 1 1 1 1 95 2
1 41 0 19 3 14 0
1 95 0 43 0 3 1
1 99 2 20 1 42 1
0 92 3 54 1 15 0
1 67 1 19 1 68 3
0 75 3 28 1 22 2
0 3 1 63 3 94 0
1 71 3 66 2 89 1
1 99 0 41 3 83 3
0 89 0 63 2 91 0
1 88 3 9 0 32 1
0 92 0 61 1 39 0
1 1 0 36 1 42 0
0 25 2 13 0 48 3
1 85 3 42 1 9 0
1 27 2 98 3 17 1
0 91 1 20 0 60 2
0 36 3 24 1 65 3
1 22 2 5 0 53 2
0 8 2 70 1 49 3
0 76 3 69 3 48 3
1 16 3 14 1 31 2
1 84 3 63 2 22 3
1 16 1 37 3 34 1
0 89 3 6 0 89 0
0 20 1 75 2 60 3
0 51 3 42 2 65 2
0 92 2 63 1 34 1
0 62 3 68 0 91 0
1 31 3 51 2 88 1
0 95 0 16 0 10 0
1 40 0 99 3 84 1
1 46 0 25 3 22 1
1 84 3 49 3 56 1
1 7 3 73 3 8 0
1 63 2 14 2 45 1
0 30 3 90 2 35 1
1 38 3 14 3 37 0
1 60 3 17 0 64 0
1 91 1 75 3 12 0
0 95 1 4 3 45 3
1 14 3 74 1 68 0
1 82 0 34 0 67 3
1 91 3 13 0 16 2
1 53 3 50 0 89 1
0 29 1 47 3 5 3
1 5 3 9 3 54 2
0 2 0 34 0 94 1
0 34 2 3 2 76 1
0 24 1 96 1 6 1
0 6 3 51 1 53 1
0 75 3 54 0 96 0
0 64 2 15 2 13 2
0 97 0 81 2 21 3
0 58 0 66 1 24 3
0 75 1 15 2 45 1
0 99 1 89 0 86 2
1 95 3 83 1 32 0
1 64 3 29 0 46 0
1 90 1 95 0 21 1
0 38 1 20 0 60 1
1 56 3 70 3 15 0
0 90 2 49 0 90 2
0 17 3 26 2 23 1
1 26 1 34 2 94 0
0 86 2 73 2 38 2
1 26 1 25 1 28 1
0 91 2 61 0 17 3
1 48 1 13 2 68 3
0 19 2 93 1 69 2
0 46 1 32 0 23 3
1 66 1 23 3 48 3
1 24 1 73 3 36 3
1 66 1 37 2 64 3
1 83 0 87 2 68 3
0 45 0 35 1 61 3
1 6 0 0 2 81 0
0 46 2 6 0 72 2
1 15 1 61 2 67 1
0 88 0 70 3 54 0
0 93 0 60 3 65 2
1 80 0 86 2 71 0
0 84 1 91 3 39 2
1 99 3 82 3 92 1
1 41 0 47 0 12 1
0 73 0 34 3 35 0
0 18 2 99 3 20 2
1 17 0 39 2 1 1
0 53 1 65 2 33 2
1 12 3 56 3 78 0
0 16 3 38 0 24 3
0 3 2 37 2 25 1
1 65 2 15 3 92 0
1 82 0 89 2 36 1
1 73 3 41 1 42 3
1 57 0 97 3 54 0
0 25 3 6 3 89 0
1 35 2 11 3 61 1
0 70 2 47 0 27 0
0 96 1 16 2 68 2
0 78 2 25 3 68 1
0 35 1 54 3 56 0
1 77 1 81 3 97 3
0 74 1 37 3 50 2
0 49 3 74 0 48 3
0 74 2 17 3 19 2
1 81 1 9 3 74 3
1 34 3 59 1 26 3
0 58 2 79 1 65 1
0 92 1 15 3 17 0
0 88 3 28 3 80 3
1 51 0 51 0 6 1
1 90 3 97 3 57 0
1 73 3 34 1 66 0
0 21 2 41 1 9 2
0 92 0 42 2 59 0
1 55 2 21 3 22 1
1 35 0 16 0 13 2
1 35 1 26 1 18 2
0 48 2 46 0 78 0
0 11 3 50 0 9 2
1 30 2 42 1 56 3
0 0 3 4 0 63 3
1 10 1 33 2 55 3
1 55 3 35 1 84 1
0 52 2 4 2 74 1
1 43 2 92 2 30 1
0 24 0 53 2 94 2
0 17 3 61 3 22 0
0 12 3 28 3 75 2
1 86 1 82 2 86 2
1 71 0 64 3 27 0
1 15 2 47 1 73 1
0 16 3 79 3 60 0
1 84 3 46 2 83 2
0 23 3 82 0 94 0
0 83 1 7 3 16 1
1 98 3 28 1 44 3
0 26 0 77 1 96 0
0 96 0 85 3 13 2
1 27 2 6 2 83 1
0 0 1 93 3 37 1
1 3 0 0 2 38 0
1 16 0 3 2 3 1
1 63 0 94 3 73 1
1 9 1 53 1 27 2
0 18 3 12 0 39 3
1 91 2 53 0 25 3
1 58 1 32 3 11 3
1 89 0 77 3 49 3
1 55 2 15 3 78 3
0 19 2 88 1 79 0
1 29 2 71 3 99 3
0 47 2 8 3 30 3
1 47 3 82 3 2 1
1 53 2 7 3 38 1
1 91 3 28 0 30 0
1 43 2 18 1 57 1
0 47 0 17 0 75 2
1 4 2 19 1 88 1
0 88 0 68 3 45 3
1 47 1 35 1 25 2
1 87 3 31 2 18 0
0 86 0 28 2 74 0
1 50 1 15 1 45 1
0 51 0 99 3 81 0
1 27 3 17 2 51 1
0 73 1 41 3 89 1
1 95 1 63 1 4 0
1 83 1 56 0 63 2
0 45 1 13 3 82 1
1 34 1 84 0 47 0
1 81 3 46 1 21 1
0 25 1 73 2 73 3
1 74 1 60 1 56 3
1 8 2 81 0 13 2
1 83 0 10 3 78 1
0 78 0 26 2 5 0
1 23 3 57 0 7 1
1 60 3 15 2 99 0
1 29 1 46 2 94 3
0 68 0 23 3 65 0
1 58 3 81 3 35 2
0 36 3 73 1 35 3
0 22 2 84 0 52 3
0 22 3 98 1 50 1
1 58 2 78 2 88 1
1 29 2 37 2 47 0
1 40 2 88 3 14 1
0 19 1 11 1 58 3
1 18 2 91 3 65 1
0 33 3 18 0 73 3
0 33 0 39 3 35 1
1 23 0 46 0 17 3
1 13 3 67 3 99 3
0 60 2 59 0 5 3
1 7 3 23 3 91 1
1 27 1 71 2 85 0
1 1 2 92 0 47 3
0 70 3 29 2 17 3
1 44 2 38 3 32 2
1 59 0 0 1 85 0
1 80 1 24 1 59 2
0 97 3 28 3 71 3
1 60 2 96 1 54 3
1 2 3 87 2 51 0
0 84 0 87 3 79 3
1 64 2 58 1 25 2
1 68 0 94 1 6 3
0 89 1 62 3 36 0
0 41 0 7 3 90 1
0 17 2 32 3 76 0
1 4 2 72 3 56 3
1 72 0 84 1 56 1
1 2 2 36 3 3 0
0 50 3 95 1 66 2
1 78 1 94 0 9 0
0 69 2 97 3 63 2
0 80 2 57 1 42 3
1 62 0 33 3 89 1
0 96 0 66 1 91 2
1 57 0 53 3 31 0
0 89 0 4 1 39 1
1 34 0 19 0 50 3
1 47 2 5 2 3 1
1 48 0 12 0 94 2
1 36 2 1 2 10 2
0 1 3 3 2 63 0
1 78 1 68 0 59 2
1 96 2 6 1 82 3
1 76 3 9 3 52 0
1 68 3 33 0 1 0
1 78 2 77 2 45 1
0 46 1 1 1 63 1
1 51 3 34 3 17 2
1 21 2 44 0 69 0
0 47 0 66 2 71 1
0 36 3 63 3 21 3
1 49 0 25 3 9 1
1 52 3 25 2 29 3
1 6 2 48 0 41 0
1 30 2 42 1 56 3
0 0 3 4 0 63 3
1 10 1 33 2 55 3
1 55 3 35 1 84 1
0 52 2 4 2 74 1
1 43 2 92 2 30 1
0 24 0 53 2 94 2
0 17 3 61 3 22 0
0 12 3 28 3 75 2
1 86 1 82 2 86 2
1 71 0 64 3 27 0
1 15 2 47 1 73 1
0 16 3 79 3 60 0
1 84 3 46 2 83 2
0 23 3 82 0 94 0
0 83 1 7 3 16 1
1 98 3 28 1 44 3
0 26 0 77 1 96 0
0 96 0 85 3 13 2
1 27 2 6 2 83 1
0 0 1 93 3 37 1
1 3 0 0 2 38 0
1 16 0 3 2 3 1
1 63 0 94 3 73 1
1 9 1 53 1 27 2
0 18 3 12 0 39 3
1 91 2 53 0 25 3
1 58 1 32 3 11 3
1 89 0 77 3 49 3
1 55 2 15 3 78 3
1 30 2 42 1 56 3
0 0 3 4 0 63 3
1 10 1 33 2 55 3
1 55 3 35 1 84 1
0 52 2 4 2 74 1
1 43 2 92 2 30 1
0 24 0 53 2 94 2
0 17 3 61 3 22 0
0 12 3 28 3 75 2
1 86 1 82 2 86 2
1 71 0 64 3 27 0
1 15 2 47 1 73 1
0 16 3 79 3 60 0
1 84 3 46 2 83 2
0 23 3 82 0 94 0
0 83 1 7 3 16 1
1 98 3 28 1 44 3
0 26 0 77 1 96 0
0 96 0 85 3 13 2
1 27 2 6 2 83 1
0 0 1 93 3 37 1
1 3 0 0 2 38 0
1 16 0 3 2 3 1
1 63 0 94 3 73 1
1 9 1 53 1 27 2
0 18 3 12 0 39 3
1 91 2 53 0 25 3
1 58 1 32 3 11 3
1 89 0 77 3 49 3
1 55 2 15 3 78 3
0 42 1 81 0 54 2
0 40 3 24 3 52 1
0 88 1 10 0 93 3
0 12 3 87 3 8 1
0 52 3 19 2 97 1
0 38 3 84 0 16 2
1 91 2 32 3 12 0
1 51 0 77 1 84 2
1 75 0 2 3 72 2
0 69 3 77 0 81 3
0 83 3 34 2 61 0
1 19 0 89 3 87 3
0 30 1 40 2 59 3
1 34 2 12 1 57 3
0 50 2 99 1 44 0
1 80 2 66 2 66 0
0 91 0 67 1 74 1
1 77 0 2 2 80 2
1 0 1 29 1 1 1
0 5 3 23 1 37 1
1 13 2 12 3 5 2
1 43 2 23 0 87 1
1 80 2 30 1 23 1
1 16 2 17 0 11 0
1 1 1 72 0 66 2
1 81 2 33 1 35 1
1 2 3 70 3 57 0
0 8 1 47 0 33 2
1 10 3 55 2 70 0
1 56 3 69 2 44 0
1 51 0 7 1 15 2
0 59 1 53 3 7 3
1 25 2 52 2 54 1
1 61 2 58 2 64 2
1 9 3 73 2 6 3
1 21 1 16 2 90 0
0 24 2 81 3 76 1
1 23 2 37 2 47 0
1 85 3 62 1 32 2
1 56 2 28 1 35 1
0 36 3 41 2 74 1
1 22 2 93 2 77 2
1 18 3 49 3 66 2
0 53 3 19 3 59 3
0 29 3 55 2 3 0
1 54 1 88 1 13 1
1 70 1 61 0 67 2
1 43 3 45 3 93 2
1 63 0 13 2 33 1
1 64 2 36 1 57 2
1 6 2 12 3 75 2
1 46 3 32 1 13 3
1 59 1 44 1 29 1
1 55 0 38 1 83 1
1 18 0 59 2 84 2
0 74 1 49 0 14 1
0 95 2 29 1 88 1
0 39 2 75 2 14 2
0 56 2 28 1 19 2
0 61 1 7 3 30 0
0 65 1 8 2 66 3
0 50 3 1 0 81 1
1 50 2 19 1 81 3
0 90 3 8 3 48 2
1 8 3 47 0 61 1
1 20 1 90 2 23 3
0 74 0 22 3 3 0
0 79 0 90 0 6 1
0 69 3 2 0 92 1
0 68 0 92 0 47 0
1 97 3 88 2 40 0
0 9 1 4 0 40 1
0 97 1 18 3 64 3
1 42 1 88 1 93 3
0 73 2 40 3 6 3
1 22 1 60 0 36 3
1 15 2 68 1 2 3
0 36 0 82 3 50 2
0 11 0 33 3 15 2
0 79 2 90 3 3 2
1 24 3 55 3 73 3
0 64 3 68 1 16 2
1 87 2 76 2 77 0
0 44 0 46 0 43 2
1 13 3 84 2 43 0
1 52 3 42 2 42 0
1 2 0 21 1 43 3
1 64 1 58 3 90 2
0 8 2 92 0 23 0
0 64 3 78 0 13 1
0 51 2 82 0 79 3
1 4 3 56 0 87 1
0 43 3 50 0 53 0
0 30 3 84 1 67 3
1 38 1 73 1 20 1
0 91 2 10 3 24 3
1 37 0 38 3 26 2
0 72 2 37 0 44 0
1 26 2 68 1 80 2
1 18 0 82 2 60 0
1 62 0 6 0 53 1
0 46 0 27 3 5 0
1 62 1 7 2 66 1
0 90 3 80 0 89 2
0 77 1 37 3 62 0
1 43 3 84 3 86 2
0 9 1 6 0 56 2
1 66 2 93 2 4 0
0 7 2 33 0 8 0
0 60 3 35 0 78 3
0 30 0 43 3 4 0
0 66 0 43 0 27 2
0 42 3 5 2 96 1
0 54 3 31 3 86 2
1 31 2 58 0 35 3
0 86 1 26 2 43 2
1 11 0 26 3 81 0
0 97 2 71 1 5 3
1 16 2 10 3 74 2
0 2 0 52 3 88 0
1 69 0 16 2 55 1
1 41 2 29 1 49 2
0 6 3 71 1 28 3
0 51 0 76 2 29 2
0 6 3 96 0 24 3
0 57 0 26 1 47 2
1 36 0 78 3 40 0
1 89 3 43 3 39 3
1 71 1 37 2 29 0
1 77 3 45 0 8 2
1 60 2 35 3 33 0
1 23 1 40 3 52 0
0 39 3 33 3 51 2
0 80 3 36 3 53 3
1 86 2 46 1 99 2
1 11 2 29 3 56 3
1 76 2 37 1 52 0
1 74 1 0 1 63 0
1 41 3 95 3 91 0
1 74 2 2 2 21 3
0 17 3 59 2 49 3
0 0 3 64 0 82 2
1 54 0 80 1 37 0
1 79 2 29 1 15 0
0 66 3 38 0 30 1
1 17 3 87 2 90 3
0 10 1 1 3 80 2
0 14 3 71 0 34 1
0 21 0 59 0 53 3
0 82 2 77 0 26 0
1 83 0 84 1 7 2
0 68 3 26 2 70 2
1 49 3 26 3 62 2
1 57 3 76 2 94 2
0 98 3 83 1 59 1
1 69 1 87 1 43 3
1 21 3 16 1 78 0
0 79 1 23 3 48 2
0 7 3 65 2 73 1
1 42 2 46 3 54 1
1 83 2 59 2 78 3
1 8 0 96 1 78 0
1 61 3 60 0 61 2
1 20 2 15 0 51 3
0 96 2 10 3 51 2
1 59 3 29 0 26 2
1 75 2 25 2 75 2
0 20 0 74 0 32 1
0 71 2 63 2 79 3
1 29 1 16 3 97 3
1 39 2 68 1 92 0
1 84 0 14 3 9 3
0 21 2 10 1 34 1
0 14 3 3 3 25 2
0 46 1 91 3 3 0
0 26 3 39 3 30 1
1 23 3 8 0 61 2
0 42 2 98 0 73 0
0 83 1 65 2 14 2
0 15 2 90 1 98 1
0 72 0 51 0 83 2
1 53 1 28 1 61 2
1 97 3 63 1 56 1
0 38 2 5 0 53 2
1 96 1 18 2 90 1
1 9 0 39 3 79 0
0 19 3 82 2 72 1
1 34 3 22 2 16 3
1 73 1 32 0 64 3
0 3 2 83 0 64 0
0 49 3 66 2 99 0
0 73 2 19 0 71 3
1 16 3 86 3 78 3
0 9 3 33 1 47 2
1 1 2 86 2 1 1
1 22 1 3 3 23 3
1 94 0 54 2 32 3
1 55 2 32 2 36 3
1 42 0 29 3 53 2
0 62 1 36 0 53 0
1 17 0 95 1 14 1
0 76 2 84 0 12 2
0 53 2 60 0 75 3
0 50 1 62 1 54 3
1 56 1 66 1 14 0
0 86 3 38 1 39 3
0 37 2 52 2 14 3
0 79 2 46 1 52 1
0 14 3 29 0 75 3
1 28 0 95 3 38 2
1 0 3 50 1 75 2
0 25 2 30 1 84 0
1 87 2 25 3 69 2
0 79 2 40 2 42 2
1 52 2 58 1 90 0
0 25 1 32 0 65 2
0 39 1 92 0 6 0
1 33 3 30 3 25 0
0 53 2 76 2 35 1
1 74 1 16 0 70 0
1 48 0 17 0 36 1
0 26 3 31 0 35 3
0 64 0 37 3 89 0
1 6 1 51 1 11 3
0 34 0 4 0 24 1
0 63 2 99 2 31 1
1 99 2 41 0 25 1
0 26 0 73 2 1 1
0 21 1 30 0 18 3
0 67 3 83 0 4 1
1 67 0 64 3 47 1
0 11 3 87 2 7 0
1 14 0 17 3 94 2
1 87 1 84 2 59 2
0 28 0 87 2 91 1
1 42 1 21 1 11 2
1 21 1 94 3 53 1
1 29 0 32 1 34 2
1 64 0 4 3 62 3
0 46 2 89 3 9 0
1 90 0 90 0 84 2
0 80 1 2 1 46 0
1 91 1 5 3 3 3
1 96 2 80 1 77 0
1 50 3 63 2 93 2
0 23 1 45 0 75 2
1 81 2 76 3 64 2
1 71 3 80 2 87 0
0 49 3 48 0 43 2
1 40 3 65 0 79 3
0 63 1 90 0 51 2
1 69 1 51 3 56 0
0 57 0 35 2 32 0
1 3 1 73 3 6 3
1 54 1 99 1 32 2
1 97 1 58 2 11 3
0 5 1 6 2 77 3
0 63 0 8 1 65 0
0 69 1 26 2 9 1
1 38 0 33 1 50 1
1 55 1 91 2 10 0
0 51 3 44 3 22 1
1 34 3 73 3 19 0
0 44 1 94 2 65 1
1 6 2 81 0 9 3
0 76 1 96 3 10 1
1 20 0 42 2 98 1
0 10 0 40 1 95 1
1 76 3 51 3 92 1
1 6 1 1 0 92 2
1 67 3 78 1 99 0
1 63 0 58 2 81 2
0 43 0 19 1 26 2
0 42 2 78 0 80 2
1 77 3 89 2 44 1
0 32 3 35 0 88 2
1 74 0 59 1 79 1
1 35 3 59 2 75 1
1 87 2 56 1 53 3
1 17 2 40 2 9 2
1 78 3 58 3 60 3
0 15 1 56 0 10 0
1 6 3 20 3 62 3
1 43 1 8 3 57 0
1 77 1 98 1 68 2
1 11 3 98 1 29 1
1 60 3 99 0 37 1
1 98 3 7 0 57 0
0 14 2 15 0 91 2
0 40 2 67 2 50 3
1 37 3 23 0 32 2
0 56 0 34 2 33 3
0 10 0 48 3 87 1
0 56 1 50 3 89 1
0 63 1 21 1 54 3
0 38 2 78 0 77 2
0 18 2 78 3 21 2
1 34 2 68 0 98 2
0 13 1 96 3 54 3
0 56 2 74 0 92 0
1 42 1 77 0 86 2
0 11 2 40 3 1 3
0 86 2 70 3 92 0
1 2 0 1 0 92 2
1 45 0 7 2 71 3
1 1 3 17 0 17 0
1 29 0 71 1 45 3
0 13 2 69 2 96 1
1 66 3 62 0 93 1
1 23 3 43 2 60 3
0 76 0 27 1 84 1
1 72 0 65 1 77 0
0 86 1 29 0 45 3
0 17 3 51 0 10 3
1 55 2 8 1 10 2
0 72 3 49 1 27 0
1 7 3 41 2 66 1
0 53 1 46 1 31 0
0 93 1 46 1 97 2
0 98 3 27 2 51 1
1 20 0 97 3 80 3
0 35 3 16 1 1 3
0 20 1 91 2 44 3
0 51 2 97 3 77 3
0 21 2 23 0 5 1
1 86 1 89 0 46 0
0 77 1 2 2 24 1
0 95 3 18 1 47 0
1 49 0 65 1 46 0
0 87 0 44 1 79 1
1 71 0 65 3 20 1
0 30 2 20 3 53 3
0 66 1 0 3 63 2
1 21 0 31 3 94 2
0 1 1 69 3 31 0
0 32 2 60 0 86 1
1 13 0 20 1 14 1
0 49 2 10 3 53 3
0 9 1 66 0 21 1
1 7 0 19 0 83 3
0 62 2 12 1 49 1
1 56 2 11 2 59 1
0 22 0 15 1 38 1
0 74 2 63 2 82 0
1 82 1 6 0 79 2
0 79 3 26 0 30 0
1 68 2 80 1 76 3
1 12 0 6 0 81 0
0 11 2 54 1 32 3
0 90 0 2 0 45 0
1 99 0 74 2 63 1
0 47 1 6 0 75 1
1 63 1 82 2 56 0
1 95 3 63 1 67 3
0 22 3 67 0 95 1
0 46 0 90 0 48 0
0 57 3 34 1 36 2
0 1 0 33 2 76 2
1 37 0 75 2 52 2
0 93 0 87 0 21 3
1 30 2 42 1 56 3
0 0 3 4 0 63 3
1 10 1 33 2 55 3
1 55 3 35 1 84 1
0 52 2 4 2 74 1
1 43 2 92 2 30 1
0 24 0 53 2 94 2
0 17 3 61 3 22 0
0 12 3 28 3 75 2
1 86 1 82 2 86 2
1 71 0 64 3 27 0
1 15 2 47 1 73 1
0 16 3 79 3 60 0
1 84 3 46 2 83 2
0 23 3 82 0 94 0
0 83 1 7 3 16 1
1 98 3 28 1 44 3
0 26 0 77 1 96 0
0 96 0 85 3 13 2
1 27 2 6 2 83 1
0 0 1 93 3 37 1
1 3 0 0 2 38 0
1 16 0 3 2 3 1
1 63 0 94 3 73 1
1 9 1 53 1 27 2
0 18 3 12 0 39 3
1 91 2 53 0 25 3
1 58 1 32 3 11 3
1 89 0 77 3 49 3
-1 55 2 15 3 78 3
