0 278 2 341 0 260 2
0 378 0 471 2 235 1
0 330 0 315 0 124 0
0 660 1 243 0 846 1
0 905 1 275 1 254 0
1 452 3 26 2 279 0
0 425 3 773 3 384 2
0 191 0 382 3 105 2
1 247 0 174 2 340 2
0 44 2 160 2 690 3
0 294 3 90 1 509 3
0 629 0 605 1 54 3
0 702 2 483 1 540 1
0 341 2 523 2 317 3
0 611 2 854 0 582 2
0 873 3 682 0 900 3
1 923 0 185 0 490 1
1 321 3 842 3 264 1
1 215 2 896 1 388 0
0 408 3 48 0 321 2
0 999 3 408 2 211 3
0 700 0 618 3 100 2
1 296 3 267 3 723 1
1 854 0 464 1 73 0
1 267 1 170 2 674 3
0 776 3 415 3 266 1
0 709 1 843 3 926 2
1 926 0 565 2 880 0
0 69 2 626 1 89 0
1 458 0 659 1 459 3
0 703 0 40 0 780 1
0 2 2 907 0 476 2
1 266 0 894 2 711 3
1 621 0 431 1 69 0
1 688 3 895 1 753 3
0 115 0 184 3 606 1
1 578 1 813 1 330 1
0 502 2 788 0 488 0
1 955 3 327 3 359 2
0 639 1 454 3 644 0
0 473 1 924 2 396 1
0 643 2 694 0 399 1
1 218 2 674 2 501 1
1 806 3 398 0 202 0
1 304 3 167 1 168 2
0 1012 0 594 0 202 1
0 1017 1 317 3 796 1
0 595 0 822 1 109 1
1 101 1 173 0 90 3
1 147 2 865 3 198 3
1 83 0 145 2 364 1
0 745 1 671 3 311 3
1 969 3 492 0 817 1
0 703 0 552 3 442 2
0 528 2 600 1 1000 3
0 273 2 273 0 393 1
1 158 1 286 0 23 2
0 732 1 765 2 663 3
0 796 0 595 0 412 1
1 707 2 549 3 681 1
0 703 0 40 0 780 1
0 2 2 907 0 476 2
1 266 0 894 2 711 3
1 621 0 431 1 69 0
1 688 3 895 1 753 3
0 115 0 184 3 606 1
1 578 1 813 1 330 1
0 502 2 788 0 488 0
1 955 3 327 3 359 2
0 639 1 454 3 644 0
0 473 1 924 2 396 1
0 643 2 694 0 399 1
1 218 2 674 2 501 1
1 806 3 398 0 202 0
1 304 3 167 1 168 2
0 1012 0 594 0 202 1
0 1017 1 317 3 796 1
0 595 0 822 1 109 1
1 101 1 173 0 90 3
1 147 2 865 3 198 3
1 83 0 145 2 364 1
0 745 1 671 3 311 3
1 969 3 492 0 817 1
0 703 0 552 3 442 2
0 528 2 600 1 1000 3
0 273 2 273 0 393 1
1 158 1 286 0 23 2
0 732 1 765 2 663 3
0 796 0 595 0 412 1
1 707 2 549 3 681 1
0 703 0 40 0 780 1
0 2 2 907 0 476 2
1 266 0 894 2 711 3
1 621 0 431 1 69 0
1 688 3 895 1 753 3
0 115 0 184 3 606 1
1 578 1 813 1 330 1
0 502 2 788 0 488 0
1 955 3 327 3 359 2
0 639 1 454 3 644 0
0 473 1 924 2 396 1
0 643 2 694 0 399 1
1 218 2 674 2 501 1
1 806 3 398 0 202 0
1 304 3 167 1 168 2
0 1012 0 594 0 202 1
0 1017 1 317 3 796 1
0 595 0 822 1 109 1
1 101 1 173 0 90 3
1 147 2 865 3 198 3
1 83 0 145 2 364 1
0 745 1 671 3 311 3
1 969 3 492 0 817 1
0 703 0 552 3 442 2
0 528 2 600 1 1000 3
0 273 2 273 0 393 1
1 158 1 286 0 23 2
0 732 1 765 2 663 3
0 796 0 595 0 412 1
1 707 2 549 3 681 1
0 711 2 634 1 827 2
0 155 1 696 2 974 0
1 159 0 426 3 235 1
1 309 1 1006 2 122 3
0 9 0 173 1 971 0
0 114 2 662 3 330 1
1 44 2 610 3 312 2
0 629 2 294 1 23 1
0 134 2 529 1 76 1
1 83 1 593 0 362 2
1 133 1 599 3 841 3
1 606 1 137 2 829 0
0 1012 0 107 2 0 2
0 447 1 867 3 89 3
1 643 0 657 3 205 0
0 598 2 904 2 718 0
1 927 0 463 1 770 1
0 539 3 42 2 58 0
1 319 2 577 0 212 1
1 384 1 326 3 221 3
0 903 3 671 0 39 0
0 118 1 16 0 684 3
1 71 1 729 3 204 0
1 554 3 865 1 988 3
1 188 0 712 0 18 1
0 407 2 1019 3 158 1
1 291 0 364 3 185 0
0 889 1 255 1 519 0
1 250 3 568 0 411 3
0 587 0 756 1 85 1
1 8 0 328 1 696 0
1 851 2 29 2 272 0
0 897 1 163 3 866 1
0 1005 0 795 1 442 0
0 987 3 978 2 438 1
0 141 1 276 3 524 0
1 823 3 119 3 687 2
1 822 3 714 3 233 1
0 361 2 419 2 877 0
0 342 3 108 1 413 0
1 512 0 285 3 909 0
1 327 1 521 2 760 1
1 484 1 224 2 417 3
1 484 1 742 0 97 1
0 349 0 114 1 551 1
0 757 2 50 0 261 2
1 162 0 222 2 665 1
1 861 0 964 2 923 1
1 68 2 901 3 354 2
1 596 3 485 2 387 1
1 18 0 759 0 224 3
1 776 0 348 2 545 0
0 576 0 658 2 699 1
1 646 3 815 2 965 0
0 511 2 167 1 572 1
1 437 3 988 3 390 2
0 969 1 63 0 867 1
0 453 2 502 2 460 1
1 776 3 747 3 495 2
1 874 0 608 2 904 1
0 997 3 23 0 666 0
1 431 1 168 3 77 0
1 352 0 730 2 558 0
1 847 3 562 1 956 0
0 768 1 68 3 328 2
0 466 3 292 2 262 2
0 707 3 901 2 223 3
1 988 2 96 0 376 3
0 777 3 657 1 738 0
1 120 0 1001 1 835 2
0 441 2 268 0 919 2
1 833 0 388 3 513 1
0 206 1 159 0 892 0
1 436 3 894 0 684 3
1 526 0 258 0 723 3
1 22 0 975 1 758 3
0 666 2 870 0 810 2
0 173 1 33 1 81 0
1 145 2 3 3 118 0
0 580 2 856 0 253 2
0 12 2 496 2 669 1
1 811 3 947 2 504 0
1 525 3 147 2 388 3
1 51 1 164 2 684 0
0 826 1 849 2 251 3
0 863 0 483 2 933 2
0 389 3 826 3 797 3
0 54 0 374 0 954 3
0 775 0 1002 0 766 2
1 1015 0 154 2 875 0
0 703 0 40 0 780 1
0 2 2 907 0 476 2
1 266 0 894 2 711 3
1 621 0 431 1 69 0
1 688 3 895 1 753 3
0 115 0 184 3 606 1
1 578 1 813 1 330 1
0 502 2 788 0 488 0
1 955 3 327 3 359 2
0 639 1 454 3 644 0
0 473 1 924 2 396 1
0 643 2 694 0 399 1
1 218 2 674 2 501 1
1 806 3 398 0 202 0
1 304 3 167 1 168 2
0 1012 0 594 0 202 1
0 1017 1 317 3 796 1
0 595 0 822 1 109 1
1 101 1 173 0 90 3
1 147 2 865 3 198 3
1 83 0 145 2 364 1
0 745 1 671 3 311 3
1 969 3 492 0 817 1
0 703 0 552 3 442 2
0 528 2 600 1 1000 3
0 273 2 273 0 393 1
1 158 1 286 0 23 2
0 732 1 765 2 663 3
0 796 0 595 0 412 1
1 707 2 549 3 681 1
1 436 0 990 1 700 2
0 563 2 984 1 103 2
0 705 0 479 3 848 1
0 611 0 168 1 883 1
0 452 1 96 1 433 1
1 407 3 874 0 297 0
1 767 2 214 0 38 1
0 865 3 685 2 586 0
1 334 3 122 3 988 2
0 889 1 235 1 664 1
1 953 3 242 0 539 0
0 463 3 73 1 367 3
1 915 2 727 3 428 2
1 269 2 5 1 412 3
0 937 1 272 0 80 3
0 946 0 392 0 541 1
1 505 1 884 2 345 2
0 588 3 862 0 981 2
1 226 1 64 0 450 3
0 386 1 648 2 86 3
1 457 1 823 3 861 2
1 226 2 731 0 74 3
1 686 2 647 0 1003 2
1 952 0 364 0 48 1
1 295 3 206 1 568 0
0 856 0 55 3 86 3
1 173 2 212 2 668 2
0 667 0 134 0 356 0
0 850 3 715 0 357 1
1 131 1 453 0 209 1
0 703 0 40 0 780 1
0 2 2 907 0 476 2
1 266 0 894 2 711 3
1 621 0 431 1 69 0
1 688 3 895 1 753 3
0 115 0 184 3 606 1
1 578 1 813 1 330 1
0 502 2 788 0 488 0
1 955 3 327 3 359 2
0 639 1 454 3 644 0
0 473 1 924 2 396 1
0 643 2 694 0 399 1
1 218 2 674 2 501 1
1 806 3 398 0 202 0
1 304 3 167 1 168 2
0 1012 0 594 0 202 1
0 1017 1 317 3 796 1
0 595 0 822 1 109 1
1 101 1 173 0 90 3
1 147 2 865 3 198 3
1 83 0 145 2 364 1
0 745 1 671 3 311 3
1 969 3 492 0 817 1
0 703 0 552 3 442 2
0 528 2 600 1 1000 3
0 273 2 273 0 393 1
1 158 1 286 0 23 2
0 732 1 765 2 663 3
0 796 0 595 0 412 1
1 707 2 549 3 681 1
0 703 0 40 0 780 1
0 2 2 907 0 476 2
1 266 0 894 2 711 3
1 621 0 431 1 69 0
1 688 3 895 1 753 3
0 115 0 184 3 606 1
1 578 1 813 1 330 1
0 502 2 788 0 488 0
1 955 3 327 3 359 2
0 639 1 454 3 644 0
0 473 1 924 2 396 1
0 643 2 694 0 399 1
1 218 2 674 2 501 1
1 806 3 398 0 202 0
1 304 3 167 1 168 2
0 1012 0 594 0 202 1
0 1017 1 317 3 796 1
0 595 0 822 1 109 1
1 101 1 173 0 90 3
1 147 2 865 3 198 3
1 83 0 145 2 364 1
0 745 1 671 3 311 3
1 969 3 492 0 817 1
0 703 0 552 3 442 2
0 528 2 600 1 1000 3
0 273 2 273 0 393 1
1 158 1 286 0 23 2
0 732 1 765 2 663 3
0 796 0 595 0 412 1
1 707 2 549 3 681 1
0 703 0 40 0 780 1
0 2 2 907 0 476 2
1 266 0 894 2 711 3
1 621 0 431 1 69 0
1 688 3 895 1 753 3
0 115 0 184 3 606 1
1 578 1 813 1 330 1
0 502 2 788 0 488 0
1 955 3 327 3 359 2
0 639 1 454 3 644 0
0 473 1 924 2 396 1
0 643 2 694 0 399 1
1 218 2 674 2 501 1
1 806 3 398 0 202 0
1 304 3 167 1 168 2
0 1012 0 594 0 202 1
0 1017 1 317 3 796 1
0 595 0 822 1 109 1
1 101 1 173 0 90 3
1 147 2 865 3 198 3
1 83 0 145 2 364 1
0 745 1 671 3 311 3
1 969 3 492 0 817 1
0 703 0 552 3 442 2
0 528 2 600 1 1000 3
0 273 2 273 0 393 1
1 158 1 286 0 23 2
0 732 1 765 2 663 3
0 796 0 595 0 412 1
1 707 2 549 3 681 1
1 812 3 63 3 281 2
1 70 1 192 3 276 2
1 29 3 765 3 920 2
1 812 0 898 2 891 0
1 195 0 137 3 119 0
0 254 0 76 3 477 1
0 686 0 784 3 58 2
1 513 1 606 1 173 3
0 307 1 465 3 819 2
0 435 3 396 0 541 0
0 886 0 617 2 39 3
1 956 1 460 3 323 3
1 382 3 404 3 531 1
0 212 2 580 2 134 0
1 369 1 315 2 422 1
1 914 1 904 2 196 0
0 328 1 744 0 577 2
1 344 3 767 0 740 2
1 671 1 239 2 937 1
1 478 2 424 2 980 1
0 365 3 505 3 166 2
1 10 3 703 3 811 1
1 962 2 435 0 70 3
0 271 1 742 0 732 0
1 995 0 707 2 644 1
0 788 1 744 1 708 3
0 858 3 351 1 630 2
1 719 0 301 0 248 0
0 210 3 786 2 856 2
1 975 0 879 3 25 2
0 990 3 913 2 781 1
1 373 0 610 0 801 1
0 242 1 952 2 1006 3
1 714 0 831 1 607 0
1 317 1 768 0 250 2
1 429 2 884 2 924 3
1 293 2 269 3 710 2
1 537 1 236 1 931 3
1 404 1 36 2 193 1
0 102 3 422 0 418 3
1 854 0 685 0 423 2
0 479 3 923 2 280 2
0 305 2 266 1 822 1
1 253 0 540 1 337 3
1 145 3 621 3 129 2
0 799 1 49 2 415 1
0 457 0 625 1 891 2
0 936 1 932 2 978 2
1 99 3 670 0 392 2
0 191 0 699 1 664 3
1 246 3 553 1 60 0
0 37 1 711 1 972 2
0 371 3 903 1 654 1
0 733 2 30 3 744 2
1 500 0 685 0 41 2
0 163 2 17 2 522 0
1 866 3 28 2 929 3
0 87 3 1023 1 76 2
0 668 3 1023 2 436 3
0 240 3 157 1 616 1
0 703 0 40 0 780 1
0 2 2 907 0 476 2
1 266 0 894 2 711 3
1 621 0 431 1 69 0
1 688 3 895 1 753 3
0 115 0 184 3 606 1
1 578 1 813 1 330 1
0 502 2 788 0 488 0
1 955 3 327 3 359 2
0 639 1 454 3 644 0
0 473 1 924 2 396 1
0 643 2 694 0 399 1
1 218 2 674 2 501 1
1 806 3 398 0 202 0
1 304 3 167 1 168 2
0 1012 0 594 0 202 1
0 1017 1 317 3 796 1
0 595 0 822 1 109 1
1 101 1 173 0 90 3
1 147 2 865 3 198 3
1 83 0 145 2 364 1
0 745 1 671 3 311 3
1 969 3 492 0 817 1
0 703 0 552 3 442 2
0 528 2 600 1 1000 3
0 273 2 273 0 393 1
1 158 1 286 0 23 2
0 732 1 765 2 663 3
0 796 0 595 0 412 1
1 707 2 549 3 681 1
0 703 0 40 0 780 1
0 2 2 907 0 476 2
1 266 0 894 2 711 3
1 621 0 431 1 69 0
1 688 3 895 1 753 3
0 115 0 184 3 606 1
1 578 1 813 1 330 1
0 502 2 788 0 488 0
1 955 3 327 3 359 2
0 639 1 454 3 644 0
0 473 1 924 2 396 1
0 643 2 694 0 399 1
1 218 2 674 2 501 1
1 806 3 398 0 202 0
1 304 3 167 1 168 2
0 1012 0 594 0 202 1
0 1017 1 317 3 796 1
0 595 0 822 1 109 1
1 101 1 173 0 90 3
1 147 2 865 3 198 3
1 83 0 145 2 364 1
0 745 1 671 3 311 3
1 969 3 492 0 817 1
0 703 0 552 3 442 2
0 528 2 600 1 1000 3
0 273 2 273 0 393 1
1 158 1 286 0 23 2
0 732 1 765 2 663 3
0 796 0 595 0 412 1
1 707 2 549 3 681 1
0 480 0 516 0 742 0
1 661 3 757 0 733 1
0 929 2 452 0 525 0
0 485 3 228 3 259 0
1 272 2 203 0 437 3
1 922 1 238 3 739 1
1 10 2 672 0 860 2
0 271 3 454 3 929 3
1 798 2 99 1 757 3
1 587 0 992 2 222 0
1 1007 3 212 0 573 2
1 159 3 985 3 863 2
0 799 0 737 2 698 3
0 254 0 689 2 978 1
1 632 0 22 2 641 1
1 916 0 242 3 666 1
0 296 0 374 3 797 1
1 583 2 104 3 467 3
0 788 2 176 3 804 3
1 551 1 1010 2 799 2
0 946 0 172 3 604 2
1 1022 3 916 3 722 2
1 503 0 988 0 393 2
0 631 0 723 3 150 3
0 557 1 994 1 563 3
0 148 2 509 0 423 0
1 982 0 351 2 1022 0
0 374 3 755 2 812 0
0 227 3 10 0 121 2
1 664 1 138 0 863 2
0 703 0 40 0 780 1
0 2 2 907 0 476 2
1 266 0 894 2 711 3
1 621 0 431 1 69 0
1 688 3 895 1 753 3
0 115 0 184 3 606 1
1 578 1 813 1 330 1
0 502 2 788 0 488 0
1 955 3 327 3 359 2
0 639 1 454 3 644 0
0 473 1 924 2 396 1
0 643 2 694 0 399 1
1 218 2 674 2 501 1
1 806 3 398 0 202 0
1 304 3 167 1 168 2
0 1012 0 594 0 202 1
0 1017 1 317 3 796 1
0 595 0 822 1 109 1
1 101 1 173 0 90 3
1 147 2 865 3 198 3
1 83 0 145 2 364 1
0 745 1 671 3 311 3
1 969 3 492 0 817 1
0 703 0 552 3 442 2
0 528 2 600 1 1000 3
0 273 2 273 0 393 1
1 158 1 286 0 23 2
0 732 1 765 2 663 3
0 796 0 595 0 412 1
1 707 2 549 3 681 1
0 703 0 40 0 780 1
0 2 2 907 0 476 2
1 266 0 894 2 711 3
1 621 0 431 1 69 0
1 688 3 895 1 753 3
0 115 0 184 3 606 1
1 578 1 813 1 330 1
0 502 2 788 0 488 0
1 955 3 327 3 359 2
0 639 1 454 3 644 0
0 473 1 924 2 396 1
0 643 2 694 0 399 1
1 218 2 674 2 501 1
1 806 3 398 0 202 0
1 304 3 167 1 168 2
0 1012 0 594 0 202 1
0 1017 1 317 3 796 1
0 595 0 822 1 109 1
1 101 1 173 0 90 3
1 147 2 865 3 198 3
1 83 0 145 2 364 1
0 745 1 671 3 311 3
1 969 3 492 0 817 1
0 703 0 552 3 442 2
0 528 2 600 1 1000 3
0 273 2 273 0 393 1
1 158 1 286 0 23 2
0 732 1 765 2 663 3
0 796 0 595 0 412 1
1 707 2 549 3 681 1
1 230 1 613 0 876 0
0 19 3 928 2 640 0
0 528 1 418 1 254 2
1 645 1 882 3 199 0
1 786 1 412 2 93 0
1 169 3 739 1 208 0
1 63 2 497 2 164 0
0 719 1 679 3 568 2
1 892 1 148 3 820 1
1 168 1 145 0 612 0
1 487 0 899 2 445 3
1 557 3 640 3 422 2
0 823 2 598 0 936 2
0 642 1 912 0 315 1
0 582 2 487 1 421 2
1 40 1 165 2 740 1
0 835 2 836 0 898 3
1 985 2 359 1 246 3
1 894 0 167 0 928 1
1 996 3 320 2 570 1
0 970 0 560 2 152 0
0 999 3 10 1 769 0
0 494 1 392 2 245 1
1 302 1 98 1 297 2
1 665 3 703 2 522 0
0 557 2 484 0 776 1
0 210 1 516 0 588 0
1 967 3 948 0 382 1
0 226 1 256 1 188 0
1 352 2 37 2 921 0
1 31 0 5 0 580 3
1 240 3 95 2 661 0
1 48 3 585 3 788 0
0 656 1 845 0 790 2
0 921 2 484 0 345 1
1 822 3 317 0 239 3
0 682 0 850 0 1013 1
0 155 0 505 3 222 1
1 822 0 417 0 757 1
0 128 3 321 3 1016 1
0 653 2 917 2 251 3
1 978 2 493 2 700 1
0 183 0 868 1 981 3
1 598 0 548 1 530 0
1 228 0 484 1 1016 1
0 489 3 867 2 656 0
1 644 0 821 2 415 0
0 116 2 849 0 741 2
0 906 1 588 2 944 2
0 548 2 659 0 61 3
1 968 0 503 2 961 2
0 399 3 275 3 1003 0
0 611 1 298 1 977 2
1 448 1 899 3 978 3
1 462 0 427 0 396 1
1 615 1 1022 1 822 0
0 982 1 907 2 53 1
0 160 0 17 2 1020 0
1 667 3 227 2 401 0
1 781 2 155 0 133 0
0 142 0 201 3 860 3
0 569 0 62 0 171 0
1 204 2 388 1 571 3
0 630 1 855 2 135 3
0 626 1 355 3 37 1
0 704 1 189 2 516 2
1 179 0 705 2 942 2
1 65 0 174 3 623 3
1 738 2 797 2 716 2
1 145 1 956 0 903 1
0 685 2 597 1 736 1
1 198 3 404 0 953 0
0 51 3 601 3 297 1
0 483 3 1009 3 898 3
1 710 2 256 2 501 1
1 863 3 36 2 570 3
0 622 2 182 1 550 2
0 683 0 489 2 693 3
0 400 0 580 1 480 3
1 763 3 140 1 110 0
0 837 1 230 2 130 3
1 717 0 909 3 71 2
1 576 0 864 0 312 0
0 224 3 568 1 1022 2
1 342 2 980 0 197 1
1 138 0 502 1 489 1
0 522 3 397 2 88 1
0 448 3 318 1 657 2
0 676 2 759 2 644 2
1 806 2 370 3 72 3
0 703 0 40 0 780 1
0 2 2 907 0 476 2
1 266 0 894 2 711 3
1 621 0 431 1 69 0
1 688 3 895 1 753 3
0 115 0 184 3 606 1
1 578 1 813 1 330 1
0 502 2 788 0 488 0
1 955 3 327 3 359 2
0 639 1 454 3 644 0
0 473 1 924 2 396 1
0 643 2 694 0 399 1
1 218 2 674 2 501 1
1 806 3 398 0 202 0
1 304 3 167 1 168 2
0 1012 0 594 0 202 1
0 1017 1 317 3 796 1
0 595 0 822 1 109 1
1 101 1 173 0 90 3
1 147 2 865 3 198 3
1 83 0 145 2 364 1
0 745 1 671 3 311 3
1 969 3 492 0 817 1
0 703 0 552 3 442 2
0 528 2 600 1 1000 3
0 273 2 273 0 393 1
1 158 1 286 0 23 2
0 732 1 765 2 663 3
0 796 0 595 0 412 1
1 707 2 549 3 681 1
0 703 0 40 0 780 1
0 2 2 907 0 476 2
1 266 0 894 2 711 3
1 621 0 431 1 69 0
1 688 3 895 1 753 3
0 115 0 184 3 606 1
1 578 1 813 1 330 1
0 502 2 788 0 488 0
1 955 3 327 3 359 2
0 639 1 454 3 644 0
0 473 1 924 2 396 1
0 643 2 694 0 399 1
1 218 2 674 2 501 1
1 806 3 398 0 202 0
1 304 3 167 1 168 2
0 1012 0 594 0 202 1
0 1017 1 317 3 796 1
0 595 0 822 1 109 1
1 101 1 173 0 90 3
1 147 2 865 3 198 3
1 83 0 145 2 364 1
0 745 1 671 3 311 3
1 969 3 492 0 817 1
0 703 0 552 3 442 2
0 528 2 600 1 1000 3
0 273 2 273 0 393 1
1 158 1 286 0 23 2
0 732 1 765 2 663 3
0 796 0 595 0 412 1
1 707 2 549 3 681 1
0 703 0 40 0 780 1
0 2 2 907 0 476 2
1 266 0 894 2 711 3
1 621 0 431 1 69 0
1 688 3 895 1 753 3
0 115 0 184 3 606 1
1 578 1 813 1 330 1
0 502 2 788 0 488 0
1 955 3 327 3 359 2
0 639 1 454 3 644 0
0 473 1 924 2 396 1
0 643 2 694 0 399 1
1 218 2 674 2 501 1
1 806 3 398 0 202 0
1 304 3 167 1 168 2
0 1012 0 594 0 202 1
0 1017 1 317 3 796 1
0 595 0 822 1 109 1
1 101 1 173 0 90 3
1 147 2 865 3 198 3
1 83 0 145 2 364 1
0 745 1 671 3 311 3
1 969 3 492 0 817 1
0 703 0 552 3 442 2
0 528 2 600 1 1000 3
0 273 2 273 0 393 1
1 158 1 286 0 23 2
0 732 1 765 2 663 3
0 796 0 595 0 412 1
1 707 2 549 3 681 1
0 703 0 40 0 780 1
0 2 2 907 0 476 2
1 266 0 894 2 711 3
1 621 0 431 1 69 0
1 688 3 895 1 753 3
0 115 0 184 3 606 1
1 578 1 813 1 330 1
0 502 2 788 0 488 0
1 955 3 327 3 359 2
0 639 1 454 3 644 0
0 473 1 924 2 396 1
0 643 2 694 0 399 1
1 218 2 674 2 501 1
1 806 3 398 0 202 0
1 304 3 167 1 168 2
0 1012 0 594 0 202 1
0 1017 1 317 3 796 1
0 595 0 822 1 109 1
1 101 1 173 0 90 3
1 147 2 865 3 198 3
1 83 0 145 2 364 1
0 745 1 671 3 311 3
1 969 3 492 0 817 1
0 703 0 552 3 442 2
0 528 2 600 1 1000 3
0 273 2 273 0 393 1
1 158 1 286 0 23 2
0 732 1 765 2 663 3
0 796 0 595 0 412 1
1 707 2 549 3 681 1
0 703 0 40 0 780 1
0 2 2 907 0 476 2
1 266 0 894 2 711 3
1 621 0 431 1 69 0
1 688 3 895 1 753 3
0 115 0 184 3 606 1
1 578 1 813 1 330 1
0 502 2 788 0 488 0
1 955 3 327 3 359 2
0 639 1 454 3 644 0
0 473 1 924 2 396 1
0 643 2 694 0 399 1
1 218 2 674 2 501 1
1 806 3 398 0 202 0
1 304 3 167 1 168 2
0 1012 0 594 0 202 1
0 1017 1 317 3 796 1
0 595 0 822 1 109 1
1 101 1 173 0 90 3
1 147 2 865 3 198 3
1 83 0 145 2 364 1
0 745 1 671 3 311 3
1 969 3 492 0 817 1
0 703 0 552 3 442 2
0 528 2 600 1 1000 3
0 273 2 273 0 393 1
1 158 1 286 0 23 2
0 732 1 765 2 663 3
0 796 0 595 0 412 1
1 707 2 549 3 681 1
1 191 3 888 2 698 3
1 255 2 10 0 213 2
0 595 1 1009 3 214 1
1 473 1 983 3 953 0
1 677 1 513 3 405 0
1 579 0 331 2 973 3
1 419 0 364 1 534 3
0 761 3 263 0 288 2
0 918 1 51 2 949 3
0 318 0 541 0 93 2
1 48 0 310 0 731 0
1 869 3 452 0 802 2
1 860 0 643 2 667 2
0 952 1 120 1 275 3
0 872 1 923 3 53 3
1 565 0 182 2 908 2
1 844 2 333 3 214 3
0 480 3 472 2 568 1
0 332 3 2 3 298 2
0 159 3 442 3 258 2
0 290 0 651 1 417 1
0 212 1 558 0 23 0
1 619 1 715 3 881 1
0 557 0 878 3 236 0
0 797 1 728 3 445 3
0 878 2 775 2 909 2
0 797 2 105 0 877 0
1 285 3 762 2 413 0
1 347 0 422 3 401 1
1 337 0 764 2 209 3
0 1020 1 443 1 877 2
1 793 0 544 3 198 0
1 118 1 187 0 128 1
1 53 0 345 0 134 2
0 425 3 432 1 546 1
0 536 1 903 0 539 3
0 351 1 754 3 394 0
1 879 3 529 0 766 0
1 956 3 27 3 97 3
0 404 2 324 3 580 0
0 635 3 560 2 295 2
0 452 3 482 2 465 3
0 780 1 468 2 538 3
0 1006 3 426 0 519 1
1 508 0 164 2 96 3
1 367 2 709 0 927 0
1 802 3 528 3 665 0
1 30 1 595 0 435 2
1 386 0 323 2 303 3
1 624 0 153 3 546 1
0 759 1 258 3 1020 0
1 927 1 367 1 207 0
0 755 2 900 3 25 1
0 792 3 527 3 631 2
1 246 2 947 1 501 1
0 154 1 333 2 516 1
0 663 1 600 2 777 3
1 722 0 472 0 941 1
1 558 2 286 3 961 0
0 82 0 552 2 840 1
1 632 1 621 0 367 0
1 819 3 14 0 911 3
1 214 2 144 3 361 2
1 463 2 563 0 589 1
1 760 1 932 1 410 2
1 837 2 993 3 431 0
1 519 3 319 1 56 3
0 207 3 999 1 297 3
0 180 2 464 1 851 2
0 273 2 387 0 179 3
0 694 3 808 2 636 1
0 234 0 652 1 839 2
0 921 0 177 2 955 1
1 363 2 85 2 484 3
0 1008 2 303 0 641 2
0 260 3 262 3 653 2
1 836 3 816 2 614 0
0 514 1 339 3 756 1
0 601 3 114 1 203 1
0 760 1 737 3 207 3
1 159 0 476 3 952 3
0 424 2 445 3 528 3
0 231 0 237 1 404 1
1 898 2 928 0 372 2
1 186 1 165 3 128 2
1 734 2 519 0 39 0
1 732 3 852 0 389 2
1 622 0 67 2 871 1
0 231 2 984 2 723 0
1 163 1 259 0 377 1
1 258 2 45 2 441 0
0 767 1 791 1 833 0
0 25 1 91 1 43 0
1 382 0 846 3 98 3
0 554 3 45 0 751 2
1 162 3 450 0 437 3
0 382 0 811 1 193 2
0 202 2 760 2 616 1
1 743 0 468 3 15 0
0 980 1 398 1 571 2
0 91 0 19 0 39 2
0 578 2 887 0 900 0
1 135 0 76 3 992 0
0 849 3 502 1 513 2
1 296 2 942 3 809 2
0 972 0 462 0 942 0
1 850 2 895 3 520 1
1 383 3 367 1 782 1
0 1005 1 159 1 742 1
0 394 3 250 3 683 2
0 7 1 376 2 836 1
1 538 2 120 1 952 0
0 988 3 15 3 298 2
1 31 2 669 3 539 0
0 148 1 252 1 233 0
1 32 2 740 1 585 0
0 47 0 359 0 527 2
1 319 1 1006 0 446 0
1 22 1 360 0 923 1
0 1023 2 871 3 238 3
0 580 2 336 2 724 2
0 634 2 737 2 518 1
1 528 1 973 1 332 1
1 510 0 352 0 480 1
1 246 3 1001 1 508 0
0 586 0 914 3 227 2
0 240 1 330 0 633 1
0 233 0 230 2 982 2
1 319 0 583 3 171 1
0 858 0 504 1 203 3
0 959 3 682 3 672 0
0 257 1 277 1 682 1
1 12 0 818 1 318 3
0 537 2 967 3 520 1
0 807 1 318 0 5 1
0 803 0 154 0 74 1
0 353 3 798 1 810 0
0 127 2 678 0 582 1
1 427 2 253 1 678 1
0 55 1 125 2 481 2
0 173 2 872 0 23 2
0 31 3 658 0 604 1
1 803 2 986 3 636 1
1 219 2 303 2 327 3
0 623 3 211 1 572 3
0 622 3 146 3 602 3
0 886 0 613 3 244 2
0 337 0 468 3 679 2
0 778 1 322 2 1021 0
1 850 0 413 3 981 1
1 155 3 422 1 429 2
0 423 0 466 0 623 1
0 742 3 183 3 194 2
0 495 2 456 2 623 1
0 978 0 566 1 628 2
1 549 3 154 2 893 3
1 968 1 397 1 795 1
1 941 2 948 3 681 0
1 543 3 159 3 637 0
1 1020 1 950 3 391 2
1 883 3 1009 0 18 3
0 398 2 55 0 749 0
1 8 3 758 1 227 2
1 556 0 788 3 972 0
0 896 0 167 3 977 3
0 942 2 586 0 727 0
1 144 3 950 3 611 3
0 694 2 914 0 1017 2
1 635 1 763 3 885 3
1 795 2 819 2 196 3
0 883 1 480 3 596 2
0 4 3 970 3 350 0
0 574 3 517 2 49 3
1 472 1 755 2 414 0
0 676 2 593 3 747 0
0 661 2 799 0 82 2
1 914 2 289 2 934 0
1 300 1 242 3 742 0
0 772 0 610 3 173 3
-1 928 1 410 3 211 0
