0 79 2 82 3 14 2
0 46 1 50 2 54 0
1 1 3 46 2 15 2
0 68 0 70 3 88 0
0 52 3 23 2 39 0
1 66 1 44 3 0 2
1 21 2 37 0 44 0
1 54 3 11 0 33 2
0 22 2 10 0 21 2
1 87 3 65 3 23 0
0 54 1 32 1 10 1
0 13 1 42 3 30 1
1 78 1 84 1 54 1
0 34 0 19 1 63 1
1 28 1 11 0 66 0
0 21 1 52 1 28 2
0 26 0 56 1 64 2
1 71 3 25 1 15 1
1 49 0 66 3 69 0
0 65 2 61 0 39 1
1 21 0 20 2 47 0
0 90 2 2 3 70 0
0 79 3 36 2 56 2
1 36 2 24 1 90 3
1 85 1 67 2 18 3
0 45 0 16 3 0 0
0 15 0 19 0 31 3
0 72 2 99 2 9 2
0 24 3 20 3 60 0
0 7 1 99 2 11 0
0 71 3 15 2 65 1
1 5 2 78 2 66 2
1 17 0 40 0 62 1
0 7 2 11 0 96 0
1 41 1 20 0 56 2
0 26 3 85 0 35 0
1 29 2 57 1 52 2
1 98 0 98 3 27 1
0 67 0 31 3 83 1
1 76 0 9 1 62 1
0 42 1 82 1 54 0
1 51 1 19 1 45 1
0 72 3 20 1 67 3
1 70 3 16 0 34 2
1 38 0 6 0 75 3
1 71 3 94 2 73 0
1 36 0 33 1 16 1
0 87 3 44 0 90 0
1 65 2 31 1 11 1
1 36 1 96 1 6 2
1 81 2 4 0 81 3
0 71 0 93 1 86 0
0 66 2 91 1 84 0
0 65 2 49 0 69 3
0 77 0 89 1 34 3
1 82 0 78 2 87 3
1 40 0 14 2 81 0
0 22 1 20 0 82 1
0 88 3 76 3 62 3
0 54 0 23 0 25 3
1 72 3 10 2 68 0
1 46 0 46 1 72 2
1 65 3 2 1 16 0
1 16 3 20 3 94 3
1 48 3 55 0 73 0
1 54 1 71 1 37 2
0 71 2 89 0 98 1
1 25 3 37 1 22 0
0 94 1 62 1 73 2
0 72 1 6 3 85 3
1 27 1 27 2 42 2
0 58 3 98 0 71 2
1 88 3 42 2 94 0
0 22 1 50 3 63 1
0 13 1 74 2 62 2
1 79 0 59 2 5 3
1 83 2 38 1 32 2
0 68 0 29 0 34 3
0 39 1 60 2 16 0
1 40 2 92 0 39 0
1 32 0 53 3 93 3
1 69 0 68 0 67 3
0 41 3 12 2 46 1
1 72 2 67 0 72 3
1 81 3 58 0 45 0
1 52 2 4 1 61 1
0 57 3 0 2 97 2
1 87 1 1 1 72 1
0 0 2 42 2 35 2
1 51 1 24 0 60 0
0 71 3 15 2 65 1
1 5 2 78 2 66 2
1 17 0 40 0 62 1
0 7 2 11 0 96 0
1 41 1 20 0 56 2
0 26 3 85 0 35 0
1 29 2 57 1 52 2
1 98 0 98 3 27 1
0 67 0 31 3 83 1
1 76 0 9 1 62 1
0 42 1 82 1 54 0
1 51 1 19 1 45 1
0 72 3 20 1 67 3
1 70 3 16 0 34 2
1 38 0 6 0 75 3
1 71 3 94 2 73 0
1 36 0 33 1 16 1
0 87 3 44 0 90 0
1 65 2 31 1 11 1
1 36 1 96 1 6 2
1 81 2 4 0 81 3
0 71 0 93 1 86 0
0 66 2 91 1 84 0
0 65 2 49 0 69 3
0 77 0 89 1 34 3
1 82 0 78 2 87 3
1 40 0 14 2 81 0
0 22 1 20 0 82 1
0 88 3 76 3 62 3
0 54 0 23 0 25 3
1 64 1 7 2 23 0
0 78 3 59 1 24 2
1 59 0 24 0 77 2
1 26 0 12 3 76 3
0 48 2 84 3 28 0
1 30 2 33 2 13 3
0 1 1 95 0 28 2
0 71 2 9 2 43 1
1 35 2 76 1 15 0
1 33 0 4 3 53 2
0 55 3 9 2 72 3
0 36 2 37 1 17 0
0 79 1 12 2 73 3
1 1 1 16 0 68 3
1 30 2 67 3 46 0
1 45 1 33 1 90 2
0 36 3 47 1 90 3
1 94 1 77 1 50 2
1 92 0 83 2 98 2
1 3 3 29 3 13 2
1 59 0 66 0 11 1
0 66 2 71 0 34 0
1 61 0 31 1 27 2
1 17 2 12 1 40 1
1 43 3 96 2 63 0
0 63 2 18 1 90 3
1 12 1 32 3 24 2
0 58 1 69 3 39 3
0 81 1 21 1 2 2
1 85 3 43 2 39 1
0 71 3 15 2 65 1
1 5 2 78 2 66 2
1 17 0 40 0 62 1
0 7 2 11 0 96 0
1 41 1 20 0 56 2
0 26 3 85 0 35 0
1 29 2 57 1 52 2
1 98 0 98 3 27 1
0 67 0 31 3 83 1
1 76 0 9 1 62 1
0 42 1 82 1 54 0
1 51 1 19 1 45 1
0 72 3 20 1 67 3
1 70 3 16 0 34 2
1 38 0 6 0 75 3
1 71 3 94 2 73 0
1 36 0 33 1 16 1
0 87 3 44 0 90 0
1 65 2 31 1 11 1
1 36 1 96 1 6 2
1 81 2 4 0 81 3
0 71 0 93 1 86 0
0 66 2 91 1 84 0
0 65 2 49 0 69 3
0 77 0 89 1 34 3
1 82 0 78 2 87 3
1 40 0 14 2 81 0
0 22 1 20 0 82 1
0 88 3 76 3 62 3
0 54 0 23 0 25 3
0 71 3 15 2 65 1
1 5 2 78 2 66 2
1 17 0 40 0 62 1
0 7 2 11 0 96 0
1 41 1 20 0 56 2
0 26 3 85 0 35 0
1 29 2 57 1 52 2
1 98 0 98 3 27 1
0 67 0 31 3 83 1
1 76 0 9 1 62 1
0 42 1 82 1 54 0
1 51 1 19 1 45 1
0 72 3 20 1 67 3
1 70 3 16 0 34 2
1 38 0 6 0 75 3
1 71 3 94 2 73 0
1 36 0 33 1 16 1
0 87 3 44 0 90 0
1 65 2 31 1 11 1
1 36 1 96 1 6 2
1 81 2 4 0 81 3
0 71 0 93 1 86 0
0 66 2 91 1 84 0
0 65 2 49 0 69 3
0 77 0 89 1 34 3
1 82 0 78 2 87 3
1 40 0 14 2 81 0
0 22 1 20 0 82 1
0 88 3 76 3 62 3
0 54 0 23 0 25 3
0 97 1 28 0 93 3
0 87 1 92 0 85 0
1 83 2 41 2 50 0
0 55 2 28 1 40 2
1 16 1 40 1 22 1
1 90 0 48 2 24 1
0 30 3 89 2 75 0
0 99 1 39 1 78 0
1 23 3 84 2 71 0
1 6 3 88 3 36 1
1 25 3 32 1 62 0
0 65 0 82 1 66 0
1 57 3 97 1 0 3
1 33 1 41 2 75 1
1 48 0 31 1 81 0
1 12 2 16 3 37 0
0 16 3 81 0 71 0
1 4 0 3 1 7 3
1 45 0 7 1 50 0
1 20 0 23 1 95 0
1 68 2 12 1 32 3
0 57 2 32 0 81 2
0 32 0 48 2 9 0
0 78 1 13 0 83 0
0 51 3 66 1 68 1
0 43 0 21 1 88 0
1 98 3 42 1 22 0
0 34 0 1 2 22 2
1 19 1 43 3 44 3
1 61 3 81 1 44 1
0 71 3 15 2 65 1
1 5 2 78 2 66 2
1 17 0 40 0 62 1
0 7 2 11 0 96 0
1 41 1 20 0 56 2
0 26 3 85 0 35 0
1 29 2 57 1 52 2
1 98 0 98 3 27 1
0 67 0 31 3 83 1
1 76 0 9 1 62 1
0 42 1 82 1 54 0
1 51 1 19 1 45 1
0 72 3 20 1 67 3
1 70 3 16 0 34 2
1 38 0 6 0 75 3
1 71 3 94 2 73 0
1 36 0 33 1 16 1
0 87 3 44 0 90 0
1 65 2 31 1 11 1
1 36 1 96 1 6 2
1 81 2 4 0 81 3
0 71 0 93 1 86 0
0 66 2 91 1 84 0
0 65 2 49 0 69 3
0 77 0 89 1 34 3
1 82 0 78 2 87 3
1 40 0 14 2 81 0
0 22 1 20 0 82 1
0 88 3 76 3 62 3
0 54 0 23 0 25 3
0 71 3 15 2 65 1
1 5 2 78 2 66 2
1 17 0 40 0 62 1
0 7 2 11 0 96 0
1 41 1 20 0 56 2
0 26 3 85 0 35 0
1 29 2 57 1 52 2
1 98 0 98 3 27 1
0 67 0 31 3 83 1
1 76 0 9 1 62 1
0 42 1 82 1 54 0
1 51 1 19 1 45 1
0 72 3 20 1 67 3
1 70 3 16 0 34 2
1 38 0 6 0 75 3
1 71 3 94 2 73 0
1 36 0 33 1 16 1
0 87 3 44 0 90 0
1 65 2 31 1 11 1
1 36 1 96 1 6 2
1 81 2 4 0 81 3
0 71 0 93 1 86 0
0 66 2 91 1 84 0
0 65 2 49 0 69 3
0 77 0 89 1 34 3
1 82 0 78 2 87 3
1 40 0 14 2 81 0
0 22 1 20 0 82 1
0 88 3 76 3 62 3
0 54 0 23 0 25 3
0 71 3 15 2 65 1
1 5 2 78 2 66 2
1 17 0 40 0 62 1
0 7 2 11 0 96 0
1 41 1 20 0 56 2
0 26 3 85 0 35 0
1 29 2 57 1 52 2
1 98 0 98 3 27 1
0 67 0 31 3 83 1
1 76 0 9 1 62 1
0 42 1 82 1 54 0
1 51 1 19 1 45 1
0 72 3 20 1 67 3
1 70 3 16 0 34 2
1 38 0 6 0 75 3
1 71 3 94 2 73 0
1 36 0 33 1 16 1
0 87 3 44 0 90 0
1 65 2 31 1 11 1
1 36 1 96 1 6 2
1 81 2 4 0 81 3
0 71 0 93 1 86 0
0 66 2 91 1 84 0
0 65 2 49 0 69 3
0 77 0 89 1 34 3
1 82 0 78 2 87 3
1 40 0 14 2 81 0
0 22 1 20 0 82 1
0 88 3 76 3 62 3
0 54 0 23 0 25 3
0 71 3 15 2 65 1
1 5 2 78 2 66 2
1 17 0 40 0 62 1
0 7 2 11 0 96 0
1 41 1 20 0 56 2
0 26 3 85 0 35 0
1 29 2 57 1 52 2
1 98 0 98 3 27 1
0 67 0 31 3 83 1
1 76 0 9 1 62 1
0 42 1 82 1 54 0
1 51 1 19 1 45 1
0 72 3 20 1 67 3
1 70 3 16 0 34 2
1 38 0 6 0 75 3
1 71 3 94 2 73 0
1 36 0 33 1 16 1
0 87 3 44 0 90 0
1 65 2 31 1 11 1
1 36 1 96 1 6 2
1 81 2 4 0 81 3
0 71 0 93 1 86 0
0 66 2 91 1 84 0
0 65 2 49 0 69 3
0 77 0 89 1 34 3
1 82 0 78 2 87 3
1 40 0 14 2 81 0
0 22 1 20 0 82 1
0 88 3 76 3 62 3
0 54 0 23 0 25 3
1 25 3 54 1 59 0
0 42 0 55 1 60 0
1 14 1 51 2 99 2
0 63 0 87 2 32 2
1 61 1 94 3 17 3
0 91 2 18 3 95 0
1 68 3 99 1 78 2
1 97 1 83 3 57 2
1 37 2 1 1 58 2
0 4 3 52 0 89 3
0 20 1 39 1 40 3
1 41 3 61 1 89 1
0 31 1 10 0 11 3
1 57 2 59 2 40 2
0 75 1 2 0 66 3
0 60 3 9 2 28 1
0 65 3 98 2 54 3
1 97 0 26 1 26 3
1 21 1 54 0 64 1
0 80 0 53 3 46 1
0 62 0 63 2 51 1
0 52 3 39 3 43 0
1 14 1 72 3 45 1
1 60 3 8 1 1 0
0 4 3 63 0 54 3
0 84 1 67 1 34 2
0 95 1 27 2 39 1
1 99 1 3 1 52 3
1 23 0 90 3 11 3
1 53 2 14 2 36 1
0 71 3 15 2 65 1
1 5 2 78 2 66 2
1 17 0 40 0 62 1
0 7 2 11 0 96 0
1 41 1 20 0 56 2
0 26 3 85 0 35 0
1 29 2 57 1 52 2
1 98 0 98 3 27 1
0 67 0 31 3 83 1
1 76 0 9 1 62 1
0 42 1 82 1 54 0
1 51 1 19 1 45 1
0 72 3 20 1 67 3
1 70 3 16 0 34 2
1 38 0 6 0 75 3
1 71 3 94 2 73 0
1 36 0 33 1 16 1
0 87 3 44 0 90 0
1 65 2 31 1 11 1
1 36 1 96 1 6 2
1 81 2 4 0 81 3
0 71 0 93 1 86 0
0 66 2 91 1 84 0
0 65 2 49 0 69 3
0 77 0 89 1 34 3
1 82 0 78 2 87 3
1 40 0 14 2 81 0
0 22 1 20 0 82 1
0 88 3 76 3 62 3
0 54 0 23 0 25 3
0 71 3 15 2 65 1
1 5 2 78 2 66 2
1 17 0 40 0 62 1
0 7 2 11 0 96 0
1 41 1 20 0 56 2
0 26 3 85 0 35 0
1 29 2 57 1 52 2
1 98 0 98 3 27 1
0 67 0 31 3 83 1
1 76 0 9 1 62 1
0 42 1 82 1 54 0
1 51 1 19 1 45 1
0 72 3 20 1 67 3
1 70 3 16 0 34 2
1 38 0 6 0 75 3
1 71 3 94 2 73 0
1 36 0 33 1 16 1
0 87 3 44 0 90 0
1 65 2 31 1 11 1
1 36 1 96 1 6 2
1 81 2 4 0 81 3
0 71 0 93 1 86 0
0 66 2 91 1 84 0
0 65 2 49 0 69 3
0 77 0 89 1 34 3
1 82 0 78 2 87 3
1 40 0 14 2 81 0
0 22 1 20 0 82 1
0 88 3 76 3 62 3
0 54 0 23 0 25 3
0 71 3 15 2 65 1
1 5 2 78 2 66 2
1 17 0 40 0 62 1
0 7 2 11 0 96 0
1 41 1 20 0 56 2
0 26 3 85 0 35 0
1 29 2 57 1 52 2
1 98 0 98 3 27 1
0 67 0 31 3 83 1
1 76 0 9 1 62 1
0 42 1 82 1 54 0
1 51 1 19 1 45 1
0 72 3 20 1 67 3
1 70 3 16 0 34 2
1 38 0 6 0 75 3
1 71 3 94 2 73 0
1 36 0 33 1 16 1
0 87 3 44 0 90 0
1 65 2 31 1 11 1
1 36 1 96 1 6 2
1 81 2 4 0 81 3
0 71 0 93 1 86 0
0 66 2 91 1 84 0
0 65 2 49 0 69 3
0 77 0 89 1 34 3
1 82 0 78 2 87 3
1 40 0 14 2 81 0
0 22 1 20 0 82 1
0 88 3 76 3 62 3
0 54 0 23 0 25 3
0 71 3 15 2 65 1
1 5 2 78 2 66 2
1 17 0 40 0 62 1
0 7 2 11 0 96 0
1 41 1 20 0 56 2
0 26 3 85 0 35 0
1 29 2 57 1 52 2
1 98 0 98 3 27 1
0 67 0 31 3 83 1
1 76 0 9 1 62 1
0 42 1 82 1 54 0
1 51 1 19 1 45 1
0 72 3 20 1 67 3
1 70 3 16 0 34 2
1 38 0 6 0 75 3
1 71 3 94 2 73 0
1 36 0 33 1 16 1
0 87 3 44 0 90 0
1 65 2 31 1 11 1
1 36 1 96 1 6 2
1 81 2 4 0 81 3
0 71 0 93 1 86 0
0 66 2 91 1 84 0
0 65 2 49 0 69 3
0 77 0 89 1 34 3
1 82 0 78 2 87 3
1 40 0 14 2 81 0
0 22 1 20 0 82 1
0 88 3 76 3 62 3
0 54 0 23 0 25 3
0 71 3 15 2 65 1
1 5 2 78 2 66 2
1 17 0 40 0 62 1
0 7 2 11 0 96 0
1 41 1 20 0 56 2
0 26 3 85 0 35 0
1 29 2 57 1 52 2
1 98 0 98 3 27 1
0 67 0 31 3 83 1
1 76 0 9 1 62 1
0 42 1 82 1 54 0
1 51 1 19 1 45 1
0 72 3 20 1 67 3
1 70 3 16 0 34 2
1 38 0 6 0 75 3
1 71 3 94 2 73 0
1 36 0 33 1 16 1
0 87 3 44 0 90 0
1 65 2 31 1 11 1
1 36 1 96 1 6 2
1 81 2 4 0 81 3
0 71 0 93 1 86 0
0 66 2 91 1 84 0
0 65 2 49 0 69 3
0 77 0 89 1 34 3
1 82 0 78 2 87 3
1 40 0 14 2 81 0
0 22 1 20 0 82 1
0 88 3 76 3 62 3
0 54 0 23 0 25 3
0 71 3 15 2 65 1
1 5 2 78 2 66 2
1 17 0 40 0 62 1
0 7 2 11 0 96 0
1 41 1 20 0 56 2
0 26 3 85 0 35 0
1 29 2 57 1 52 2
1 98 0 98 3 27 1
0 67 0 31 3 83 1
1 76 0 9 1 62 1
0 42 1 82 1 54 0
1 51 1 19 1 45 1
0 72 3 20 1 67 3
1 70 3 16 0 34 2
1 38 0 6 0 75 3
1 71 3 94 2 73 0
1 36 0 33 1 16 1
0 87 3 44 0 90 0
1 65 2 31 1 11 1
1 36 1 96 1 6 2
1 81 2 4 0 81 3
0 71 0 93 1 86 0
0 66 2 91 1 84 0
0 65 2 49 0 69 3
0 77 0 89 1 34 3
1 82 0 78 2 87 3
1 40 0 14 2 81 0
0 22 1 20 0 82 1
0 88 3 76 3 62 3
0 54 0 23 0 25 3
1 6 3 19 3 98 3
1 42 3 34 1 87 2
1 89 1 80 0 46 2
1 70 2 85 2 80 1
1 94 3 82 3 46 0
0 20 3 73 3 85 3
1 90 3 15 2 1 3
1 34 3 28 3 66 0
0 31 0 89 3 26 3
1 52 3 99 0 35 3
0 67 2 59 0 95 3
1 11 2 25 0 38 2
1 33 1 45 2 3 2
1 70 3 55 2 38 1
0 95 0 6 3 2 3
0 78 0 78 3 71 0
1 46 2 43 0 14 2
1 13 3 33 1 92 1
0 98 1 57 1 92 2
1 14 1 46 1 52 2
1 98 0 24 1 74 1
1 4 1 50 3 75 3
1 86 2 35 0 99 1
1 86 0 47 2 14 2
0 59 0 59 0 89 0
0 82 0 59 0 30 3
1 53 3 70 2 6 0
0 34 1 89 2 60 1
1 56 2 79 1 17 1
0 63 1 7 2 4 3
0 71 3 15 2 65 1
1 5 2 78 2 66 2
1 17 0 40 0 62 1
0 7 2 11 0 96 0
1 41 1 20 0 56 2
0 26 3 85 0 35 0
1 29 2 57 1 52 2
1 98 0 98 3 27 1
0 67 0 31 3 83 1
1 76 0 9 1 62 1
0 42 1 82 1 54 0
1 51 1 19 1 45 1
0 72 3 20 1 67 3
1 70 3 16 0 34 2
1 38 0 6 0 75 3
1 71 3 94 2 73 0
1 36 0 33 1 16 1
0 87 3 44 0 90 0
1 65 2 31 1 11 1
1 36 1 96 1 6 2
1 81 2 4 0 81 3
0 71 0 93 1 86 0
0 66 2 91 1 84 0
0 65 2 49 0 69 3
0 77 0 89 1 34 3
1 82 0 78 2 87 3
1 40 0 14 2 81 0
0 22 1 20 0 82 1
0 88 3 76 3 62 3
0 54 0 23 0 25 3
1 16 2 24 0 19 3
0 53 2 10 1 83 0
1 39 0 9 1 17 2
0 49 2 47 1 30 2
1 5 3 71 2 21 0
1 98 3 85 3 77 2
1 61 1 56 1 13 3
0 14 1 91 1 31 3
1 43 0 23 2 40 2
1 22 1 12 0 7 2
0 76 2 83 1 22 3
1 24 1 46 2 6 2
0 79 1 63 0 20 2
1 59 1 82 1 14 3
1 16 1 48 1 85 1
1 14 3 74 0 59 2
1 44 3 87 1 3 1
1 18 1 32 3 95 3
1 26 1 26 1 63 0
1 60 2 61 0 75 0
0 11 0 9 2 47 2
0 27 3 12 3 54 3
0 2 1 94 1 81 3
0 62 0 75 2 65 3
0 64 0 78 0 71 1
0 43 1 63 3 69 2
0 86 3 53 0 90 1
0 60 1 44 0 41 0
0 57 2 43 1 73 0
1 26 1 3 0 95 1
0 71 3 15 2 65 1
1 5 2 78 2 66 2
1 17 0 40 0 62 1
0 7 2 11 0 96 0
1 41 1 20 0 56 2
0 26 3 85 0 35 0
1 29 2 57 1 52 2
1 98 0 98 3 27 1
0 67 0 31 3 83 1
1 76 0 9 1 62 1
0 42 1 82 1 54 0
1 51 1 19 1 45 1
0 72 3 20 1 67 3
1 70 3 16 0 34 2
1 38 0 6 0 75 3
1 71 3 94 2 73 0
1 36 0 33 1 16 1
0 87 3 44 0 90 0
1 65 2 31 1 11 1
1 36 1 96 1 6 2
1 81 2 4 0 81 3
0 71 0 93 1 86 0
0 66 2 91 1 84 0
0 65 2 49 0 69 3
0 77 0 89 1 34 3
1 82 0 78 2 87 3
1 40 0 14 2 81 0
0 22 1 20 0 82 1
0 88 3 76 3 62 3
0 54 0 23 0 25 3
0 71 3 15 2 65 1
1 5 2 78 2 66 2
1 17 0 40 0 62 1
0 7 2 11 0 96 0
1 41 1 20 0 56 2
0 26 3 85 0 35 0
1 29 2 57 1 52 2
1 98 0 98 3 27 1
0 67 0 31 3 83 1
1 76 0 9 1 62 1
0 42 1 82 1 54 0
1 51 1 19 1 45 1
0 72 3 20 1 67 3
1 70 3 16 0 34 2
1 38 0 6 0 75 3
1 71 3 94 2 73 0
1 36 0 33 1 16 1
0 87 3 44 0 90 0
1 65 2 31 1 11 1
1 36 1 96 1 6 2
1 81 2 4 0 81 3
0 71 0 93 1 86 0
0 66 2 91 1 84 0
0 65 2 49 0 69 3
0 77 0 89 1 34 3
1 82 0 78 2 87 3
1 40 0 14 2 81 0
0 22 1 20 0 82 1
0 88 3 76 3 62 3
0 54 0 23 0 25 3
0 71 3 15 2 65 1
1 5 2 78 2 66 2
1 17 0 40 0 62 1
0 7 2 11 0 96 0
1 41 1 20 0 56 2
0 26 3 85 0 35 0
1 29 2 57 1 52 2
1 98 0 98 3 27 1
0 67 0 31 3 83 1
1 76 0 9 1 62 1
0 42 1 82 1 54 0
1 51 1 19 1 45 1
0 72 3 20 1 67 3
1 70 3 16 0 34 2
1 38 0 6 0 75 3
1 71 3 94 2 73 0
1 36 0 33 1 16 1
0 87 3 44 0 90 0
1 65 2 31 1 11 1
1 36 1 96 1 6 2
1 81 2 4 0 81 3
0 71 0 93 1 86 0
0 66 2 91 1 84 0
0 65 2 49 0 69 3
0 77 0 89 1 34 3
1 82 0 78 2 87 3
1 40 0 14 2 81 0
0 22 1 20 0 82 1
0 88 3 76 3 62 3
0 54 0 23 0 25 3
0 71 3 15 2 65 1
1 5 2 78 2 66 2
1 17 0 40 0 62 1
0 7 2 11 0 96 0
1 41 1 20 0 56 2
0 26 3 85 0 35 0
1 29 2 57 1 52 2
1 98 0 98 3 27 1
0 67 0 31 3 83 1
1 76 0 9 1 62 1
0 42 1 82 1 54 0
1 51 1 19 1 45 1
0 72 3 20 1 67 3
1 70 3 16 0 34 2
1 38 0 6 0 75 3
1 71 3 94 2 73 0
1 36 0 33 1 16 1
0 87 3 44 0 90 0
1 65 2 31 1 11 1
1 36 1 96 1 6 2
1 81 2 4 0 81 3
0 71 0 93 1 86 0
0 66 2 91 1 84 0
0 65 2 49 0 69 3
0 77 0 89 1 34 3
1 82 0 78 2 87 3
1 40 0 14 2 81 0
0 22 1 20 0 82 1
0 88 3 76 3 62 3
0 54 0 23 0 25 3
0 71 3 15 2 65 1
1 5 2 78 2 66 2
1 17 0 40 0 62 1
0 7 2 11 0 96 0
1 41 1 20 0 56 2
0 26 3 85 0 35 0
1 29 2 57 1 52 2
1 98 0 98 3 27 1
0 67 0 31 3 83 1
1 76 0 9 1 62 1
0 42 1 82 1 54 0
1 51 1 19 1 45 1
0 72 3 20 1 67 3
1 70 3 16 0 34 2
1 38 0 6 0 75 3
1 71 3 94 2 73 0
1 36 0 33 1 16 1
0 87 3 44 0 90 0
1 65 2 31 1 11 1
1 36 1 96 1 6 2
1 81 2 4 0 81 3
0 71 0 93 1 86 0
0 66 2 91 1 84 0
0 65 2 49 0 69 3
0 77 0 89 1 34 3
1 82 0 78 2 87 3
1 40 0 14 2 81 0
0 22 1 20 0 82 1
0 88 3 76 3 62 3
0 54 0 23 0 25 3
0 7 3 20 2 37 1
0 26 2 96 3 88 3
1 94 1 30 1 96 1
0 57 2 93 0 55 3
0 67 3 71 3 42 1
1 66 3 1 0 91 2
0 37 0 54 1 94 0
1 29 1 42 1 22 2
1 76 2 43 2 5 2
1 25 3 60 1 60 1
0 78 0 15 0 44 1
1 25 0 40 3 57 2
1 68 1 99 1 25 3
0 19 3 0 1 69 3
1 32 1 35 0 84 1
1 5 0 83 2 32 0
0 61 1 34 2 66 1
0 73 2 7 1 32 0
1 81 0 65 3 19 1
0 4 2 38 3 65 1
0 30 2 70 2 6 1
0 69 0 74 1 68 3
1 68 2 10 2 84 3
0 78 0 63 0 32 0
0 34 3 63 2 12 3
0 56 1 18 2 62 1
0 62 0 93 1 40 1
1 74 0 17 2 46 0
1 4 3 14 3 45 3
1 70 3 24 1 60 3
0 71 3 15 2 65 1
1 5 2 78 2 66 2
1 17 0 40 0 62 1
0 7 2 11 0 96 0
1 41 1 20 0 56 2
0 26 3 85 0 35 0
1 29 2 57 1 52 2
1 98 0 98 3 27 1
0 67 0 31 3 83 1
1 76 0 9 1 62 1
0 42 1 82 1 54 0
1 51 1 19 1 45 1
0 72 3 20 1 67 3
1 70 3 16 0 34 2
1 38 0 6 0 75 3
1 71 3 94 2 73 0
1 36 0 33 1 16 1
0 87 3 44 0 90 0
1 65 2 31 1 11 1
1 36 1 96 1 6 2
1 81 2 4 0 81 3
0 71 0 93 1 86 0
0 66 2 91 1 84 0
0 65 2 49 0 69 3
0 77 0 89 1 34 3
1 82 0 78 2 87 3
1 40 0 14 2 81 0
0 22 1 20 0 82 1
0 88 3 76 3 62 3
0 54 0 23 0 25 3
1 59 2 14 0 47 3
0 3 1 69 2 5 2
1 28 3 84 1 60 2
0 3 1 78 3 83 0
0 53 1 7 1 63 0
1 17 0 86 3 92 3
0 5 0 87 2 53 3
0 48 3 39 2 3 2
1 49 1 50 3 88 0
0 11 2 46 3 16 1
1 7 3 46 3 81 2
1 17 0 44 0 98 2
1 32 3 95 2 51 0
0 74 0 73 3 25 0
0 94 3 39 0 7 1
0 45 3 32 2 78 1
0 56 3 20 0 50 2
1 76 3 88 0 36 3
0 67 3 45 1 49 1
0 6 0 81 3 36 2
0 32 1 58 3 48 2
0 49 1 62 3 72 3
0 31 1 43 1 78 2
1 79 0 11 1 53 2
1 97 0 43 0 17 1
1 21 3 9 0 87 3
1 98 2 37 1 95 2
0 47 3 85 1 72 2
1 27 3 20 3 77 1
1 55 0 64 2 99 0
0 71 3 15 2 65 1
1 5 2 78 2 66 2
1 17 0 40 0 62 1
0 7 2 11 0 96 0
1 41 1 20 0 56 2
0 26 3 85 0 35 0
1 29 2 57 1 52 2
1 98 0 98 3 27 1
0 67 0 31 3 83 1
1 76 0 9 1 62 1
0 42 1 82 1 54 0
1 51 1 19 1 45 1
0 72 3 20 1 67 3
1 70 3 16 0 34 2
1 38 0 6 0 75 3
1 71 3 94 2 73 0
1 36 0 33 1 16 1
0 87 3 44 0 90 0
1 65 2 31 1 11 1
1 36 1 96 1 6 2
1 81 2 4 0 81 3
0 71 0 93 1 86 0
0 66 2 91 1 84 0
0 65 2 49 0 69 3
0 77 0 89 1 34 3
1 82 0 78 2 87 3
1 40 0 14 2 81 0
0 22 1 20 0 82 1
0 88 3 76 3 62 3
0 54 0 23 0 25 3
0 71 3 15 2 65 1
1 5 2 78 2 66 2
1 17 0 40 0 62 1
0 7 2 11 0 96 0
1 41 1 20 0 56 2
0 26 3 85 0 35 0
1 29 2 57 1 52 2
1 98 0 98 3 27 1
0 67 0 31 3 83 1
1 76 0 9 1 62 1
0 42 1 82 1 54 0
1 51 1 19 1 45 1
0 72 3 20 1 67 3
1 70 3 16 0 34 2
1 38 0 6 0 75 3
1 71 3 94 2 73 0
1 36 0 33 1 16 1
0 87 3 44 0 90 0
1 65 2 31 1 11 1
1 36 1 96 1 6 2
1 81 2 4 0 81 3
0 71 0 93 1 86 0
0 66 2 91 1 84 0
0 65 2 49 0 69 3
0 77 0 89 1 34 3
1 82 0 78 2 87 3
1 40 0 14 2 81 0
0 22 1 20 0 82 1
0 88 3 76 3 62 3
0 54 0 23 0 25 3
0 13 2 86 0 97 3
0 24 2 14 3 31 3
1 99 3 12 0 32 1
0 86 1 18 1 46 0
0 70 2 29 2 1 3
0 27 1 69 0 6 1
1 10 1 25 0 4 2
0 14 2 3 1 11 2
1 83 0 79 2 37 1
1 89 2 33 3 22 1
1 1 2 3 0 74 1
0 72 1 91 3 85 0
0 97 2 97 0 30 1
0 73 2 20 0 74 1
0 29 0 2 2 67 3
0 61 1 23 1 69 0
1 31 2 21 2 13 0
0 84 3 6 3 71 1
0 70 3 57 1 68 2
0 16 2 64 2 67 2
1 43 1 63 2 67 1
1 91 2 4 1 25 1
1 32 3 20 3 27 2
0 99 3 60 2 24 2
0 92 3 65 0 88 2
0 35 3 8 1 24 0
0 62 2 13 1 11 0
0 91 3 60 2 42 2
0 41 3 79 1 76 3
-1 58 3 67 0 33 0
