1 98 3 95 1 57 0
0 1 3 23 2 20 0
1 69 3 50 0 38 0
1 75 2 1 2 59 2
0 99 3 49 0 92 3
0 22 0 25 2 63 0
1 83 1 43 2 58 0
0 98 3 4 3 71 3
0 72 0 90 0 72 0
1 35 3 17 2 46 3
0 47 1 46 2 84 3
0 38 0 79 0 26 1
0 27 3 6 2 64 1
0 21 0 22 3 35 0
1 72 0 59 2 91 2
1 56 1 17 0 71 3
1 94 0 73 2 92 2
1 4 2 70 2 83 2
0 73 1 17 3 4 1
1 7 1 98 2 70 2
0 70 2 10 1 84 0
0 29 0 64 2 73 0
1 65 1 86 0 72 0
1 72 2 12 3 48 3
0 4 0 46 3 98 1
1 96 1 91 2 75 2
0 38 2 96 0 33 3
0 69 0 21 0 18 1
1 35 3 35 2 16 3
0 19 1 74 0 33 1
1 99 0 79 0 64 3
1 81 0 67 1 47 1
0 79 2 90 3 16 1
0 97 1 73 2 40 2
1 22 3 0 1 55 2
1 19 2 79 3 94 3
0 96 2 66 0 73 1
1 2 1 83 0 88 3
1 50 1 21 2 69 3
1 62 0 96 3 85 2
0 15 0 33 3 22 2
0 86 2 17 2 20 2
0 37 2 18 1 90 2
1 41 1 33 1 40 2
0 66 3 33 1 8 1
0 4 2 67 3 29 3
0 17 0 11 3 44 0
1 12 1 4 3 22 1
0 14 1 99 2 64 3
1 84 3 78 2 41 0
0 63 2 43 1 14 3
1 2 3 70 1 46 0
1 69 0 10 0 91 0
0 20 0 10 0 10 2
0 8 3 12 1 32 0
0 75 0 57 0 36 0
1 92 0 39 2 54 2
1 39 2 17 2 59 3
0 55 0 15 1 98 2
1 1 1 60 1 88 0
1 98 3 95 1 57 0
0 1 3 23 2 20 0
1 69 3 50 0 38 0
1 75 2 1 2 59 2
0 99 3 49 0 92 3
0 22 0 25 2 63 0
1 83 1 43 2 58 0
0 98 3 4 3 71 3
0 72 0 90 0 72 0
1 35 3 17 2 46 3
0 47 1 46 2 84 3
0 38 0 79 0 26 1
0 27 3 6 2 64 1
0 21 0 22 3 35 0
1 72 0 59 2 91 2
1 56 1 17 0 71 3
1 94 0 73 2 92 2
1 4 2 70 2 83 2
0 73 1 17 3 4 1
1 7 1 98 2 70 2
0 70 2 10 1 84 0
0 29 0 64 2 73 0
1 65 1 86 0 72 0
1 72 2 12 3 48 3
0 4 0 46 3 98 1
1 96 1 91 2 75 2
0 38 2 96 0 33 3
0 69 0 21 0 18 1
1 35 3 35 2 16 3
0 19 1 74 0 33 1
1 98 3 95 1 57 0
0 1 3 23 2 20 0
1 69 3 50 0 38 0
1 75 2 1 2 59 2
0 99 3 49 0 92 3
0 22 0 25 2 63 0
1 83 1 43 2 58 0
0 98 3 4 3 71 3
0 72 0 90 0 72 0
1 35 3 17 2 46 3
0 47 1 46 2 84 3
0 38 0 79 0 26 1
0 27 3 6 2 64 1
0 21 0 22 3 35 0
1 72 0 59 2 91 2
1 56 1 17 0 71 3
1 94 0 73 2 92 2
1 4 2 70 2 83 2
0 73 1 17 3 4 1
1 7 1 98 2 70 2
0 70 2 10 1 84 0
0 29 0 64 2 73 0
1 65 1 86 0 72 0
1 72 2 12 3 48 3
0 4 0 46 3 98 1
1 96 1 91 2 75 2
0 38 2 96 0 33 3
0 69 0 21 0 18 1
1 35 3 35 2 16 3
0 19 1 74 0 33 1
1 46 1 12 0 93 3
0 54 1 26 3 2 2
1 72 2 55 2 10 2
0 59 0 85 0 87 0
0 23 3 42 3 45 1
0 64 3 58 1 11 2
1 11 0 16 0 28 2
1 82 3 3 1 0 2
1 79 1 75 1 20 0
0 4 0 87 0 27 2
0 79 0 17 1 8 3
0 3 2 54 3 50 3
1 38 2 83 1 89 1
1 10 0 75 0 48 0
0 52 3 67 3 58 1
1 44 1 47 3 60 1
0 20 0 22 3 60 0
0 54 1 37 0 8 0
0 79 2 52 3 44 2
0 62 0 19 3 72 3
1 96 3 62 0 5 2
1 75 0 82 1 11 3
1 61 0 15 3 0 3
0 79 2 32 0 89 2
0 14 1 98 1 4 0
0 47 2 67 0 26 1
0 38 1 24 1 12 1
0 4 3 94 0 94 3
0 40 0 48 1 87 0
0 58 3 96 2 29 3
0 59 1 63 2 63 0
1 37 3 24 3 23 0
0 49 0 22 0 14 3
1 45 2 99 3 32 1
1 57 1 61 1 65 3
0 44 3 27 0 34 3
0 29 1 35 1 2 2
1 93 1 22 3 50 3
1 92 1 39 0 66 0
0 91 2 57 3 82 0
0 36 0 24 2 13 0
1 92 3 86 2 57 2
1 68 2 55 1 34 3
0 33 0 21 2 36 2
1 9 0 84 3 29 3
1 2 1 85 2 93 1
0 98 2 83 0 9 0
1 63 1 26 0 93 0
1 53 0 16 0 37 2
0 55 2 47 0 15 0
1 6 2 95 0 69 1
1 95 2 50 1 11 1
1 88 2 6 0 76 3
1 12 2 96 3 13 0
0 95 2 54 2 64 0
1 14 3 13 3 46 2
1 84 3 18 1 51 2
0 93 3 65 2 44 0
1 63 3 69 2 43 2
0 94 3 62 0 38 3
0 17 2 87 0 73 1
1 41 1 12 0 0 3
0 72 0 95 1 22 1
0 89 0 12 1 56 1
1 15 2 58 2 96 1
1 80 0 8 2 31 3
1 31 2 19 3 94 3
0 31 1 16 1 42 2
1 57 3 68 0 54 1
1 68 0 93 3 12 1
0 93 2 36 1 69 3
0 2 3 50 2 30 0
0 73 3 92 0 92 1
1 33 2 91 2 46 2
0 35 1 1 1 85 3
0 53 0 54 0 76 2
1 29 0 95 0 75 1
1 11 3 89 0 28 1
0 81 3 25 0 78 2
1 42 1 93 3 27 1
0 77 2 24 2 82 3
0 69 3 17 3 19 1
1 97 2 66 0 64 0
1 15 2 88 0 25 3
1 98 3 91 0 19 2
1 92 0 90 0 74 2
1 60 1 7 3 64 3
0 15 1 32 3 83 1
1 71 1 85 3 20 1
0 47 0 34 1 41 3
1 98 3 95 1 57 0
0 1 3 23 2 20 0
1 69 3 50 0 38 0
1 75 2 1 2 59 2
0 99 3 49 0 92 3
0 22 0 25 2 63 0
1 83 1 43 2 58 0
0 98 3 4 3 71 3
0 72 0 90 0 72 0
1 35 3 17 2 46 3
0 47 1 46 2 84 3
0 38 0 79 0 26 1
0 27 3 6 2 64 1
0 21 0 22 3 35 0
1 72 0 59 2 91 2
1 56 1 17 0 71 3
1 94 0 73 2 92 2
1 4 2 70 2 83 2
0 73 1 17 3 4 1
1 7 1 98 2 70 2
0 70 2 10 1 84 0
0 29 0 64 2 73 0
1 65 1 86 0 72 0
1 72 2 12 3 48 3
0 4 0 46 3 98 1
1 96 1 91 2 75 2
0 38 2 96 0 33 3
0 69 0 21 0 18 1
1 35 3 35 2 16 3
0 19 1 74 0 33 1
1 10 0 3 3 26 0
0 1 0 98 3 57 2
0 17 3 96 2 4 3
0 2 2 33 2 33 2
0 20 2 95 3 24 2
0 70 1 13 0 33 2
0 60 2 49 3 46 3
1 54 3 73 0 62 3
1 86 1 93 2 25 2
1 38 2 17 0 1 0
1 31 3 31 1 81 2
0 62 3 79 2 94 1
0 45 0 71 3 16 0
1 7 1 14 0 49 0
1 36 2 28 3 62 3
0 7 3 13 3 49 2
1 81 3 5 0 59 0
0 37 0 45 2 39 0
1 89 0 97 1 6 0
1 12 0 14 0 65 1
0 15 3 70 3 27 0
0 26 1 69 1 1 2
1 81 1 94 0 35 3
1 61 3 27 3 80 2
0 42 1 68 1 81 1
0 11 1 66 0 72 0
0 31 0 33 3 85 3
1 30 2 14 0 95 1
1 90 0 86 0 9 0
0 86 2 34 2 47 3
0 47 0 52 1 96 0
0 76 1 36 2 52 2
0 93 0 63 0 33 2
0 61 2 85 1 61 2
1 31 3 65 0 13 0
1 10 1 43 1 91 1
0 65 2 12 1 5 3
0 90 2 38 2 15 1
0 13 0 25 3 0 0
1 39 0 6 3 14 1
1 70 1 25 0 62 3
1 56 2 66 0 29 3
1 36 0 66 3 8 1
0 39 3 72 0 3 2
0 49 3 68 2 13 2
0 62 2 36 3 96 2
1 52 1 88 2 54 3
0 64 0 98 2 51 3
0 29 0 22 0 33 2
1 51 1 97 3 55 1
0 41 3 26 1 10 2
1 75 3 31 1 87 0
0 46 2 32 1 34 1
1 25 1 26 1 69 3
1 33 3 42 0 64 3
0 6 3 93 3 81 0
0 79 1 49 1 3 0
1 85 3 27 2 35 2
0 18 2 99 3 38 3
1 39 0 34 2 83 2
0 19 0 96 3 27 2
0 3 0 54 3 66 0
0 29 2 7 3 59 1
1 82 0 29 2 74 2
0 10 1 96 1 40 1
1 26 0 45 3 36 0
0 40 3 73 1 79 2
0 60 2 74 1 15 3
1 8 1 53 1 85 3
1 26 2 24 2 51 0
0 44 0 22 1 58 3
1 44 2 55 1 30 2
1 83 3 69 3 8 3
1 29 0 74 1 13 1
0 83 2 33 3 38 3
1 86 2 44 1 48 0
1 10 2 80 2 46 2
0 23 0 33 3 37 3
1 93 0 60 2 61 3
1 61 0 89 3 87 0
1 25 1 25 0 46 0
0 1 3 87 3 90 3
0 2 1 34 1 24 1
1 49 1 2 2 55 3
0 22 3 50 2 29 2
0 80 0 63 3 34 2
0 7 3 88 3 30 1
1 50 1 95 2 62 1
1 5 3 37 2 88 2
0 55 0 52 1 34 3
1 98 3 95 1 57 0
0 1 3 23 2 20 0
1 69 3 50 0 38 0
1 75 2 1 2 59 2
0 99 3 49 0 92 3
0 22 0 25 2 63 0
1 83 1 43 2 58 0
0 98 3 4 3 71 3
0 72 0 90 0 72 0
1 35 3 17 2 46 3
0 47 1 46 2 84 3
0 38 0 79 0 26 1
0 27 3 6 2 64 1
0 21 0 22 3 35 0
1 72 0 59 2 91 2
1 56 1 17 0 71 3
1 94 0 73 2 92 2
1 4 2 70 2 83 2
0 73 1 17 3 4 1
1 7 1 98 2 70 2
0 70 2 10 1 84 0
0 29 0 64 2 73 0
1 65 1 86 0 72 0
1 72 2 12 3 48 3
0 4 0 46 3 98 1
1 96 1 91 2 75 2
0 38 2 96 0 33 3
0 69 0 21 0 18 1
1 35 3 35 2 16 3
0 19 1 74 0 33 1
0 51 2 11 1 87 0
0 51 3 97 3 23 0
0 20 1 36 2 33 1
1 2 0 17 3 84 0
0 40 0 10 2 11 3
1 77 3 76 3 91 2
1 14 0 94 2 55 1
0 32 0 6 0 28 0
0 94 1 15 1 58 3
1 38 2 6 2 17 0
1 48 2 86 1 72 3
0 18 2 66 0 99 0
0 40 2 46 2 45 2
0 89 2 68 0 15 1
0 80 3 93 1 37 1
0 17 2 93 0 37 3
1 81 1 82 0 52 2
1 48 2 19 1 85 0
1 1 2 86 3 92 3
0 42 0 72 2 62 3
1 8 0 72 2 1 0
0 1 0 94 2 89 1
1 63 2 25 0 80 3
1 49 2 62 3 6 2
0 15 2 29 1 59 0
0 20 1 94 0 68 0
0 1 2 89 2 30 3
0 68 0 37 0 48 1
0 29 1 55 0 24 2
0 49 0 45 1 56 0
1 63 2 69 2 94 3
0 87 0 97 1 52 0
0 19 2 11 0 19 0
1 89 3 67 3 34 3
1 1 2 34 3 65 2
1 87 2 39 0 61 2
1 89 2 53 1 58 2
0 50 1 65 2 74 3
1 12 0 25 3 93 1
0 63 0 73 0 83 1
1 32 3 8 2 86 1
1 84 0 72 3 84 0
1 27 2 44 0 61 2
1 43 3 13 1 69 1
1 94 2 3 2 49 0
0 65 3 57 2 29 2
1 98 0 3 1 59 2
1 96 2 17 0 84 1
1 97 1 12 3 72 0
0 28 3 70 3 37 1
0 65 2 63 1 79 2
0 7 2 18 2 33 2
0 24 3 52 3 92 3
0 86 3 89 3 43 2
0 92 2 50 0 49 2
1 1 1 79 2 1 0
1 84 2 2 0 7 2
1 24 3 99 3 35 2
1 37 1 43 1 9 3
1 95 3 59 2 79 2
1 98 3 95 1 57 0
0 1 3 23 2 20 0
1 69 3 50 0 38 0
1 75 2 1 2 59 2
0 99 3 49 0 92 3
0 22 0 25 2 63 0
1 83 1 43 2 58 0
0 98 3 4 3 71 3
0 72 0 90 0 72 0
1 35 3 17 2 46 3
0 47 1 46 2 84 3
0 38 0 79 0 26 1
0 27 3 6 2 64 1
0 21 0 22 3 35 0
1 72 0 59 2 91 2
1 56 1 17 0 71 3
1 94 0 73 2 92 2
1 4 2 70 2 83 2
0 73 1 17 3 4 1
1 7 1 98 2 70 2
0 70 2 10 1 84 0
0 29 0 64 2 73 0
1 65 1 86 0 72 0
1 72 2 12 3 48 3
0 4 0 46 3 98 1
1 96 1 91 2 75 2
0 38 2 96 0 33 3
0 69 0 21 0 18 1
1 35 3 35 2 16 3
0 19 1 74 0 33 1
0 98 1 36 3 30 3
0 0 0 23 0 83 1
1 55 3 29 0 50 2
0 67 2 89 3 39 1
1 5 0 92 0 62 1
0 34 2 92 2 17 0
1 41 3 47 1 9 1
0 26 2 59 1 73 3
1 54 1 67 2 27 2
0 25 3 56 2 91 3
1 30 3 74 0 4 1
0 51 1 90 0 79 1
0 22 3 56 2 44 3
1 99 1 46 2 44 0
0 83 1 18 2 1 1
0 39 3 9 0 87 3
1 80 0 38 0 84 1
0 5 1 66 3 55 1
0 1 2 25 3 55 2
0 91 1 11 1 72 2
0 95 2 78 3 40 3
1 87 0 47 0 73 3
1 17 3 81 1 22 2
0 71 2 86 3 40 0
1 14 2 67 0 10 2
1 32 1 78 2 95 0
1 48 1 36 0 39 2
1 83 2 5 0 2 3
0 9 1 3 2 5 1
1 89 0 17 2 3 2
1 92 1 6 0 56 2
0 35 2 34 3 44 3
1 62 0 28 2 97 2
1 71 2 5 3 90 1
1 35 1 43 0 88 0
0 58 0 68 1 78 1
1 85 2 34 3 29 1
1 57 2 64 0 40 2
1 22 2 58 0 42 1
1 23 0 42 3 44 3
0 1 3 22 2 11 3
0 5 0 69 1 32 0
1 78 1 32 1 42 2
0 76 3 40 3 62 2
1 97 3 14 1 56 1
1 7 3 93 1 98 3
0 65 2 28 2 56 3
1 12 2 85 1 95 1
0 17 0 99 0 96 1
1 16 0 40 1 33 3
0 65 2 90 2 41 0
1 72 2 18 3 80 0
1 99 0 21 2 67 1
1 73 1 56 0 0 3
1 72 1 70 1 23 0
0 16 3 53 3 9 0
1 92 2 18 2 93 3
1 28 2 69 2 9 3
0 87 1 32 0 4 2
1 34 3 9 2 0 0
1 98 3 95 1 57 0
0 1 3 23 2 20 0
1 69 3 50 0 38 0
1 75 2 1 2 59 2
0 99 3 49 0 92 3
0 22 0 25 2 63 0
1 83 1 43 2 58 0
0 98 3 4 3 71 3
0 72 0 90 0 72 0
1 35 3 17 2 46 3
0 47 1 46 2 84 3
0 38 0 79 0 26 1
0 27 3 6 2 64 1
0 21 0 22 3 35 0
1 72 0 59 2 91 2
1 56 1 17 0 71 3
1 94 0 73 2 92 2
1 4 2 70 2 83 2
0 73 1 17 3 4 1
1 7 1 98 2 70 2
0 70 2 10 1 84 0
0 29 0 64 2 73 0
1 65 1 86 0 72 0
1 72 2 12 3 48 3
0 4 0 46 3 98 1
1 96 1 91 2 75 2
0 38 2 96 0 33 3
0 69 0 21 0 18 1
1 35 3 35 2 16 3
0 19 1 74 0 33 1
1 98 3 95 1 57 0
0 1 3 23 2 20 0
1 69 3 50 0 38 0
1 75 2 1 2 59 2
0 99 3 49 0 92 3
0 22 0 25 2 63 0
1 83 1 43 2 58 0
0 98 3 4 3 71 3
0 72 0 90 0 72 0
1 35 3 17 2 46 3
0 47 1 46 2 84 3
0 38 0 79 0 26 1
0 27 3 6 2 64 1
0 21 0 22 3 35 0
1 72 0 59 2 91 2
1 56 1 17 0 71 3
1 94 0 73 2 92 2
1 4 2 70 2 83 2
0 73 1 17 3 4 1
1 7 1 98 2 70 2
0 70 2 10 1 84 0
0 29 0 64 2 73 0
1 65 1 86 0 72 0
1 72 2 12 3 48 3
0 4 0 46 3 98 1
1 96 1 91 2 75 2
0 38 2 96 0 33 3
0 69 0 21 0 18 1
1 35 3 35 2 16 3
0 19 1 74 0 33 1
0 19 3 30 1 64 0
1 65 3 36 3 29 2
0 60 1 58 1 50 2
0 90 0 89 3 73 1
1 10 0 60 3 96 1
1 73 1 36 1 46 3
1 41 1 85 2 76 0
0 8 0 11 2 49 2
1 0 2 40 3 7 2
1 55 2 27 0 82 1
0 62 0 15 0 24 3
1 11 3 75 0 82 2
1 2 1 20 3 93 1
1 95 0 96 1 42 2
0 89 3 72 2 96 0
0 39 1 16 1 75 1
1 11 1 28 0 24 3
1 87 0 58 1 58 1
1 85 1 91 2 50 1
0 33 2 97 0 48 0
1 1 2 70 3 24 0
0 11 1 85 3 64 3
1 25 0 43 0 5 0
1 28 3 16 3 56 1
0 30 3 33 1 50 0
0 61 2 79 3 35 0
0 15 3 26 2 4 0
1 27 3 87 0 94 3
1 56 1 45 1 43 0
0 34 3 34 0 14 1
0 17 3 65 1 69 3
0 42 1 71 3 93 3
0 69 0 36 2 76 3
0 99 0 56 0 41 1
0 41 3 81 1 18 0
1 66 3 9 1 83 3
0 45 2 71 2 99 2
0 91 2 54 0 46 3
1 67 2 38 2 86 3
1 13 3 2 3 32 2
0 49 3 27 0 92 2
0 47 3 9 0 27 2
0 82 0 22 1 3 2
0 88 0 71 2 76 0
0 71 0 2 1 89 0
1 46 3 21 3 60 3
1 83 1 40 3 93 2
1 82 1 17 2 26 2
0 23 3 92 3 98 1
0 80 0 96 1 4 3
1 95 0 49 1 55 3
1 37 1 27 2 86 0
0 73 2 71 1 32 2
1 46 3 10 0 36 2
1 67 3 75 0 34 3
1 0 2 29 0 81 2
0 35 3 30 2 24 2
0 84 3 86 1 30 2
1 6 1 68 1 70 1
1 85 0 43 2 54 1
1 98 3 95 1 57 0
0 1 3 23 2 20 0
1 69 3 50 0 38 0
1 75 2 1 2 59 2
0 99 3 49 0 92 3
0 22 0 25 2 63 0
1 83 1 43 2 58 0
0 98 3 4 3 71 3
0 72 0 90 0 72 0
1 35 3 17 2 46 3
0 47 1 46 2 84 3
0 38 0 79 0 26 1
0 27 3 6 2 64 1
0 21 0 22 3 35 0
1 72 0 59 2 91 2
1 56 1 17 0 71 3
1 94 0 73 2 92 2
1 4 2 70 2 83 2
0 73 1 17 3 4 1
1 7 1 98 2 70 2
0 70 2 10 1 84 0
0 29 0 64 2 73 0
1 65 1 86 0 72 0
1 72 2 12 3 48 3
0 4 0 46 3 98 1
1 96 1 91 2 75 2
0 38 2 96 0 33 3
0 69 0 21 0 18 1
1 35 3 35 2 16 3
0 19 1 74 0 33 1
1 98 3 95 1 57 0
0 1 3 23 2 20 0
1 69 3 50 0 38 0
1 75 2 1 2 59 2
0 99 3 49 0 92 3
0 22 0 25 2 63 0
1 83 1 43 2 58 0
0 98 3 4 3 71 3
0 72 0 90 0 72 0
1 35 3 17 2 46 3
0 47 1 46 2 84 3
0 38 0 79 0 26 1
0 27 3 6 2 64 1
0 21 0 22 3 35 0
1 72 0 59 2 91 2
1 56 1 17 0 71 3
1 94 0 73 2 92 2
1 4 2 70 2 83 2
0 73 1 17 3 4 1
1 7 1 98 2 70 2
0 70 2 10 1 84 0
0 29 0 64 2 73 0
1 65 1 86 0 72 0
1 72 2 12 3 48 3
0 4 0 46 3 98 1
1 96 1 91 2 75 2
0 38 2 96 0 33 3
0 69 0 21 0 18 1
1 35 3 35 2 16 3
0 19 1 74 0 33 1
1 98 3 95 1 57 0
0 1 3 23 2 20 0
1 69 3 50 0 38 0
1 75 2 1 2 59 2
0 99 3 49 0 92 3
0 22 0 25 2 63 0
1 83 1 43 2 58 0
0 98 3 4 3 71 3
0 72 0 90 0 72 0
1 35 3 17 2 46 3
0 47 1 46 2 84 3
0 38 0 79 0 26 1
0 27 3 6 2 64 1
0 21 0 22 3 35 0
1 72 0 59 2 91 2
1 56 1 17 0 71 3
1 94 0 73 2 92 2
1 4 2 70 2 83 2
0 73 1 17 3 4 1
1 7 1 98 2 70 2
0 70 2 10 1 84 0
0 29 0 64 2 73 0
1 65 1 86 0 72 0
1 72 2 12 3 48 3
0 4 0 46 3 98 1
1 96 1 91 2 75 2
0 38 2 96 0 33 3
0 69 0 21 0 18 1
1 35 3 35 2 16 3
0 19 1 74 0 33 1
0 46 1 24 0 20 3
1 17 3 41 0 90 0
1 65 2 40 1 29 1
0 11 0 10 3 36 0
0 75 1 92 0 13 2
1 21 3 29 2 42 3
1 41 3 81 1 81 3
0 66 1 37 1 34 3
1 48 2 0 0 3 3
1 48 3 5 2 7 2
1 89 1 31 0 25 0
0 84 1 0 2 40 2
0 28 0 72 3 65 0
0 10 3 18 2 37 0
0 38 3 84 2 46 3
1 88 3 65 1 96 0
0 74 3 11 0 7 0
0 47 2 0 3 11 1
0 64 2 98 0 63 1
0 70 1 48 3 23 1
1 10 0 55 1 33 3
0 77 1 50 3 94 0
0 15 0 41 3 98 0
1 62 1 76 3 28 1
1 84 1 57 1 85 0
0 16 2 92 1 28 3
0 61 0 86 3 57 1
1 70 0 18 3 97 3
1 59 1 44 1 73 2
0 61 1 59 1 83 2
1 98 3 95 1 57 0
0 1 3 23 2 20 0
1 69 3 50 0 38 0
1 75 2 1 2 59 2
0 99 3 49 0 92 3
0 22 0 25 2 63 0
1 83 1 43 2 58 0
0 98 3 4 3 71 3
0 72 0 90 0 72 0
1 35 3 17 2 46 3
0 47 1 46 2 84 3
0 38 0 79 0 26 1
0 27 3 6 2 64 1
0 21 0 22 3 35 0
1 72 0 59 2 91 2
1 56 1 17 0 71 3
1 94 0 73 2 92 2
1 4 2 70 2 83 2
0 73 1 17 3 4 1
1 7 1 98 2 70 2
0 70 2 10 1 84 0
0 29 0 64 2 73 0
1 65 1 86 0 72 0
1 72 2 12 3 48 3
0 4 0 46 3 98 1
1 96 1 91 2 75 2
0 38 2 96 0 33 3
0 69 0 21 0 18 1
1 35 3 35 2 16 3
0 19 1 74 0 33 1
1 98 3 95 1 57 0
0 1 3 23 2 20 0
1 69 3 50 0 38 0
1 75 2 1 2 59 2
0 99 3 49 0 92 3
0 22 0 25 2 63 0
1 83 1 43 2 58 0
0 98 3 4 3 71 3
0 72 0 90 0 72 0
1 35 3 17 2 46 3
0 47 1 46 2 84 3
0 38 0 79 0 26 1
0 27 3 6 2 64 1
0 21 0 22 3 35 0
1 72 0 59 2 91 2
1 56 1 17 0 71 3
1 94 0 73 2 92 2
1 4 2 70 2 83 2
0 73 1 17 3 4 1
1 7 1 98 2 70 2
0 70 2 10 1 84 0
0 29 0 64 2 73 0
1 65 1 86 0 72 0
1 72 2 12 3 48 3
0 4 0 46 3 98 1
1 96 1 91 2 75 2
0 38 2 96 0 33 3
0 69 0 21 0 18 1
1 35 3 35 2 16 3
0 19 1 74 0 33 1
1 98 3 95 1 57 0
0 1 3 23 2 20 0
1 69 3 50 0 38 0
1 75 2 1 2 59 2
0 99 3 49 0 92 3
0 22 0 25 2 63 0
1 83 1 43 2 58 0
0 98 3 4 3 71 3
0 72 0 90 0 72 0
1 35 3 17 2 46 3
0 47 1 46 2 84 3
0 38 0 79 0 26 1
0 27 3 6 2 64 1
0 21 0 22 3 35 0
1 72 0 59 2 91 2
1 56 1 17 0 71 3
1 94 0 73 2 92 2
1 4 2 70 2 83 2
0 73 1 17 3 4 1
1 7 1 98 2 70 2
0 70 2 10 1 84 0
0 29 0 64 2 73 0
1 65 1 86 0 72 0
1 72 2 12 3 48 3
0 4 0 46 3 98 1
1 96 1 91 2 75 2
0 38 2 96 0 33 3
0 69 0 21 0 18 1
1 35 3 35 2 16 3
0 19 1 74 0 33 1
0 1 1 80 0 85 0
0 72 3 69 3 37 2
1 12 0 99 0 46 3
0 57 3 26 2 12 3
1 48 0 39 1 82 3
0 93 3 87 3 53 3
1 86 0 28 1 56 1
1 55 1 87 1 8 0
1 95 2 62 3 39 1
1 89 3 38 3 43 3
0 9 1 18 0 99 3
1 77 2 91 0 5 3
1 9 2 2 0 70 0
0 19 1 38 2 83 2
0 26 3 65 0 45 0
0 11 1 10 3 41 3
0 94 0 28 2 43 2
1 73 0 82 3 32 3
0 83 1 61 3 52 1
0 62 0 18 1 50 0
1 56 3 86 2 4 1
1 12 2 92 0 6 1
1 50 0 21 2 38 1
1 35 1 46 1 59 0
1 4 0 64 0 93 0
1 43 0 75 1 80 3
0 35 1 25 0 38 0
1 21 3 33 2 45 2
0 68 2 56 3 2 1
0 44 1 55 2 17 0
0 0 3 26 1 58 0
0 41 0 96 1 33 2
1 63 0 38 1 29 0
1 70 3 39 1 39 2
0 16 0 85 0 39 0
1 36 1 93 2 76 2
1 66 1 92 2 94 1
1 92 0 1 1 0 3
1 5 2 18 1 64 0
1 19 1 10 1 61 1
0 14 0 18 1 83 2
1 73 1 4 0 0 0
0 98 1 6 0 43 2
0 85 3 86 2 71 2
1 46 0 74 2 37 3
0 25 0 55 3 38 1
0 62 3 54 2 0 2
0 43 2 25 2 18 3
0 77 1 83 2 64 2
0 41 3 42 2 82 1
1 84 0 2 2 87 0
0 26 2 57 0 19 2
1 70 3 86 3 54 0
1 3 0 35 3 47 0
0 46 3 10 0 23 3
0 93 3 55 0 69 0
1 87 2 84 0 38 1
0 44 3 42 2 61 1
0 32 0 35 2 8 3
1 75 1 39 3 46 3
0 32 2 74 1 69 0
1 4 1 47 3 49 1
0 96 2 85 3 18 0
0 59 2 44 3 54 1
0 26 1 14 3 2 2
1 21 2 78 3 68 0
0 1 0 99 0 78 1
1 44 3 75 3 72 2
1 7 2 71 2 70 1
1 56 1 61 3 1 2
0 69 0 63 1 42 3
1 14 3 98 2 90 2
1 43 0 11 2 23 3
1 49 3 14 3 51 2
0 31 0 12 1 15 0
0 85 0 60 3 62 0
0 3 0 72 2 10 0
0 31 3 0 2 81 1
1 48 0 5 1 74 1
1 54 0 88 1 46 1
0 24 3 32 3 74 0
1 19 3 16 2 36 2
0 39 3 19 2 72 3
0 84 2 2 1 82 1
0 3 3 28 1 83 1
1 82 2 38 2 18 0
1 67 1 98 0 86 1
1 56 0 65 0 72 2
0 96 2 52 0 86 0
0 1 1 53 1 71 1
1 98 3 95 1 57 0
0 1 3 23 2 20 0
1 69 3 50 0 38 0
1 75 2 1 2 59 2
0 99 3 49 0 92 3
0 22 0 25 2 63 0
1 83 1 43 2 58 0
0 98 3 4 3 71 3
0 72 0 90 0 72 0
1 35 3 17 2 46 3
0 47 1 46 2 84 3
0 38 0 79 0 26 1
0 27 3 6 2 64 1
0 21 0 22 3 35 0
1 72 0 59 2 91 2
1 56 1 17 0 71 3
1 94 0 73 2 92 2
1 4 2 70 2 83 2
0 73 1 17 3 4 1
1 7 1 98 2 70 2
0 70 2 10 1 84 0
0 29 0 64 2 73 0
1 65 1 86 0 72 0
1 72 2 12 3 48 3
0 4 0 46 3 98 1
1 96 1 91 2 75 2
0 38 2 96 0 33 3
0 69 0 21 0 18 1
1 35 3 35 2 16 3
0 19 1 74 0 33 1
1 98 3 95 1 57 0
0 1 3 23 2 20 0
1 69 3 50 0 38 0
1 75 2 1 2 59 2
0 99 3 49 0 92 3
0 22 0 25 2 63 0
1 83 1 43 2 58 0
0 98 3 4 3 71 3
0 72 0 90 0 72 0
1 35 3 17 2 46 3
0 47 1 46 2 84 3
0 38 0 79 0 26 1
0 27 3 6 2 64 1
0 21 0 22 3 35 0
1 72 0 59 2 91 2
1 56 1 17 0 71 3
1 94 0 73 2 92 2
1 4 2 70 2 83 2
0 73 1 17 3 4 1
1 7 1 98 2 70 2
0 70 2 10 1 84 0
0 29 0 64 2 73 0
1 65 1 86 0 72 0
1 72 2 12 3 48 3
0 4 0 46 3 98 1
1 96 1 91 2 75 2
0 38 2 96 0 33 3
0 69 0 21 0 18 1
1 35 3 35 2 16 3
-1 19 1 74 0 33 1
