1 136 3 234 0 154 2
0 201 0 55 3 439 0
1 179 1 237 3 135 3
0 273 1 196 2 49 3
1 220 2 66 3 330 1
0 414 3 421 2 209 0
1 17 1 183 0 320 2
1 24 2 303 0 366 3
1 140 1 173 2 264 1
0 489 3 43 2 393 3
1 109 3 189 1 361 0
0 235 2 234 1 261 3
0 349 3 370 2 438 3
0 443 2 330 3 338 2
0 364 3 31 1 123 2
1 501 1 417 2 201 3
0 201 1 313 1 398 0
0 189 1 207 2 47 3
0 285 2 449 1 480 1
1 102 3 482 1 162 0
1 186 1 161 0 160 1
0 24 3 22 1 84 1
0 214 0 9 1 141 1
0 190 1 15 3 223 2
1 393 1 38 2 396 3
0 166 1 416 0 27 3
1 335 1 474 2 477 0
1 410 0 391 2 190 3
1 310 1 306 2 385 1
0 346 0 217 2 43 2
1 2 3 208 0 432 3
1 190 3 21 2 313 0
1 489 2 130 0 374 3
1 493 2 35 1 484 1
1 449 2 189 2 453 2
0 100 3 409 1 20 1
1 426 3 444 1 167 1
1 458 1 294 3 13 3
0 153 3 101 3 85 1
1 196 1 502 0 292 1
1 348 3 78 3 83 0
0 316 0 348 1 449 0
0 231 2 374 3 496 1
0 484 0 315 0 482 3
1 256 1 393 2 180 0
0 215 2 215 1 407 3
0 440 3 458 2 157 1
1 418 3 21 1 304 0
0 296 3 510 1 320 2
1 292 1 342 1 273 3
1 102 0 481 0 45 2
1 511 1 116 1 362 1
1 441 2 24 0 31 3
0 144 3 392 0 71 3
0 368 0 154 2 479 1
0 430 3 125 3 176 0
1 486 3 507 3 236 2
1 407 0 160 0 468 3
1 154 3 49 3 314 2
0 221 1 432 2 371 2
1 136 3 234 0 154 2
0 201 0 55 3 439 0
1 179 1 237 3 135 3
0 273 1 196 2 49 3
1 220 2 66 3 330 1
0 414 3 421 2 209 0
1 17 1 183 0 320 2
1 24 2 303 0 366 3
1 140 1 173 2 264 1
0 489 3 43 2 393 3
1 109 3 189 1 361 0
0 235 2 234 1 261 3
0 349 3 370 2 438 3
0 443 2 330 3 338 2
0 364 3 31 1 123 2
1 501 1 417 2 201 3
0 201 1 313 1 398 0
0 189 1 207 2 47 3
0 285 2 449 1 480 1
1 102 3 482 1 162 0
1 186 1 161 0 160 1
0 24 3 22 1 84 1
0 214 0 9 1 141 1
0 190 1 15 3 223 2
1 393 1 38 2 396 3
0 166 1 416 0 27 3
1 335 1 474 2 477 0
1 410 0 391 2 190 3
1 310 1 306 2 385 1
0 346 0 217 2 43 2
1 136 3 234 0 154 2
0 201 0 55 3 439 0
1 179 1 237 3 135 3
0 273 1 196 2 49 3
1 220 2 66 3 330 1
0 414 3 421 2 209 0
1 17 1 183 0 320 2
1 24 2 303 0 366 3
1 140 1 173 2 264 1
0 489 3 43 2 393 3
1 109 3 189 1 361 0
0 235 2 234 1 261 3
0 349 3 370 2 438 3
0 443 2 330 3 338 2
0 364 3 31 1 123 2
1 501 1 417 2 201 3
0 201 1 313 1 398 0
0 189 1 207 2 47 3
0 285 2 449 1 480 1
1 102 3 482 1 162 0
1 186 1 161 0 160 1
0 24 3 22 1 84 1
0 214 0 9 1 141 1
0 190 1 15 3 223 2
1 393 1 38 2 396 3
0 166 1 416 0 27 3
1 335 1 474 2 477 0
1 410 0 391 2 190 3
1 310 1 306 2 385 1
0 346 0 217 2 43 2
1 136 3 234 0 154 2
0 201 0 55 3 439 0
1 179 1 237 3 135 3
0 273 1 196 2 49 3
1 220 2 66 3 330 1
0 414 3 421 2 209 0
1 17 1 183 0 320 2
1 24 2 303 0 366 3
1 140 1 173 2 264 1
0 489 3 43 2 393 3
1 109 3 189 1 361 0
0 235 2 234 1 261 3
0 349 3 370 2 438 3
0 443 2 330 3 338 2
0 364 3 31 1 123 2
1 501 1 417 2 201 3
0 201 1 313 1 398 0
0 189 1 207 2 47 3
0 285 2 449 1 480 1
1 102 3 482 1 162 0
1 186 1 161 0 160 1
0 24 3 22 1 84 1
0 214 0 9 1 141 1
0 190 1 15 3 223 2
1 393 1 38 2 396 3
0 166 1 416 0 27 3
1 335 1 474 2 477 0
1 410 0 391 2 190 3
1 310 1 306 2 385 1
0 346 0 217 2 43 2
1 362 2 157 2 176 3
0 301 1 26 1 257 0
0 70 0 126 2 39 0
0 66 0 91 0 318 3
1 261 3 34 2 284 0
0 365 3 459 0 49 3
1 19 2 107 3 79 0
1 106 3 318 0 455 1
1 57 2 381 0 262 0
0 133 2 47 1 397 2
0 179 3 183 0 436 2
1 318 0 384 3 54 1
1 69 1 325 1 39 1
0 481 2 239 3 496 3
1 273 1 490 2 146 3
1 471 2 210 2 181 3
0 98 3 469 2 19 1
0 407 2 434 3 21 1
1 164 3 409 3 120 3
1 131 0 481 0 56 0
0 317 3 167 0 120 0
1 19 1 294 3 511 0
0 270 0 219 2 162 2
0 280 0 258 1 142 2
0 438 0 242 1 156 0
1 4 3 78 0 170 0
1 249 2 11 0 409 2
0 376 1 281 3 169 3
0 216 3 386 0 17 3
1 134 1 14 3 496 1
1 136 3 234 0 154 2
0 201 0 55 3 439 0
1 179 1 237 3 135 3
0 273 1 196 2 49 3
1 220 2 66 3 330 1
0 414 3 421 2 209 0
1 17 1 183 0 320 2
1 24 2 303 0 366 3
1 140 1 173 2 264 1
0 489 3 43 2 393 3
1 109 3 189 1 361 0
0 235 2 234 1 261 3
0 349 3 370 2 438 3
0 443 2 330 3 338 2
0 364 3 31 1 123 2
1 501 1 417 2 201 3
0 201 1 313 1 398 0
0 189 1 207 2 47 3
0 285 2 449 1 480 1
1 102 3 482 1 162 0
1 186 1 161 0 160 1
0 24 3 22 1 84 1
0 214 0 9 1 141 1
0 190 1 15 3 223 2
1 393 1 38 2 396 3
0 166 1 416 0 27 3
1 335 1 474 2 477 0
1 410 0 391 2 190 3
1 310 1 306 2 385 1
0 346 0 217 2 43 2
1 136 3 234 0 154 2
0 201 0 55 3 439 0
1 179 1 237 3 135 3
0 273 1 196 2 49 3
1 220 2 66 3 330 1
0 414 3 421 2 209 0
1 17 1 183 0 320 2
1 24 2 303 0 366 3
1 140 1 173 2 264 1
0 489 3 43 2 393 3
1 109 3 189 1 361 0
0 235 2 234 1 261 3
0 349 3 370 2 438 3
0 443 2 330 3 338 2
0 364 3 31 1 123 2
1 501 1 417 2 201 3
0 201 1 313 1 398 0
0 189 1 207 2 47 3
0 285 2 449 1 480 1
1 102 3 482 1 162 0
1 186 1 161 0 160 1
0 24 3 22 1 84 1
0 214 0 9 1 141 1
0 190 1 15 3 223 2
1 393 1 38 2 396 3
0 166 1 416 0 27 3
1 335 1 474 2 477 0
1 410 0 391 2 190 3
1 310 1 306 2 385 1
0 346 0 217 2 43 2
1 51 1 448 1 14 2
0 101 1 203 3 298 1
1 280 3 472 3 187 1
0 401 2 244 0 189 1
0 264 0 266 0 244 2
1 135 3 485 3 304 1
1 210 0 131 0 5 1
0 161 3 329 2 375 1
0 223 0 239 3 221 0
0 443 0 267 3 355 3
1 0 2 190 2 351 1
0 423 1 344 1 168 0
0 24 0 294 2 151 2
1 159 0 421 1 315 2
0 317 0 330 0 507 3
1 48 3 510 3 495 2
1 294 1 18 1 262 2
0 91 3 6 1 150 0
1 507 0 142 2 456 2
1 213 3 370 0 293 1
0 232 2 2 3 68 2
1 177 0 479 1 378 3
0 0 1 493 2 432 2
1 226 1 87 3 467 2
0 77 2 423 2 503 1
0 72 1 228 0 39 0
0 39 0 103 1 270 0
0 74 1 255 1 212 1
0 296 0 470 0 243 1
1 309 0 445 1 353 0
1 136 3 234 0 154 2
0 201 0 55 3 439 0
1 179 1 237 3 135 3
0 273 1 196 2 49 3
1 220 2 66 3 330 1
0 414 3 421 2 209 0
1 17 1 183 0 320 2
1 24 2 303 0 366 3
1 140 1 173 2 264 1
0 489 3 43 2 393 3
1 109 3 189 1 361 0
0 235 2 234 1 261 3
0 349 3 370 2 438 3
0 443 2 330 3 338 2
0 364 3 31 1 123 2
1 501 1 417 2 201 3
0 201 1 313 1 398 0
0 189 1 207 2 47 3
0 285 2 449 1 480 1
1 102 3 482 1 162 0
1 186 1 161 0 160 1
0 24 3 22 1 84 1
0 214 0 9 1 141 1
0 190 1 15 3 223 2
1 393 1 38 2 396 3
0 166 1 416 0 27 3
1 335 1 474 2 477 0
1 410 0 391 2 190 3
1 310 1 306 2 385 1
0 346 0 217 2 43 2
1 136 3 234 0 154 2
0 201 0 55 3 439 0
1 179 1 237 3 135 3
0 273 1 196 2 49 3
1 220 2 66 3 330 1
0 414 3 421 2 209 0
1 17 1 183 0 320 2
1 24 2 303 0 366 3
1 140 1 173 2 264 1
0 489 3 43 2 393 3
1 109 3 189 1 361 0
0 235 2 234 1 261 3
0 349 3 370 2 438 3
0 443 2 330 3 338 2
0 364 3 31 1 123 2
1 501 1 417 2 201 3
0 201 1 313 1 398 0
0 189 1 207 2 47 3
0 285 2 449 1 480 1
1 102 3 482 1 162 0
1 186 1 161 0 160 1
0 24 3 22 1 84 1
0 214 0 9 1 141 1
0 190 1 15 3 223 2
1 393 1 38 2 396 3
0 166 1 416 0 27 3
1 335 1 474 2 477 0
1 410 0 391 2 190 3
1 310 1 306 2 385 1
0 346 0 217 2 43 2
1 136 3 234 0 154 2
0 201 0 55 3 439 0
1 179 1 237 3 135 3
0 273 1 196 2 49 3
1 220 2 66 3 330 1
0 414 3 421 2 209 0
1 17 1 183 0 320 2
1 24 2 303 0 366 3
1 140 1 173 2 264 1
0 489 3 43 2 393 3
1 109 3 189 1 361 0
0 235 2 234 1 261 3
0 349 3 370 2 438 3
0 443 2 330 3 338 2
0 364 3 31 1 123 2
1 501 1 417 2 201 3
0 201 1 313 1 398 0
0 189 1 207 2 47 3
0 285 2 449 1 480 1
1 102 3 482 1 162 0
1 186 1 161 0 160 1
0 24 3 22 1 84 1
0 214 0 9 1 141 1
0 190 1 15 3 223 2
1 393 1 38 2 396 3
0 166 1 416 0 27 3
1 335 1 474 2 477 0
1 410 0 391 2 190 3
1 310 1 306 2 385 1
0 346 0 217 2 43 2
1 136 3 234 0 154 2
0 201 0 55 3 439 0
1 179 1 237 3 135 3
0 273 1 196 2 49 3
1 220 2 66 3 330 1
0 414 3 421 2 209 0
1 17 1 183 0 320 2
1 24 2 303 0 366 3
1 140 1 173 2 264 1
0 489 3 43 2 393 3
1 109 3 189 1 361 0
0 235 2 234 1 261 3
0 349 3 370 2 438 3
0 443 2 330 3 338 2
0 364 3 31 1 123 2
1 501 1 417 2 201 3
0 201 1 313 1 398 0
0 189 1 207 2 47 3
0 285 2 449 1 480 1
1 102 3 482 1 162 0
1 186 1 161 0 160 1
0 24 3 22 1 84 1
0 214 0 9 1 141 1
0 190 1 15 3 223 2
1 393 1 38 2 396 3
0 166 1 416 0 27 3
1 335 1 474 2 477 0
1 410 0 391 2 190 3
1 310 1 306 2 385 1
0 346 0 217 2 43 2
0 85 3 116 3 115 1
0 459 3 258 0 71 1
0 81 3 127 0 17 3
0 459 1 304 2 252 1
1 185 3 285 0 410 0
1 350 1 256 1 440 3
0 253 0 238 1 78 3
0 420 1 396 3 168 3
1 72 3 92 0 168 1
1 226 0 179 2 143 0
0 351 0 321 1 40 0
0 240 2 88 1 255 0
1 121 0 182 2 169 1
0 264 0 312 3 184 3
1 128 2 298 2 53 3
0 510 3 61 2 205 0
0 61 3 22 0 328 3
1 129 1 414 2 404 3
1 347 0 486 1 261 3
1 265 3 305 2 158 1
0 66 1 492 1 462 0
0 359 1 432 0 288 3
1 317 0 382 3 58 0
1 68 1 230 2 142 1
0 105 2 135 3 350 2
1 234 0 256 1 356 0
0 348 2 317 0 229 0
0 40 2 370 0 77 1
1 133 2 432 3 111 2
1 316 1 52 0 31 3
0 437 3 369 2 291 3
1 509 2 64 3 369 2
1 86 3 136 2 394 0
1 446 3 149 0 177 1
1 300 1 102 3 249 1
0 167 0 310 3 0 1
0 197 3 163 1 325 3
0 364 0 469 2 73 2
0 223 2 160 2 109 1
0 434 0 40 0 318 0
1 97 0 101 0 383 1
1 390 0 33 0 79 0
1 202 2 89 2 230 3
1 161 1 125 3 180 3
0 282 0 157 3 478 3
1 128 1 104 1 276 1
0 417 1 58 3 454 3
1 116 3 288 2 385 0
1 317 3 352 1 390 0
0 300 1 234 2 184 3
1 490 3 350 1 69 0
0 376 2 170 1 485 2
0 432 2 40 1 28 3
1 39 0 3 0 93 3
0 90 1 132 3 144 3
0 339 1 462 0 267 3
1 368 2 302 3 507 3
1 385 3 313 2 394 0
1 369 0 148 1 35 1
0 335 2 4 3 279 0
1 72 1 4 3 437 3
1 176 1 133 1 482 0
1 89 0 85 1 355 2
0 231 2 122 3 368 1
1 211 0 374 3 205 1
1 183 1 479 1 262 3
1 252 0 365 2 128 0
0 144 2 311 2 335 2
0 436 2 163 2 435 3
0 147 0 268 3 199 0
0 357 3 153 2 394 3
1 201 2 145 1 137 1
0 20 0 343 3 256 0
1 486 0 428 1 401 1
0 89 2 302 1 466 1
1 357 2 210 1 153 0
1 348 1 428 3 500 0
0 487 1 383 1 276 3
0 309 1 464 2 131 0
1 280 0 39 0 497 1
1 53 3 225 3 45 3
1 138 3 247 2 308 1
0 266 2 113 2 128 3
1 321 1 201 2 386 3
0 190 2 377 1 169 3
1 491 0 4 3 307 1
0 247 1 398 2 385 2
1 503 3 367 3 138 0
1 12 0 152 2 511 3
1 1 2 284 0 285 0
1 136 3 234 0 154 2
0 201 0 55 3 439 0
1 179 1 237 3 135 3
0 273 1 196 2 49 3
1 220 2 66 3 330 1
0 414 3 421 2 209 0
1 17 1 183 0 320 2
1 24 2 303 0 366 3
1 140 1 173 2 264 1
0 489 3 43 2 393 3
1 109 3 189 1 361 0
0 235 2 234 1 261 3
0 349 3 370 2 438 3
0 443 2 330 3 338 2
0 364 3 31 1 123 2
1 501 1 417 2 201 3
0 201 1 313 1 398 0
0 189 1 207 2 47 3
0 285 2 449 1 480 1
1 102 3 482 1 162 0
1 186 1 161 0 160 1
0 24 3 22 1 84 1
0 214 0 9 1 141 1
0 190 1 15 3 223 2
1 393 1 38 2 396 3
0 166 1 416 0 27 3
1 335 1 474 2 477 0
1 410 0 391 2 190 3
1 310 1 306 2 385 1
0 346 0 217 2 43 2
1 136 3 234 0 154 2
0 201 0 55 3 439 0
1 179 1 237 3 135 3
0 273 1 196 2 49 3
1 220 2 66 3 330 1
0 414 3 421 2 209 0
1 17 1 183 0 320 2
1 24 2 303 0 366 3
1 140 1 173 2 264 1
0 489 3 43 2 393 3
1 109 3 189 1 361 0
0 235 2 234 1 261 3
0 349 3 370 2 438 3
0 443 2 330 3 338 2
0 364 3 31 1 123 2
1 501 1 417 2 201 3
0 201 1 313 1 398 0
0 189 1 207 2 47 3
0 285 2 449 1 480 1
1 102 3 482 1 162 0
1 186 1 161 0 160 1
0 24 3 22 1 84 1
0 214 0 9 1 141 1
0 190 1 15 3 223 2
1 393 1 38 2 396 3
0 166 1 416 0 27 3
1 335 1 474 2 477 0
1 410 0 391 2 190 3
1 310 1 306 2 385 1
0 346 0 217 2 43 2
1 136 3 234 0 154 2
0 201 0 55 3 439 0
1 179 1 237 3 135 3
0 273 1 196 2 49 3
1 220 2 66 3 330 1
0 414 3 421 2 209 0
1 17 1 183 0 320 2
1 24 2 303 0 366 3
1 140 1 173 2 264 1
0 489 3 43 2 393 3
1 109 3 189 1 361 0
0 235 2 234 1 261 3
0 349 3 370 2 438 3
0 443 2 330 3 338 2
0 364 3 31 1 123 2
1 501 1 417 2 201 3
0 201 1 313 1 398 0
0 189 1 207 2 47 3
0 285 2 449 1 480 1
1 102 3 482 1 162 0
1 186 1 161 0 160 1
0 24 3 22 1 84 1
0 214 0 9 1 141 1
0 190 1 15 3 223 2
1 393 1 38 2 396 3
0 166 1 416 0 27 3
1 335 1 474 2 477 0
1 410 0 391 2 190 3
1 310 1 306 2 385 1
0 346 0 217 2 43 2
1 136 3 234 0 154 2
0 201 0 55 3 439 0
1 179 1 237 3 135 3
0 273 1 196 2 49 3
1 220 2 66 3 330 1
0 414 3 421 2 209 0
1 17 1 183 0 320 2
1 24 2 303 0 366 3
1 140 1 173 2 264 1
0 489 3 43 2 393 3
1 109 3 189 1 361 0
0 235 2 234 1 261 3
0 349 3 370 2 438 3
0 443 2 330 3 338 2
0 364 3 31 1 123 2
1 501 1 417 2 201 3
0 201 1 313 1 398 0
0 189 1 207 2 47 3
0 285 2 449 1 480 1
1 102 3 482 1 162 0
1 186 1 161 0 160 1
0 24 3 22 1 84 1
0 214 0 9 1 141 1
0 190 1 15 3 223 2
1 393 1 38 2 396 3
0 166 1 416 0 27 3
1 335 1 474 2 477 0
1 410 0 391 2 190 3
1 310 1 306 2 385 1
0 346 0 217 2 43 2
1 136 3 234 0 154 2
0 201 0 55 3 439 0
1 179 1 237 3 135 3
0 273 1 196 2 49 3
1 220 2 66 3 330 1
0 414 3 421 2 209 0
1 17 1 183 0 320 2
1 24 2 303 0 366 3
1 140 1 173 2 264 1
0 489 3 43 2 393 3
1 109 3 189 1 361 0
0 235 2 234 1 261 3
0 349 3 370 2 438 3
0 443 2 330 3 338 2
0 364 3 31 1 123 2
1 501 1 417 2 201 3
0 201 1 313 1 398 0
0 189 1 207 2 47 3
0 285 2 449 1 480 1
1 102 3 482 1 162 0
1 186 1 161 0 160 1
0 24 3 22 1 84 1
0 214 0 9 1 141 1
0 190 1 15 3 223 2
1 393 1 38 2 396 3
0 166 1 416 0 27 3
1 335 1 474 2 477 0
1 410 0 391 2 190 3
1 310 1 306 2 385 1
0 346 0 217 2 43 2
1 136 3 234 0 154 2
0 201 0 55 3 439 0
1 179 1 237 3 135 3
0 273 1 196 2 49 3
1 220 2 66 3 330 1
0 414 3 421 2 209 0
1 17 1 183 0 320 2
1 24 2 303 0 366 3
1 140 1 173 2 264 1
0 489 3 43 2 393 3
1 109 3 189 1 361 0
0 235 2 234 1 261 3
0 349 3 370 2 438 3
0 443 2 330 3 338 2
0 364 3 31 1 123 2
1 501 1 417 2 201 3
0 201 1 313 1 398 0
0 189 1 207 2 47 3
0 285 2 449 1 480 1
1 102 3 482 1 162 0
1 186 1 161 0 160 1
0 24 3 22 1 84 1
0 214 0 9 1 141 1
0 190 1 15 3 223 2
1 393 1 38 2 396 3
0 166 1 416 0 27 3
1 335 1 474 2 477 0
1 410 0 391 2 190 3
1 310 1 306 2 385 1
0 346 0 217 2 43 2
1 136 3 234 0 154 2
0 201 0 55 3 439 0
1 179 1 237 3 135 3
0 273 1 196 2 49 3
1 220 2 66 3 330 1
0 414 3 421 2 209 0
1 17 1 183 0 320 2
1 24 2 303 0 366 3
1 140 1 173 2 264 1
0 489 3 43 2 393 3
1 109 3 189 1 361 0
0 235 2 234 1 261 3
0 349 3 370 2 438 3
0 443 2 330 3 338 2
0 364 3 31 1 123 2
1 501 1 417 2 201 3
0 201 1 313 1 398 0
0 189 1 207 2 47 3
0 285 2 449 1 480 1
1 102 3 482 1 162 0
1 186 1 161 0 160 1
0 24 3 22 1 84 1
0 214 0 9 1 141 1
0 190 1 15 3 223 2
1 393 1 38 2 396 3
0 166 1 416 0 27 3
1 335 1 474 2 477 0
1 410 0 391 2 190 3
1 310 1 306 2 385 1
0 346 0 217 2 43 2
1 136 3 234 0 154 2
0 201 0 55 3 439 0
1 179 1 237 3 135 3
0 273 1 196 2 49 3
1 220 2 66 3 330 1
0 414 3 421 2 209 0
1 17 1 183 0 320 2
1 24 2 303 0 366 3
1 140 1 173 2 264 1
0 489 3 43 2 393 3
1 109 3 189 1 361 0
0 235 2 234 1 261 3
0 349 3 370 2 438 3
0 443 2 330 3 338 2
0 364 3 31 1 123 2
1 501 1 417 2 201 3
0 201 1 313 1 398 0
0 189 1 207 2 47 3
0 285 2 449 1 480 1
1 102 3 482 1 162 0
1 186 1 161 0 160 1
0 24 3 22 1 84 1
0 214 0 9 1 141 1
0 190 1 15 3 223 2
1 393 1 38 2 396 3
0 166 1 416 0 27 3
1 335 1 474 2 477 0
1 410 0 391 2 190 3
1 310 1 306 2 385 1
0 346 0 217 2 43 2
0 455 0 165 1 105 2
0 86 2 499 2 158 1
1 231 2 155 0 473 2
1 128 0 137 2 373 0
0 203 1 506 2 235 0
1 267 1 67 2 503 2
0 451 2 247 1 437 0
1 271 1 503 2 286 0
1 506 2 395 2 93 0
0 286 3 394 3 1 2
1 509 1 340 3 221 0
0 427 1 61 2 396 0
1 327 0 337 2 476 0
1 256 3 416 0 33 0
0 88 2 489 0 421 3
0 347 0 363 0 299 3
1 322 0 185 3 417 2
1 469 0 176 3 199 3
0 183 3 282 1 484 3
1 278 0 278 2 16 0
0 243 2 354 3 419 0
1 259 1 296 2 181 3
0 284 0 79 3 181 0
1 241 3 224 2 223 3
1 243 2 281 3 366 2
0 507 3 486 0 142 1
0 482 2 24 2 366 2
1 397 0 330 1 508 0
0 460 0 274 1 322 1
0 71 0 160 3 162 0
0 310 1 383 0 481 3
1 448 1 190 1 246 1
0 403 2 104 3 112 1
1 469 0 149 1 249 1
1 476 0 174 0 467 3
1 131 1 216 1 48 1
0 195 0 472 0 241 3
1 387 1 370 3 414 0
0 288 0 194 0 442 0
1 284 3 501 0 209 0
0 93 0 185 3 73 1
0 491 0 135 1 301 3
0 26 3 238 0 188 1
0 396 3 255 1 239 1
1 318 0 320 1 411 2
1 112 1 43 3 416 3
1 38 3 211 1 484 1
0 315 0 375 1 503 1
1 191 0 498 0 269 2
1 136 0 365 1 342 1
0 163 3 31 1 166 1
0 483 2 452 1 352 2
1 147 0 105 1 94 1
0 333 2 509 2 100 3
1 492 1 357 3 149 2
0 186 0 443 2 400 3
1 478 1 332 1 197 3
1 319 1 89 1 33 0
1 404 1 60 2 99 3
1 484 1 366 2 271 1
1 136 3 234 0 154 2
0 201 0 55 3 439 0
1 179 1 237 3 135 3
0 273 1 196 2 49 3
1 220 2 66 3 330 1
0 414 3 421 2 209 0
1 17 1 183 0 320 2
1 24 2 303 0 366 3
1 140 1 173 2 264 1
0 489 3 43 2 393 3
1 109 3 189 1 361 0
0 235 2 234 1 261 3
0 349 3 370 2 438 3
0 443 2 330 3 338 2
0 364 3 31 1 123 2
1 501 1 417 2 201 3
0 201 1 313 1 398 0
0 189 1 207 2 47 3
0 285 2 449 1 480 1
1 102 3 482 1 162 0
1 186 1 161 0 160 1
0 24 3 22 1 84 1
0 214 0 9 1 141 1
0 190 1 15 3 223 2
1 393 1 38 2 396 3
0 166 1 416 0 27 3
1 335 1 474 2 477 0
1 410 0 391 2 190 3
1 310 1 306 2 385 1
0 346 0 217 2 43 2
0 402 2 393 3 13 0
1 92 3 59 3 236 0
0 486 1 155 2 27 2
1 24 0 58 1 491 3
0 15 2 213 0 239 0
0 99 3 323 3 65 3
0 157 0 372 2 155 0
1 145 1 11 1 363 1
0 506 0 358 0 175 1
0 356 1 481 0 252 3
0 224 3 143 3 84 2
1 311 2 243 1 503 3
1 93 3 240 0 507 3
0 140 0 134 2 492 1
1 129 1 425 1 325 3
0 271 2 235 3 327 0
1 1 2 221 0 256 0
1 304 2 268 3 155 2
1 118 3 206 1 54 3
0 224 0 488 0 204 1
0 8 3 465 3 205 1
1 23 0 98 2 93 1
1 152 1 499 3 305 2
0 39 2 34 1 92 3
1 462 3 93 0 493 1
1 269 3 124 0 407 3
0 155 0 472 0 327 1
1 62 3 160 3 289 3
1 2 1 259 3 63 0
0 165 2 122 3 338 2
1 136 3 234 0 154 2
0 201 0 55 3 439 0
1 179 1 237 3 135 3
0 273 1 196 2 49 3
1 220 2 66 3 330 1
0 414 3 421 2 209 0
1 17 1 183 0 320 2
1 24 2 303 0 366 3
1 140 1 173 2 264 1
0 489 3 43 2 393 3
1 109 3 189 1 361 0
0 235 2 234 1 261 3
0 349 3 370 2 438 3
0 443 2 330 3 338 2
0 364 3 31 1 123 2
1 501 1 417 2 201 3
0 201 1 313 1 398 0
0 189 1 207 2 47 3
0 285 2 449 1 480 1
1 102 3 482 1 162 0
1 186 1 161 0 160 1
0 24 3 22 1 84 1
0 214 0 9 1 141 1
0 190 1 15 3 223 2
1 393 1 38 2 396 3
0 166 1 416 0 27 3
1 335 1 474 2 477 0
1 410 0 391 2 190 3
1 310 1 306 2 385 1
0 346 0 217 2 43 2
1 136 3 234 0 154 2
0 201 0 55 3 439 0
1 179 1 237 3 135 3
0 273 1 196 2 49 3
1 220 2 66 3 330 1
0 414 3 421 2 209 0
1 17 1 183 0 320 2
1 24 2 303 0 366 3
1 140 1 173 2 264 1
0 489 3 43 2 393 3
1 109 3 189 1 361 0
0 235 2 234 1 261 3
0 349 3 370 2 438 3
0 443 2 330 3 338 2
0 364 3 31 1 123 2
1 501 1 417 2 201 3
0 201 1 313 1 398 0
0 189 1 207 2 47 3
0 285 2 449 1 480 1
1 102 3 482 1 162 0
1 186 1 161 0 160 1
0 24 3 22 1 84 1
0 214 0 9 1 141 1
0 190 1 15 3 223 2
1 393 1 38 2 396 3
0 166 1 416 0 27 3
1 335 1 474 2 477 0
1 410 0 391 2 190 3
1 310 1 306 2 385 1
0 346 0 217 2 43 2
1 136 3 234 0 154 2
0 201 0 55 3 439 0
1 179 1 237 3 135 3
0 273 1 196 2 49 3
1 220 2 66 3 330 1
0 414 3 421 2 209 0
1 17 1 183 0 320 2
1 24 2 303 0 366 3
1 140 1 173 2 264 1
0 489 3 43 2 393 3
1 109 3 189 1 361 0
0 235 2 234 1 261 3
0 349 3 370 2 438 3
0 443 2 330 3 338 2
0 364 3 31 1 123 2
1 501 1 417 2 201 3
0 201 1 313 1 398 0
0 189 1 207 2 47 3
0 285 2 449 1 480 1
1 102 3 482 1 162 0
1 186 1 161 0 160 1
0 24 3 22 1 84 1
0 214 0 9 1 141 1
0 190 1 15 3 223 2
1 393 1 38 2 396 3
0 166 1 416 0 27 3
1 335 1 474 2 477 0
1 410 0 391 2 190 3
1 310 1 306 2 385 1
0 346 0 217 2 43 2
1 78 0 29 2 384 0
0 456 3 8 3 196 0
0 256 3 363 1 25 3
0 77 0 280 1 256 3
1 276 2 163 2 291 1
1 95 3 422 3 213 2
1 114 0 228 0 158 1
1 153 3 341 1 141 3
1 163 1 37 2 296 3
0 129 0 186 3 126 2
1 39 0 30 1 349 0
0 457 2 360 3 170 3
1 252 2 22 0 251 2
1 441 3 6 3 105 1
0 51 1 37 2 299 2
0 156 0 480 0 341 2
0 427 3 446 3 115 1
1 266 1 408 1 238 1
0 72 0 161 3 65 2
0 344 2 281 0 173 3
0 64 1 144 0 274 1
1 417 3 213 2 130 1
0 84 3 333 1 410 3
0 282 2 232 0 501 0
1 13 0 463 3 127 1
0 443 2 199 2 92 0
1 91 3 182 1 391 3
1 347 1 127 2 230 2
0 290 2 354 3 65 2
1 467 1 168 1 361 1
1 136 3 234 0 154 2
0 201 0 55 3 439 0
1 179 1 237 3 135 3
0 273 1 196 2 49 3
1 220 2 66 3 330 1
0 414 3 421 2 209 0
1 17 1 183 0 320 2
1 24 2 303 0 366 3
1 140 1 173 2 264 1
0 489 3 43 2 393 3
1 109 3 189 1 361 0
0 235 2 234 1 261 3
0 349 3 370 2 438 3
0 443 2 330 3 338 2
0 364 3 31 1 123 2
1 501 1 417 2 201 3
0 201 1 313 1 398 0
0 189 1 207 2 47 3
0 285 2 449 1 480 1
1 102 3 482 1 162 0
1 186 1 161 0 160 1
0 24 3 22 1 84 1
0 214 0 9 1 141 1
0 190 1 15 3 223 2
1 393 1 38 2 396 3
0 166 1 416 0 27 3
1 335 1 474 2 477 0
1 410 0 391 2 190 3
1 310 1 306 2 385 1
-1 346 0 217 2 43 2
