1 260 2 457 0 181 3
1 83 2 507 2 415 1
0 507 0 354 0 192 3
1 161 0 103 1 10 0
0 222 3 172 2 419 0
0 433 1 2 0 50 2
0 337 0 505 2 34 3
1 17 1 189 0 127 3
1 130 1 271 1 194 2
1 116 0 510 2 361 0
1 361 0 122 0 165 3
1 363 2 300 3 450 2
0 398 2 361 3 304 3
0 285 0 492 3 386 0
0 451 0 323 2 379 3
1 187 3 130 2 116 1
1 143 0 129 2 200 3
1 234 2 75 3 341 3
1 72 3 111 3 367 2
0 349 0 341 1 325 1
0 263 0 473 3 502 2
0 332 2 377 2 149 1
1 249 3 223 2 91 1
0 406 2 131 0 344 1
1 447 2 88 2 441 3
0 166 3 80 2 329 3
0 472 0 396 1 204 1
0 374 3 234 0 473 1
1 334 1 311 1 505 1
0 72 1 2 1 138 3
1 279 1 267 1 499 3
0 236 3 100 1 221 2
0 234 1 302 1 12 0
1 427 0 306 2 126 3
0 384 0 354 2 463 0
0 299 1 6 0 377 0
0 367 3 479 0 387 1
0 238 1 83 2 405 0
1 292 1 10 1 409 0
1 317 2 409 3 294 0
0 173 1 386 0 314 1
0 145 2 326 2 258 1
0 72 2 68 3 112 1
1 485 0 89 2 84 0
0 247 3 211 3 159 3
1 113 2 46 3 125 0
0 140 1 417 2 70 3
1 187 0 238 1 77 1
1 233 0 313 1 322 1
0 5 1 407 2 312 0
1 94 2 205 3 266 3
1 130 3 168 3 77 2
1 377 0 312 2 157 0
1 471 0 456 0 31 0
1 159 3 156 3 23 1
0 204 3 511 0 479 1
1 65 1 281 2 38 3
1 69 1 357 0 340 2
0 147 0 343 2 477 2
1 210 2 74 1 122 2
0 11 1 471 2 403 0
0 377 1 329 0 234 3
1 15 0 72 2 462 2
1 397 0 191 3 92 3
1 414 0 77 0 365 1
1 166 2 418 1 225 1
0 477 1 387 2 140 2
1 281 1 171 3 167 1
0 200 2 159 2 472 2
1 133 3 77 3 99 2
1 115 2 503 2 81 1
0 332 0 243 1 186 0
1 428 2 486 3 418 3
0 272 2 117 0 61 1
0 213 3 438 3 414 0
1 402 2 203 0 210 0
1 78 0 32 2 393 0
1 126 1 359 0 160 2
1 456 3 130 3 40 3
1 11 2 438 0 481 2
0 92 3 86 2 465 3
1 382 0 185 0 25 2
1 313 2 152 3 511 1
0 488 2 190 0 174 3
1 319 3 271 1 7 2
0 184 1 411 2 463 2
1 493 2 448 2 257 2
1 258 1 245 2 46 0
0 98 2 245 1 271 1
1 385 0 380 1 252 0
1 361 3 149 0 126 0
0 188 2 300 1 290 2
0 450 1 455 1 373 2
1 478 1 482 0 431 0
1 36 0 18 0 301 0
1 27 1 242 2 242 2
1 183 2 383 2 497 2
1 444 0 387 1 192 0
0 492 2 350 3 335 2
0 292 0 208 1 457 1
1 257 3 452 0 59 2
0 366 0 168 0 275 3
1 150 2 473 1 290 3
1 374 1 451 2 498 0
0 22 1 402 1 18 3
1 360 3 195 0 17 2
1 234 2 359 1 393 2
0 40 2 506 3 114 2
1 171 1 296 3 136 3
0 314 0 335 1 356 1
0 462 0 252 0 249 1
0 229 0 210 0 231 0
1 129 2 50 1 400 1
1 463 2 488 3 499 0
1 433 3 361 1 166 1
0 70 0 15 1 160 1
1 114 0 56 2 458 3
1 231 0 427 3 30 0
0 59 2 102 0 495 0
0 367 2 92 3 253 2
1 187 1 326 1 141 1
0 466 1 463 3 315 0
0 51 1 479 0 8 1
1 237 3 262 1 265 1
1 396 1 221 3 54 0
1 367 2 389 2 80 3
1 432 2 387 2 487 0
1 207 2 245 1 86 1
0 462 3 282 0 176 3
0 357 1 270 0 18 0
0 132 0 139 2 112 0
0 3 2 235 3 281 1
1 51 2 38 0 68 2
1 161 0 27 3 31 0
1 229 3 456 3 228 2
0 244 0 256 1 390 2
0 132 1 478 3 163 1
0 272 1 361 3 376 3
1 94 0 496 0 391 0
1 353 2 350 3 110 2
0 295 2 450 0 49 3
1 157 0 412 0 65 1
0 246 2 42 1 145 2
1 384 2 58 1 279 3
1 239 0 291 2 405 0
1 366 3 348 1 189 3
0 159 1 215 3 344 2
0 84 0 275 2 91 2
0 297 3 393 3 382 3
0 347 2 175 3 388 2
1 225 1 163 3 443 2
0 331 1 302 2 260 3
0 484 0 355 0 183 3
1 176 3 406 3 263 3
1 199 2 461 0 465 2
1 284 1 337 0 359 1
0 128 2 243 0 110 0
1 36 3 491 0 71 3
1 266 2 435 0 467 0
1 480 3 191 1 64 2
0 122 0 376 1 193 1
0 25 1 121 0 209 0
1 125 3 161 1 72 3
1 111 0 373 1 206 2
0 118 3 157 0 394 1
0 277 2 350 1 509 1
0 184 3 475 3 111 2
0 253 0 420 3 47 0
0 398 2 33 1 365 2
1 385 2 414 3 360 2
1 265 1 489 0 242 1
0 245 0 110 2 509 0
1 218 0 457 3 287 1
0 161 1 8 0 175 3
1 408 1 290 2 200 1
1 21 0 485 2 41 3
1 320 1 387 1 248 3
1 212 1 333 0 110 3
1 217 3 123 1 107 2
1 203 0 65 2 24 3
1 381 1 476 1 188 2
1 270 2 351 2 121 3
1 311 0 146 2 316 1
0 463 1 97 0 252 3
1 116 1 164 2 422 0
0 402 3 7 2 345 0
0 254 1 246 2 307 2
1 258 1 389 0 373 3
1 439 3 479 0 182 1
1 500 1 203 3 266 1
1 138 0 441 3 203 2
0 390 0 74 1 105 0
0 84 0 239 0 317 3
1 79 1 511 0 243 1
1 174 3 313 3 301 1
0 286 0 230 2 288 2
0 481 3 1 2 422 3
1 451 3 297 3 294 1
1 360 3 43 2 156 3
0 201 3 165 3 164 1
0 459 1 437 3 135 1
0 51 3 154 2 218 0
0 195 1 489 2 288 3
0 154 3 164 1 87 0
0 219 2 274 1 488 3
0 317 2 74 1 38 3
0 12 3 253 0 375 0
1 219 2 460 3 470 0
0 265 2 425 1 210 2
1 121 2 500 3 255 3
1 312 3 493 2 56 3
1 97 3 18 2 14 1
0 390 1 7 3 284 1
0 246 1 115 0 372 0
0 149 3 73 2 330 1
0 50 0 238 1 412 3
1 260 3 97 1 370 3
1 498 1 92 2 297 0
0 177 0 499 1 389 3
1 85 1 282 1 106 3
0 72 0 379 3 422 3
0 217 3 477 0 18 0
0 136 3 174 1 166 3
0 505 1 396 2 136 2
0 243 3 473 0 315 2
1 129 1 469 0 113 2
0 497 0 490 0 376 0
0 203 3 437 2 72 3
0 141 1 298 0 48 0
0 420 2 53 3 18 0
0 75 2 207 2 65 0
1 400 0 252 1 413 0
0 467 0 497 0 10 2
1 158 3 406 2 198 0
1 356 0 136 1 363 1
1 10 3 374 2 181 3
0 66 1 374 2 292 3
1 104 0 27 3 29 0
1 170 3 210 2 116 1
1 10 0 487 1 469 2
1 484 2 492 0 59 2
1 213 2 393 2 104 3
0 149 3 196 2 280 2
1 465 0 254 2 117 2
1 347 3 228 3 53 3
1 12 3 164 1 239 0
0 83 1 480 1 189 2
1 428 1 461 0 413 1
1 43 3 498 0 50 1
0 326 0 461 1 367 3
0 438 1 347 2 30 3
1 207 2 391 0 383 2
0 332 2 414 0 469 3
0 201 2 218 1 215 1
1 348 0 426 1 316 2
1 370 2 126 0 85 2
0 496 2 141 2 468 1
0 293 0 53 0 323 0
0 285 2 77 1 386 1
0 43 1 92 3 125 3
1 145 2 240 3 190 1
1 429 0 313 3 313 3
0 186 2 480 1 55 2
0 139 3 416 3 467 3
1 63 2 45 2 13 2
0 57 3 457 1 35 3
0 196 1 95 1 298 2
1 252 3 93 1 78 3
1 41 3 205 2 364 1
0 27 2 305 2 13 3
1 458 0 441 0 408 1
0 474 2 46 0 478 1
1 361 1 166 0 74 2
1 95 2 66 1 161 0
0 454 0 153 1 353 3
0 464 1 381 1 390 0
0 276 0 330 3 415 1
0 328 3 169 1 352 0
0 458 0 369 2 108 0
0 373 0 502 1 437 2
1 130 0 175 2 510 1
0 263 0 400 2 290 0
0 487 1 455 0 88 3
0 40 1 69 1 490 2
1 475 0 31 0 476 0
1 445 2 377 0 208 0
0 350 0 452 0 101 1
0 40 3 280 1 392 3
1 227 0 355 2 32 0
0 180 3 342 0 353 3
0 266 0 506 1 417 0
1 504 3 337 2 503 0
1 6 1 43 2 235 1
1 217 0 237 1 275 2
1 14 1 373 3 343 1
1 241 0 395 3 508 1
1 423 0 449 3 169 0
0 126 2 107 2 491 0
1 187 2 6 2 437 3
1 297 1 208 2 90 1
1 421 2 239 1 344 3
0 78 1 327 2 367 3
1 452 3 204 3 188 0
0 132 1 153 3 426 2
1 303 0 46 2 24 2
0 401 2 89 0 418 2
1 421 1 259 0 365 2
1 280 1 7 3 376 2
0 202 3 16 0 244 1
0 417 2 315 0 320 0
1 80 2 273 2 305 2
0 198 1 96 2 158 3
1 161 2 496 0 239 3
1 173 3 223 0 315 3
1 282 3 462 3 394 3
0 22 0 204 3 229 0
1 268 2 216 3 83 2
1 429 2 370 0 375 0
0 230 1 20 0 505 2
0 84 1 337 0 474 1
1 355 1 179 0 310 3
0 421 1 369 0 194 2
1 145 3 136 0 47 1
1 233 3 269 2 239 1
0 260 2 436 3 77 0
0 31 3 9 3 23 0
0 413 1 423 2 119 1
1 507 3 435 1 211 2
0 162 0 6 0 501 0
1 227 2 180 0 276 0
1 289 1 20 1 99 0
0 72 0 73 0 18 2
1 465 2 437 2 383 3
0 249 0 18 0 440 1
1 240 0 289 2 439 2
0 63 3 288 3 240 3
0 207 2 220 1 188 2
1 225 1 5 3 354 0
1 265 0 411 1 403 3
1 96 0 275 1 131 3
0 149 0 16 2 458 1
1 17 3 272 2 263 3
1 319 0 218 0 484 1
0 214 0 4 0 272 2
0 287 1 269 2 285 3
1 431 2 242 1 179 1
0 297 1 9 0 268 3
0 83 1 148 3 424 1
1 503 1 416 1 465 2
0 144 2 126 1 66 2
0 76 3 435 0 464 2
1 44 2 291 3 259 0
1 264 1 213 0 46 3
0 114 3 189 0 352 1
1 136 3 400 3 387 3
1 438 3 8 1 411 1
1 418 1 97 0 125 3
1 118 1 326 0 190 2
0 192 0 142 0 113 2
0 224 0 274 2 269 2
1 457 1 82 1 10 3
0 225 3 477 1 151 2
1 462 3 290 1 142 0
0 17 0 62 3 173 0
1 451 2 245 3 122 1
1 19 0 332 2 99 1
0 422 2 464 1 96 3
0 323 1 442 3 360 2
0 481 3 264 3 335 3
0 200 3 383 2 474 3
0 201 3 505 3 42 1
1 97 2 283 3 223 1
0 141 3 33 1 441 1
0 398 3 226 3 300 1
1 493 2 228 0 347 1
1 222 1 474 2 449 1
0 148 2 350 0 159 2
1 390 0 255 0 127 2
1 491 1 272 2 54 3
1 151 2 277 0 361 3
0 438 0 79 2 238 3
1 96 0 83 2 170 1
0 489 0 441 1 450 1
1 490 0 132 3 185 0
1 364 1 33 1 33 3
1 401 1 370 0 305 1
0 456 0 169 1 500 3
0 280 2 186 3 54 2
0 504 3 268 2 274 1
1 215 1 348 0 384 0
1 260 2 457 0 181 3
1 83 2 507 2 415 1
0 507 0 354 0 192 3
1 161 0 103 1 10 0
0 222 3 172 2 419 0
0 433 1 2 0 50 2
0 337 0 505 2 34 3
1 17 1 189 0 127 3
1 130 1 271 1 194 2
1 116 0 510 2 361 0
1 361 0 122 0 165 3
1 363 2 300 3 450 2
0 398 2 361 3 304 3
0 285 0 492 3 386 0
0 451 0 323 2 379 3
1 187 3 130 2 116 1
1 143 0 129 2 200 3
1 234 2 75 3 341 3
1 72 3 111 3 367 2
0 349 0 341 1 325 1
0 263 0 473 3 502 2
0 332 2 377 2 149 1
1 249 3 223 2 91 1
0 406 2 131 0 344 1
1 447 2 88 2 441 3
0 166 3 80 2 329 3
0 472 0 396 1 204 1
0 374 3 234 0 473 1
1 334 1 311 1 505 1
0 72 1 2 1 138 3
1 208 2 65 1 28 3
1 216 3 158 2 356 1
0 435 3 510 2 256 0
1 495 2 286 0 364 3
0 154 3 455 3 397 1
0 60 1 40 0 355 1
0 147 2 137 2 224 3
1 405 0 172 1 231 2
0 63 3 498 1 145 2
1 457 0 96 0 203 1
1 508 3 266 2 232 1
0 445 2 253 1 258 3
1 447 3 435 3 396 1
0 466 3 149 0 197 3
0 200 1 283 0 90 3
0 273 1 361 0 41 0
0 436 0 327 2 111 2
0 21 1 218 1 363 2
1 409 0 60 1 398 3
1 427 3 64 1 410 1
0 312 0 378 1 96 2
0 152 1 455 3 354 0
0 350 3 189 1 67 1
1 275 1 172 1 39 2
1 19 2 317 1 423 3
1 454 1 365 3 182 1
1 36 0 239 1 39 3
0 379 2 456 0 46 2
0 297 1 364 2 476 1
1 454 3 410 1 245 3
1 32 3 139 1 420 3
0 58 3 257 3 213 1
0 292 1 216 3 79 1
0 283 0 335 0 143 3
1 249 3 98 2 238 3
1 391 3 429 1 138 3
0 350 3 156 2 184 1
0 130 0 383 3 365 0
0 346 2 71 0 330 3
1 376 1 490 2 187 0
0 273 1 158 1 33 0
0 8 2 266 2 208 2
1 184 3 314 3 160 2
1 58 3 185 0 210 3
1 194 0 100 3 16 3
1 363 0 506 1 108 1
0 353 1 470 0 324 1
1 402 2 348 3 116 1
0 490 1 26 3 504 0
0 435 2 508 0 198 3
1 198 3 253 3 2 2
1 404 3 492 0 251 3
0 231 2 480 1 226 1
0 16 1 33 3 203 3
1 10 2 194 0 104 1
0 162 0 318 1 49 0
1 291 3 344 2 344 0
1 502 3 470 0 177 3
0 203 3 407 2 343 0
1 168 2 504 0 78 3
0 388 0 368 2 402 1
1 120 0 290 3 18 0
0 47 1 440 1 461 3
0 407 1 239 1 309 1
0 275 3 109 0 484 0
0 226 0 31 0 327 0
1 51 0 215 2 492 0
0 288 1 196 0 235 1
1 496 1 57 2 360 1
0 154 3 443 3 2 0
1 304 3 9 0 79 0
1 434 3 191 3 344 0
1 117 1 238 1 231 1
1 56 1 432 0 303 0
1 430 2 496 2 399 0
1 181 1 235 3 322 3
1 170 2 418 2 14 3
1 484 3 449 1 13 3
0 110 0 298 2 16 3
1 8 2 371 2 134 3
0 489 3 373 2 207 2
0 240 1 55 1 136 3
1 178 0 251 0 17 0
1 186 1 316 1 409 0
0 210 3 217 3 276 0
0 183 1 412 1 218 0
1 208 2 54 1 500 1
1 261 3 451 2 63 0
1 370 1 290 0 171 3
0 180 0 439 1 98 2
0 247 0 113 1 202 1
0 400 2 57 0 395 1
0 431 3 78 2 366 3
1 486 0 456 0 452 1
0 64 2 361 1 291 3
0 485 0 477 2 279 1
1 503 2 277 3 434 0
0 356 1 4 0 66 1
0 504 2 179 2 20 0
0 49 1 410 1 389 2
1 41 2 309 3 243 1
1 60 3 84 1 90 3
0 300 3 421 0 136 3
0 59 1 226 2 54 2
1 196 3 503 2 189 1
0 146 3 74 3 417 2
1 118 1 388 3 204 2
0 424 2 458 3 73 0
1 79 1 262 1 478 1
0 502 1 100 1 479 1
1 7 1 496 0 86 3
1 365 0 102 3 215 0
1 264 0 369 3 458 2
0 261 3 133 0 363 1
0 502 2 396 1 470 0
1 148 1 358 0 109 3
1 208 2 254 2 78 3
1 67 3 432 1 201 2
0 200 2 241 1 384 0
0 52 2 498 0 459 2
1 260 2 457 0 181 3
1 83 2 507 2 415 1
0 507 0 354 0 192 3
1 161 0 103 1 10 0
0 222 3 172 2 419 0
0 433 1 2 0 50 2
0 337 0 505 2 34 3
1 17 1 189 0 127 3
1 130 1 271 1 194 2
1 116 0 510 2 361 0
1 361 0 122 0 165 3
1 363 2 300 3 450 2
0 398 2 361 3 304 3
0 285 0 492 3 386 0
0 451 0 323 2 379 3
1 187 3 130 2 116 1
1 143 0 129 2 200 3
1 234 2 75 3 341 3
1 72 3 111 3 367 2
0 349 0 341 1 325 1
0 263 0 473 3 502 2
0 332 2 377 2 149 1
1 249 3 223 2 91 1
0 406 2 131 0 344 1
1 447 2 88 2 441 3
0 166 3 80 2 329 3
0 472 0 396 1 204 1
0 374 3 234 0 473 1
1 334 1 311 1 505 1
0 72 1 2 1 138 3
0 342 1 433 1 377 2
1 56 2 263 3 386 3
1 64 2 469 1 408 2
1 171 2 195 1 475 0
0 132 3 413 1 456 3
0 201 3 5 0 68 2
0 104 0 120 3 318 2
1 30 3 132 2 245 1
0 295 0 235 1 145 1
1 473 0 504 1 58 0
1 224 2 336 2 379 2
0 51 2 360 0 337 1
0 482 2 40 2 178 1
1 289 1 193 0 430 0
1 103 1 245 2 141 3
0 269 0 11 1 205 1
1 85 3 211 2 378 0
0 333 2 207 2 477 2
1 167 2 79 2 368 0
0 393 2 398 2 480 2
1 137 0 39 3 472 0
1 88 3 89 0 26 3
0 70 0 254 2 429 3
0 183 0 237 0 479 0
1 159 1 38 3 450 2
1 297 2 476 2 38 3
0 298 1 10 2 359 2
0 156 2 420 1 111 0
0 185 1 230 2 489 2
1 110 2 469 2 463 3
0 267 2 204 3 419 3
1 38 2 388 3 75 1
0 297 2 32 3 411 3
1 184 3 448 2 456 0
0 63 2 28 0 216 0
0 112 1 463 1 311 3
1 217 0 246 0 248 0
1 472 0 80 1 456 3
0 194 2 444 1 439 1
1 312 0 410 1 325 0
1 507 2 5 1 345 3
0 378 2 241 2 487 2
0 389 3 4 2 60 3
0 158 1 356 2 327 3
0 242 1 427 2 509 1
0 256 3 123 1 309 3
0 504 2 464 3 245 0
0 30 3 499 2 148 2
0 383 1 154 0 246 1
1 161 1 312 2 411 3
0 474 3 167 2 146 3
0 208 2 111 2 0 0
0 48 1 158 0 84 1
1 450 3 25 0 246 2
1 320 1 301 2 430 2
0 223 3 449 0 21 0
0 6 1 427 1 400 3
0 148 3 309 3 370 0
1 228 2 459 2 221 3
1 72 0 302 0 151 0
1 101 2 298 0 315 0
1 239 2 387 1 293 2
1 177 3 413 1 246 0
0 212 3 47 3 312 1
0 322 2 389 2 231 3
1 110 1 472 1 237 2
0 140 2 412 0 418 2
0 344 0 404 2 407 2
1 392 1 497 2 342 3
1 460 1 291 0 139 1
0 356 1 13 0 37 3
1 44 3 474 3 128 3
1 459 3 123 3 226 1
1 382 2 487 1 511 0
1 124 1 41 2 109 1
1 233 2 200 1 95 3
1 304 3 86 3 45 0
0 402 3 250 3 39 0
1 248 0 14 3 89 2
1 360 3 81 3 261 1
0 156 0 100 1 265 2
0 199 0 381 2 148 1
1 423 0 230 0 331 2
0 503 2 166 1 158 3
1 28 2 2 0 426 0
1 237 3 28 2 172 0
0 272 1 341 2 496 1
0 221 1 410 2 499 3
1 149 2 25 1 11 0
0 127 3 392 2 6 0
1 447 0 41 3 79 2
0 273 1 315 2 477 3
0 429 2 98 3 413 3
0 383 3 49 1 2 3
1 209 0 317 1 16 2
1 55 0 429 1 10 3
1 505 3 249 0 311 1
0 401 3 328 0 167 2
1 190 1 175 2 271 0
1 475 2 74 2 243 2
1 359 0 37 3 314 0
0 348 2 244 0 194 2
0 102 3 67 0 34 0
1 498 1 505 0 285 1
1 495 1 102 3 4 0
1 285 3 468 2 316 0
1 96 1 278 1 38 2
1 142 0 204 2 400 2
1 118 3 192 2 152 3
0 141 3 438 3 444 3
1 126 2 391 2 336 2
1 225 0 221 2 406 1
0 3 1 327 3 395 1
0 502 3 406 3 126 0
0 421 3 354 0 178 2
1 372 1 106 1 437 2
1 293 3 492 0 50 1
0 144 1 218 0 371 2
0 459 3 79 3 12 3
0 425 2 302 0 495 3
1 260 2 457 0 181 3
1 83 2 507 2 415 1
0 507 0 354 0 192 3
1 161 0 103 1 10 0
0 222 3 172 2 419 0
0 433 1 2 0 50 2
0 337 0 505 2 34 3
1 17 1 189 0 127 3
1 130 1 271 1 194 2
1 116 0 510 2 361 0
1 361 0 122 0 165 3
1 363 2 300 3 450 2
0 398 2 361 3 304 3
0 285 0 492 3 386 0
0 451 0 323 2 379 3
1 187 3 130 2 116 1
1 143 0 129 2 200 3
1 234 2 75 3 341 3
1 72 3 111 3 367 2
0 349 0 341 1 325 1
0 263 0 473 3 502 2
0 332 2 377 2 149 1
1 249 3 223 2 91 1
0 406 2 131 0 344 1
1 447 2 88 2 441 3
0 166 3 80 2 329 3
0 472 0 396 1 204 1
0 374 3 234 0 473 1
1 334 1 311 1 505 1
0 72 1 2 1 138 3
1 420 2 391 0 10 3
0 33 1 460 0 154 3
1 81 3 123 3 470 3
0 111 2 259 1 312 0
0 103 1 293 0 104 1
1 468 1 344 3 414 2
0 132 2 389 0 394 1
0 69 1 438 3 56 3
1 421 2 403 3 98 3
1 90 1 8 0 176 2
1 110 3 427 2 55 2
1 113 0 42 3 323 3
0 336 3 299 3 253 3
1 320 1 61 3 167 3
1 482 3 310 0 323 1
1 385 2 177 1 406 3
1 447 2 478 2 407 0
1 400 3 431 2 86 0
0 454 2 35 0 384 2
1 259 3 166 2 467 0
0 155 2 386 2 152 2
0 427 1 39 1 301 0
1 419 1 19 3 115 3
1 129 1 335 2 448 2
1 11 0 94 1 85 3
0 102 1 379 0 276 0
1 364 2 117 2 480 1
0 449 0 499 0 316 2
0 35 2 500 3 68 0
1 355 3 203 2 388 0
1 396 3 241 1 410 0
0 58 0 311 1 130 1
1 139 3 14 1 103 2
1 178 0 251 0 487 1
1 307 0 24 3 393 2
1 474 2 446 3 417 0
0 108 2 11 1 242 3
1 425 0 112 2 305 3
0 225 3 75 2 508 2
0 246 0 1 2 316 1
0 160 3 108 3 63 3
0 256 3 15 1 191 0
0 307 1 234 0 49 1
0 402 2 363 0 126 0
0 26 3 154 3 245 0
0 48 3 372 1 113 1
1 493 2 446 2 290 0
1 467 1 185 0 97 0
0 147 3 250 3 116 1
0 14 1 111 1 3 2
0 329 0 167 3 147 3
1 449 1 400 3 33 0
1 374 0 307 3 387 1
1 163 3 452 0 433 3
1 383 0 394 0 89 2
1 66 2 352 3 251 1
1 270 1 191 3 317 3
1 79 0 291 2 11 1
1 149 1 117 2 493 1
1 340 2 377 0 298 3
1 495 2 433 2 57 1
1 31 0 102 3 277 3
1 105 2 21 0 49 1
0 394 2 108 1 35 0
0 162 3 453 0 505 2
0 363 2 11 3 163 2
1 252 2 90 3 385 0
1 201 3 165 2 16 3
1 404 3 430 0 149 0
1 179 1 241 3 500 3
0 257 1 361 3 509 0
1 68 3 70 3 140 3
1 321 2 155 2 168 2
0 443 1 343 2 141 3
0 166 2 194 0 22 0
0 437 3 69 0 158 2
0 157 0 11 2 379 2
1 229 0 273 3 88 2
0 161 3 179 0 343 0
1 478 3 201 2 503 1
1 451 0 467 3 369 2
0 463 0 269 2 253 0
0 383 0 508 2 374 3
1 64 3 194 3 368 3
1 225 1 108 2 179 0
1 302 3 6 1 129 1
1 297 3 452 3 411 1
0 27 0 199 1 190 2
0 355 0 386 2 28 3
0 490 0 136 1 285 3
0 184 2 444 3 496 2
0 166 0 309 0 376 0
1 351 2 187 3 103 3
0 379 3 36 0 96 1
1 122 3 146 0 361 0
0 143 2 390 0 332 1
0 321 3 197 2 408 3
1 386 2 501 1 392 2
0 69 1 152 3 469 0
0 181 1 239 0 381 0
1 440 2 163 0 168 2
0 172 2 83 1 286 0
1 507 0 181 3 38 0
0 37 2 61 0 417 0
1 480 2 313 2 372 0
0 195 3 470 0 465 2
0 94 2 397 1 253 0
1 340 0 241 1 409 0
1 433 2 277 0 232 2
0 22 0 398 1 149 0
1 22 2 237 3 378 2
1 155 3 410 0 208 2
0 167 1 128 0 359 1
1 12 2 129 2 508 1
0 256 0 377 0 66 2
1 504 0 370 0 184 0
1 179 1 453 2 382 2
1 259 0 102 3 211 0
0 442 2 153 1 209 2
0 3 3 317 0 131 0
1 354 0 449 1 203 1
0 366 3 416 0 1 3
0 364 3 161 3 257 2
1 46 1 351 0 30 1
0 333 3 171 0 296 3
1 47 2 125 0 413 0
1 472 2 319 0 219 3
0 66 0 316 2 115 3
1 448 2 294 2 27 1
1 50 0 433 1 334 2
1 421 1 42 2 158 3
0 279 1 468 3 224 3
0 174 0 389 2 130 3
1 331 0 13 1 487 3
1 232 2 9 1 270 0
0 146 2 415 3 499 2
1 213 1 349 2 123 1
1 81 1 389 3 67 3
1 500 1 418 0 511 0
1 229 0 422 2 360 3
0 46 0 337 2 402 0
1 124 0 353 2 351 1
1 100 3 324 3 290 0
1 258 2 483 1 356 2
1 152 1 282 0 303 0
1 508 2 451 0 438 0
0 102 3 118 3 270 2
1 96 1 218 0 243 0
1 196 3 469 3 318 0
0 474 2 89 3 481 1
0 73 2 481 2 146 1
0 499 2 121 0 448 0
1 355 3 145 0 288 2
0 276 2 100 0 111 3
1 74 3 379 0 58 3
0 102 2 45 0 276 0
1 143 1 281 1 210 1
1 243 0 489 0 258 3
0 155 0 246 2 31 2
1 411 2 70 3 18 0
0 376 2 255 0 92 0
1 176 0 54 3 172 0
0 437 3 104 1 500 3
1 357 3 141 1 304 1
0 80 1 233 1 381 0
1 72 0 409 3 392 1
0 224 1 316 2 334 2
1 387 2 35 3 249 1
0 120 1 32 3 405 0
0 156 3 92 2 412 1
1 256 0 345 1 52 0
0 225 0 156 3 2 2
1 236 0 86 3 467 0
1 205 2 260 3 238 3
0 418 3 144 0 487 1
0 11 3 92 0 43 2
0 236 2 440 3 415 0
0 215 0 458 1 229 3
1 70 2 75 1 499 1
0 242 1 50 2 279 2
1 260 2 457 0 181 3
1 83 2 507 2 415 1
0 507 0 354 0 192 3
1 161 0 103 1 10 0
0 222 3 172 2 419 0
0 433 1 2 0 50 2
0 337 0 505 2 34 3
1 17 1 189 0 127 3
1 130 1 271 1 194 2
1 116 0 510 2 361 0
1 361 0 122 0 165 3
1 363 2 300 3 450 2
0 398 2 361 3 304 3
0 285 0 492 3 386 0
0 451 0 323 2 379 3
1 187 3 130 2 116 1
1 143 0 129 2 200 3
1 234 2 75 3 341 3
1 72 3 111 3 367 2
0 349 0 341 1 325 1
0 263 0 473 3 502 2
0 332 2 377 2 149 1
1 249 3 223 2 91 1
0 406 2 131 0 344 1
1 447 2 88 2 441 3
0 166 3 80 2 329 3
0 472 0 396 1 204 1
0 374 3 234 0 473 1
1 334 1 311 1 505 1
0 72 1 2 1 138 3
1 236 1 309 2 330 2
1 364 1 346 0 227 1
1 495 2 372 1 374 0
1 483 2 51 1 494 1
1 447 3 269 0 245 2
0 274 1 204 0 32 0
0 233 3 164 3 176 1
0 452 3 473 0 81 2
0 511 0 412 0 447 1
1 128 1 224 0 201 1
0 218 0 142 0 204 0
1 401 1 348 3 159 0
0 447 1 104 0 306 3
0 54 2 126 0 90 1
1 268 2 170 0 494 3
1 279 2 81 1 359 2
1 117 1 362 1 240 1
0 348 0 109 2 312 0
1 250 0 38 2 381 2
1 240 3 385 3 45 3
0 289 3 154 0 154 3
0 477 2 82 1 403 0
0 281 3 265 0 179 0
0 447 3 11 0 353 2
0 195 0 446 3 1 2
1 451 0 237 3 379 1
0 488 1 426 1 354 1
0 173 3 446 3 412 1
1 252 2 115 3 401 1
1 469 0 400 1 64 1
1 260 2 457 0 181 3
1 83 2 507 2 415 1
0 507 0 354 0 192 3
1 161 0 103 1 10 0
0 222 3 172 2 419 0
0 433 1 2 0 50 2
0 337 0 505 2 34 3
1 17 1 189 0 127 3
1 130 1 271 1 194 2
1 116 0 510 2 361 0
1 361 0 122 0 165 3
1 363 2 300 3 450 2
0 398 2 361 3 304 3
0 285 0 492 3 386 0
0 451 0 323 2 379 3
1 187 3 130 2 116 1
1 143 0 129 2 200 3
1 234 2 75 3 341 3
1 72 3 111 3 367 2
0 349 0 341 1 325 1
0 263 0 473 3 502 2
0 332 2 377 2 149 1
1 249 3 223 2 91 1
0 406 2 131 0 344 1
1 447 2 88 2 441 3
0 166 3 80 2 329 3
0 472 0 396 1 204 1
0 374 3 234 0 473 1
1 334 1 311 1 505 1
-1 72 1 2 1 138 3
