0 854 1 112 1 816 0
1 60 3 26 3 194 2
1 728 0 535 1 634 0
0 137 1 306 1 930 2
0 69 3 959 0 547 3
0 93 1 12 0 81 3
1 880 2 482 3 380 0
0 331 0 413 3 140 3
0 514 3 690 2 342 2
1 600 2 884 3 38 1
1 1013 3 335 2 24 0
0 540 3 511 2 98 3
1 920 0 253 0 371 2
1 858 3 195 3 272 1
0 568 3 539 2 587 3
0 1021 1 81 2 220 1
1 461 1 13 2 170 1
0 696 3 979 2 665 0
0 303 3 594 0 221 1
0 441 1 136 1 875 0
0 966 3 130 3 9 0
0 313 3 915 0 533 2
0 691 3 1002 0 475 2
0 714 2 732 3 485 0
1 223 2 753 2 539 2
0 681 3 1015 0 1001 2
0 120 3 416 3 82 3
1 651 1 84 0 884 2
1 964 2 984 3 704 3
1 411 0 31 0 798 2
0 77 1 279 3 846 0
0 926 2 406 2 448 2
0 724 2 738 2 76 3
1 381 0 198 0 806 1
1 918 2 559 1 18 2
1 928 0 1005 3 604 1
1 440 1 349 3 483 0
0 739 2 750 3 1005 0
0 518 3 931 3 922 3
1 780 3 156 1 111 3
1 63 3 1017 3 787 1
0 525 2 714 2 35 2
0 929 2 231 3 846 3
1 365 1 610 0 676 0
0 637 2 963 2 179 1
1 954 2 748 1 457 3
1 498 1 320 3 265 1
1 457 0 334 3 339 2
0 548 3 609 1 764 3
1 48 2 944 3 251 2
1 137 1 37 3 586 3
1 842 1 197 3 240 0
0 290 0 399 1 230 2
1 140 1 745 1 252 0
0 185 2 725 0 696 1
0 557 1 977 0 181 2
1 380 2 474 3 197 3
0 583 1 970 2 904 0
1 143 2 826 2 476 0
0 240 2 940 1 396 0
0 618 1 155 2 548 2
1 266 0 790 0 597 1
1 278 0 1022 3 26 1
1 439 1 141 2 319 2
1 691 2 311 0 225 2
0 691 0 908 2 747 0
0 969 3 491 1 753 1
1 0 2 178 3 483 0
0 75 2 406 1 394 1
0 424 3 653 1 166 2
1 857 2 648 1 117 0
0 648 1 430 0 386 3
0 299 1 481 2 760 3
0 347 3 272 0 265 0
0 929 2 1009 1 522 0
0 381 0 1013 2 520 1
0 368 1 897 0 297 1
0 286 1 200 1 581 1
0 231 2 502 1 610 0
0 229 1 165 0 368 1
1 696 0 852 3 355 1
1 298 0 403 0 9 3
1 597 2 120 1 697 0
1 846 0 407 3 559 1
0 185 2 817 1 903 3
1 490 0 806 2 653 1
1 951 3 769 2 847 3
1 184 3 934 3 993 2
0 803 3 671 2 178 3
0 396 3 759 2 986 0
0 630 1 418 1 807 3
1 447 1 831 2 51 1
1 184 1 722 2 795 2
1 970 0 619 2 859 0
1 469 2 785 3 767 3
0 781 1 810 1 16 1
1 938 2 487 1 808 1
0 1014 1 322 1 937 1
1 619 2 3 3 911 3
1 256 0 407 1 272 1
1 820 0 352 2 466 1
0 325 2 63 3 659 3
0 225 3 967 1 774 0
1 919 2 876 0 797 3
0 636 0 994 3 60 3
0 349 0 28 1 877 3
0 1005 2 549 0 450 3
0 675 0 462 1 615 0
0 168 0 558 3 142 2
0 289 3 173 3 923 3
1 398 3 630 2 591 3
1 555 2 494 0 395 2
1 576 3 862 0 23 3
0 955 0 83 3 350 3
0 906 1 3 2 163 0
1 799 3 789 1 1023 3
1 963 3 97 0 676 0
0 1003 1 932 3 221 0
1 806 1 931 2 152 3
1 65 0 755 2 193 3
1 397 2 698 2 795 1
0 912 1 344 1 887 0
1 37 1 656 2 939 3
1 849 2 36 0 321 1
0 232 0 628 2 347 2
0 373 2 631 2 328 0
0 771 3 650 0 499 2
0 632 1 772 0 139 2
1 625 0 873 1 344 1
0 349 1 705 1 250 2
1 626 3 816 1 612 0
1 504 2 181 2 697 2
1 429 1 436 1 882 3
1 593 3 350 1 462 3
0 21 1 154 3 581 3
1 529 1 109 1 152 2
1 492 0 372 1 535 1
0 809 1 455 1 1002 3
0 124 3 827 0 1007 3
1 310 3 773 0 922 2
1 94 2 451 3 153 1
0 345 0 244 2 740 2
1 609 3 246 0 201 3
1 625 3 192 0 508 0
1 884 2 759 2 849 1
1 510 2 711 2 656 2
1 289 3 895 2 640 1
0 20 2 344 2 824 1
1 889 1 24 1 245 3
1 297 3 953 0 519 2
0 638 1 1013 0 907 2
0 674 0 591 3 174 0
1 113 1 929 0 311 1
0 874 0 708 0 248 3
0 915 1 957 3 735 1
1 1021 0 884 2 654 3
0 305 0 891 3 159 0
0 417 0 912 3 819 0
1 280 0 673 0 751 1
1 720 3 436 2 264 0
0 960 1 54 1 426 0
0 769 0 225 1 627 2
0 727 0 553 1 1000 1
1 576 0 35 1 440 0
1 750 3 906 3 803 1
1 357 0 832 2 620 0
0 622 1 569 0 298 0
1 462 3 842 0 332 2
0 306 1 527 0 961 1
1 983 3 1001 0 790 1
0 328 1 748 2 521 1
0 400 0 691 3 375 3
0 201 1 57 3 771 0
1 863 1 1014 0 312 1
1 470 3 944 1 454 0
1 657 2 179 3 795 0
0 268 0 662 2 840 3
0 521 2 969 2 311 1
1 18 0 931 1 712 0
0 901 0 120 1 178 0
0 274 2 331 1 307 1
1 57 2 703 0 33 1
1 310 3 814 0 288 3
0 434 2 595 2 254 0
1 903 2 717 0 62 3
1 51 3 787 0 757 2
1 697 2 736 2 61 1
1 538 1 582 1 498 0
1 972 0 477 0 156 3
1 998 2 528 2 53 0
0 139 1 908 1 1003 1
1 750 1 209 0 991 0
1 80 2 710 1 596 3
0 249 1 123 3 943 2
1 658 2 934 1 146 2
1 303 2 506 2 227 2
0 557 0 986 3 412 2
0 793 3 831 0 135 0
0 357 2 475 2 685 3
0 679 0 667 0 143 1
0 519 3 298 2 115 3
1 129 1 91 1 393 0
0 583 3 239 0 392 0
0 8 2 1008 3 984 3
0 545 0 902 3 386 0
0 202 1 9 3 942 0
1 614 2 220 3 318 1
1 866 1 352 1 320 2
0 449 1 693 3 53 2
1 500 1 560 3 748 0
0 341 3 296 0 1011 0
1 714 3 140 3 325 1
1 454 0 757 0 533 3
1 950 3 13 1 323 3
0 712 2 134 3 591 3
1 840 0 918 1 778 0
0 648 3 438 1 360 3
1 259 2 541 0 5 3
0 911 3 433 2 827 1
1 2 3 435 0 325 0
1 752 0 402 2 268 3
0 989 2 589 3 869 0
0 470 1 389 1 735 1
0 424 3 500 1 873 2
1 216 2 401 0 400 2
1 862 0 613 1 68 1
0 155 0 608 0 219 2
0 544 3 81 2 788 2
1 676 2 924 2 917 2
1 4 3 690 1 55 2
1 623 1 184 2 453 2
1 114 0 247 1 443 0
0 546 2 574 0 868 3
0 572 3 243 1 988 1
1 882 2 252 3 996 1
1 245 2 467 3 660 1
0 159 3 418 0 464 2
0 818 0 903 0 863 3
0 649 1 688 0 811 2
0 443 2 607 2 196 2
0 74 2 970 3 590 0
1 985 2 212 0 327 1
1 482 0 197 1 121 3
0 827 1 428 3 458 2
0 718 1 13 1 595 3
0 566 1 762 1 902 0
0 682 2 822 3 15 2
1 318 0 689 2 43 0
0 299 2 467 3 494 1
0 241 1 954 3 705 1
0 13 1 489 3 850 0
1 12 3 723 3 607 3
1 213 0 660 1 422 0
1 285 2 161 2 988 1
0 367 1 196 2 450 2
1 471 3 692 1 508 1
1 528 0 782 3 406 2
1 583 1 889 0 970 3
1 1001 0 270 2 315 1
1 104 0 321 0 802 2
1 907 3 967 3 454 1
1 190 1 753 2 403 3
1 775 1 8 1 363 2
0 776 3 246 0 38 3
1 827 2 195 1 973 1
1 547 2 907 0 679 2
1 192 1 716 0 660 3
1 177 0 885 3 386 2
0 122 2 135 2 421 1
0 49 3 198 2 354 3
0 183 0 870 2 900 0
1 630 3 839 3 509 3
1 864 1 590 2 461 2
1 461 2 653 3 479 2
0 688 1 818 1 721 1
0 560 3 1009 1 791 3
0 353 0 906 0 166 3
1 593 0 736 1 258 3
0 85 0 629 2 857 3
1 363 3 59 1 439 0
0 808 2 158 3 775 1
1 789 1 962 0 448 0
1 555 0 318 1 1018 0
0 144 1 701 2 792 1
0 947 0 218 0 547 2
0 831 2 354 3 178 2
0 975 0 383 3 654 0
0 595 0 170 0 497 3
0 177 2 439 1 156 1
0 461 1 141 0 474 1
0 886 2 616 3 554 1
0 864 1 737 0 996 0
1 24 2 340 3 232 0
0 481 0 340 3 180 2
0 164 3 260 1 151 2
1 577 0 306 0 810 2
0 778 3 49 3 228 1
0 331 1 505 2 641 1
1 555 1 534 1 785 3
1 915 0 1005 0 124 3
1 490 1 555 0 695 0
1 349 1 544 3 720 3
1 871 2 309 0 576 3
0 618 1 945 3 324 3
0 441 3 697 1 746 1
1 490 0 563 2 589 2
1 185 3 295 1 372 3
0 257 1 883 1 517 2
0 695 0 101 2 965 2
1 672 0 790 0 974 0
0 833 0 379 2 293 2
0 423 1 205 0 264 0
0 56 2 909 1 492 0
0 648 1 525 0 923 1
0 992 3 363 0 170 2
1 998 0 649 2 329 2
0 451 0 91 3 569 1
0 475 0 234 1 254 3
0 366 3 1008 0 825 2
1 501 1 366 3 417 2
0 369 3 2 3 220 1
1 520 2 635 1 524 1
1 568 3 294 3 31 3
1 608 2 842 3 52 2
1 901 3 315 1 434 1
0 2 0 819 0 434 3
0 189 3 227 0 577 0
1 502 0 64 1 541 0
0 840 2 0 2 484 3
1 207 0 535 2 3 2
0 854 1 112 1 816 0
1 60 3 26 3 194 2
1 728 0 535 1 634 0
0 137 1 306 1 930 2
0 69 3 959 0 547 3
0 93 1 12 0 81 3
1 880 2 482 3 380 0
0 331 0 413 3 140 3
0 514 3 690 2 342 2
1 600 2 884 3 38 1
1 1013 3 335 2 24 0
0 540 3 511 2 98 3
1 920 0 253 0 371 2
1 858 3 195 3 272 1
0 568 3 539 2 587 3
0 1021 1 81 2 220 1
1 461 1 13 2 170 1
0 696 3 979 2 665 0
0 303 3 594 0 221 1
0 441 1 136 1 875 0
0 966 3 130 3 9 0
0 313 3 915 0 533 2
0 691 3 1002 0 475 2
0 714 2 732 3 485 0
1 223 2 753 2 539 2
0 681 3 1015 0 1001 2
0 120 3 416 3 82 3
1 651 1 84 0 884 2
1 964 2 984 3 704 3
1 411 0 31 0 798 2
0 937 1 659 3 723 0
0 499 1 596 0 857 1
0 295 0 136 3 704 1
0 78 2 491 1 192 0
1 274 3 598 2 856 3
0 623 3 820 2 754 0
0 528 0 386 0 475 3
1 584 0 670 2 40 1
1 243 0 861 3 730 1
1 263 3 73 0 876 1
1 9 3 406 3 616 3
1 443 2 756 0 515 3
0 742 1 897 1 619 1
1 970 2 255 1 885 3
0 18 0 25 0 979 0
0 610 2 627 3 746 3
0 805 3 37 0 220 1
1 102 2 848 2 712 1
1 316 0 272 3 418 2
1 136 2 912 2 985 1
0 708 1 78 0 444 0
1 915 3 663 1 866 3
0 267 2 104 0 142 0
0 783 3 537 2 1015 1
0 808 3 1 2 916 2
0 192 3 148 0 745 0
0 265 1 116 2 221 1
1 956 2 486 0 164 2
1 203 0 221 0 353 0
1 509 0 187 0 89 3
0 854 1 112 1 816 0
1 60 3 26 3 194 2
1 728 0 535 1 634 0
0 137 1 306 1 930 2
0 69 3 959 0 547 3
0 93 1 12 0 81 3
1 880 2 482 3 380 0
0 331 0 413 3 140 3
0 514 3 690 2 342 2
1 600 2 884 3 38 1
1 1013 3 335 2 24 0
0 540 3 511 2 98 3
1 920 0 253 0 371 2
1 858 3 195 3 272 1
0 568 3 539 2 587 3
0 1021 1 81 2 220 1
1 461 1 13 2 170 1
0 696 3 979 2 665 0
0 303 3 594 0 221 1
0 441 1 136 1 875 0
0 966 3 130 3 9 0
0 313 3 915 0 533 2
0 691 3 1002 0 475 2
0 714 2 732 3 485 0
1 223 2 753 2 539 2
0 681 3 1015 0 1001 2
0 120 3 416 3 82 3
1 651 1 84 0 884 2
1 964 2 984 3 704 3
1 411 0 31 0 798 2
0 428 1 935 3 514 0
1 453 0 444 2 964 0
0 308 2 1017 3 850 3
1 41 1 449 2 497 3
0 618 3 404 3 887 3
0 669 3 641 2 75 1
0 48 0 256 3 708 2
1 861 3 361 1 861 3
0 794 1 803 2 730 2
1 255 2 679 3 265 0
0 87 0 651 1 379 2
1 920 1 652 1 37 2
0 654 0 533 2 840 0
0 569 1 466 3 440 0
1 700 0 958 1 34 1
0 428 1 360 0 598 2
1 622 3 954 1 502 2
1 442 2 204 1 580 2
1 499 3 806 1 6 2
0 104 1 554 2 366 3
0 87 0 753 0 22 3
0 735 3 427 0 90 3
0 72 3 722 1 15 0
1 519 2 446 2 398 2
0 52 1 353 1 488 0
0 250 1 65 0 819 1
0 318 1 432 0 255 0
0 473 3 214 3 731 0
1 989 2 1015 2 799 0
1 421 0 709 1 418 0
1 582 2 555 3 238 3
1 560 1 312 0 309 1
1 1006 1 672 2 120 2
0 325 0 703 0 605 3
0 706 0 514 0 518 0
1 653 2 333 3 28 0
0 490 2 839 3 661 2
1 481 3 569 0 648 2
0 825 1 875 1 123 3
0 524 3 488 3 735 0
1 913 0 18 0 543 1
1 37 3 292 1 648 2
1 988 3 873 2 974 2
0 525 2 595 0 262 3
0 894 3 217 0 283 0
0 690 2 776 3 262 0
0 570 1 362 0 836 1
1 293 3 672 3 770 1
0 772 3 1000 0 397 3
1 937 3 240 2 65 3
1 575 0 37 3 417 0
0 580 2 46 3 788 0
1 331 0 502 1 332 1
1 119 0 917 0 409 1
1 627 1 947 2 41 3
1 39 2 122 3 635 3
1 934 3 357 2 804 0
1 995 2 458 3 858 0
1 881 1 236 1 217 1
1 257 0 552 0 738 0
0 854 1 112 1 816 0
1 60 3 26 3 194 2
1 728 0 535 1 634 0
0 137 1 306 1 930 2
0 69 3 959 0 547 3
0 93 1 12 0 81 3
1 880 2 482 3 380 0
0 331 0 413 3 140 3
0 514 3 690 2 342 2
1 600 2 884 3 38 1
1 1013 3 335 2 24 0
0 540 3 511 2 98 3
1 920 0 253 0 371 2
1 858 3 195 3 272 1
0 568 3 539 2 587 3
0 1021 1 81 2 220 1
1 461 1 13 2 170 1
0 696 3 979 2 665 0
0 303 3 594 0 221 1
0 441 1 136 1 875 0
0 966 3 130 3 9 0
0 313 3 915 0 533 2
0 691 3 1002 0 475 2
0 714 2 732 3 485 0
1 223 2 753 2 539 2
0 681 3 1015 0 1001 2
0 120 3 416 3 82 3
1 651 1 84 0 884 2
1 964 2 984 3 704 3
1 411 0 31 0 798 2
1 824 1 187 0 306 3
1 597 0 808 1 198 0
1 678 2 516 0 994 1
0 613 2 82 1 9 3
1 967 3 97 2 125 3
0 104 0 762 1 101 3
1 75 2 101 1 102 2
0 375 1 16 1 434 3
1 991 2 923 3 465 1
1 948 2 875 3 144 3
0 165 2 976 3 119 0
0 852 0 72 0 462 3
1 556 2 200 1 992 3
0 469 2 238 3 572 0
0 124 0 687 1 77 3
1 447 3 951 2 745 0
0 17 0 219 1 668 3
1 448 0 494 2 516 3
1 217 3 958 1 199 3
1 13 0 320 0 723 0
1 397 0 538 0 974 1
1 838 1 696 1 891 1
0 516 1 218 2 293 0
0 82 1 629 0 401 0
1 592 1 534 3 252 1
0 233 0 421 1 688 3
0 446 2 809 3 4 0
0 205 2 100 3 131 2
1 24 0 747 2 634 3
1 991 1 908 3 1 2
0 187 1 107 1 922 2
1 401 0 676 0 470 2
1 594 2 953 1 974 0
0 613 2 103 1 549 3
1 866 0 416 2 307 1
1 630 2 159 3 45 1
1 750 1 99 0 329 1
0 70 1 68 1 629 0
0 457 1 731 0 1003 2
0 320 2 289 3 651 1
0 130 1 134 0 739 2
0 427 1 111 1 891 1
0 748 1 101 1 686 1
1 13 2 34 1 132 3
1 419 0 445 2 87 2
1 37 3 222 2 445 0
0 813 3 278 0 366 3
1 4 0 720 2 677 3
0 384 3 276 0 640 1
0 504 3 477 1 715 3
1 529 2 497 0 420 3
1 60 0 480 2 800 3
0 448 2 970 1 499 2
1 938 3 506 3 647 0
0 825 3 766 2 521 2
1 235 2 535 1 700 3
0 414 1 843 2 734 1
0 973 3 51 1 693 2
1 670 3 364 0 406 0
1 720 0 787 2 509 2
0 579 0 108 1 544 3
1 265 3 607 0 195 3
0 18 2 743 1 441 3
1 738 0 95 2 655 0
0 99 2 489 0 937 1
0 621 1 986 0 473 3
0 500 0 567 3 986 0
0 570 0 183 3 249 2
0 795 1 541 3 533 2
0 502 2 117 0 292 3
0 818 0 283 0 526 3
0 574 0 921 2 639 2
1 10 0 2 2 899 0
1 352 2 925 0 96 3
1 133 1 869 0 793 0
0 272 1 269 1 856 1
1 175 1 873 2 955 1
0 302 3 970 3 677 0
1 232 1 854 2 426 2
0 566 1 949 0 273 2
1 258 0 122 1 897 2
1 501 3 555 3 371 2
0 346 3 827 1 723 2
0 906 3 280 2 321 2
0 854 1 622 0 308 0
1 1005 1 656 1 0 1
0 981 2 72 0 967 1
0 613 0 43 3 111 0
0 366 2 395 1 683 3
1 186 2 919 2 192 2
1 398 3 693 2 728 2
0 264 2 544 1 320 0
1 734 0 97 0 80 3
1 887 3 795 1 310 0
1 111 3 792 3 944 3
0 75 3 372 3 997 3
1 164 3 67 2 381 0
1 772 1 730 0 1018 2
1 978 0 258 2 718 1
1 393 1 820 0 453 0
1 519 1 265 0 536 0
1 657 3 357 1 268 0
1 128 0 733 1 68 2
1 202 1 655 0 358 2
1 688 0 5 0 362 0
1 107 3 845 2 88 1
0 1001 0 773 2 432 2
1 819 1 673 0 673 2
0 519 0 579 2 581 0
1 775 1 140 0 649 0
1 677 2 549 3 889 1
1 427 2 639 1 775 3
0 976 0 517 1 86 2
0 77 1 561 2 19 3
0 555 2 724 3 331 0
0 976 1 894 2 654 0
1 517 1 895 1 711 1
0 806 3 80 0 635 3
1 465 1 625 2 469 1
1 793 0 457 1 129 0
0 854 1 112 1 816 0
1 60 3 26 3 194 2
1 728 0 535 1 634 0
0 137 1 306 1 930 2
0 69 3 959 0 547 3
0 93 1 12 0 81 3
1 880 2 482 3 380 0
0 331 0 413 3 140 3
0 514 3 690 2 342 2
1 600 2 884 3 38 1
1 1013 3 335 2 24 0
0 540 3 511 2 98 3
1 920 0 253 0 371 2
1 858 3 195 3 272 1
0 568 3 539 2 587 3
0 1021 1 81 2 220 1
1 461 1 13 2 170 1
0 696 3 979 2 665 0
0 303 3 594 0 221 1
0 441 1 136 1 875 0
0 966 3 130 3 9 0
0 313 3 915 0 533 2
0 691 3 1002 0 475 2
0 714 2 732 3 485 0
1 223 2 753 2 539 2
0 681 3 1015 0 1001 2
0 120 3 416 3 82 3
1 651 1 84 0 884 2
1 964 2 984 3 704 3
1 411 0 31 0 798 2
1 1015 2 207 0 26 1
0 840 3 41 2 1002 1
0 773 3 827 3 450 0
1 588 1 803 2 166 0
0 673 2 319 3 833 3
1 833 1 664 0 242 0
1 202 2 949 0 501 3
0 291 3 1017 1 177 2
1 588 2 959 2 514 3
1 194 2 701 3 160 0
0 629 3 824 3 265 1
1 58 1 683 3 489 1
1 361 3 157 2 138 1
0 814 0 236 1 706 1
0 425 0 986 3 8 2
1 317 3 284 3 793 1
0 170 3 648 3 591 0
0 100 0 471 1 122 0
1 912 3 383 0 619 2
1 847 1 120 3 697 3
0 99 3 708 2 44 3
1 969 1 506 1 772 2
0 348 1 573 3 339 3
1 957 2 837 0 350 0
0 800 1 175 0 951 1
0 920 0 328 0 196 3
1 1022 2 1013 0 518 0
1 740 1 429 1 95 2
0 392 2 116 3 998 0
1 110 2 788 3 147 2
1 805 0 815 2 940 3
0 352 3 10 3 201 3
1 881 3 271 0 739 1
1 784 0 578 2 843 1
0 890 2 823 0 75 2
1 374 1 947 0 646 2
0 580 3 385 2 300 3
0 128 1 430 3 912 3
0 26 3 886 1 257 2
1 196 2 518 2 969 3
1 147 3 340 1 494 1
1 65 1 220 2 994 3
1 853 3 530 2 385 3
1 551 0 438 3 189 2
1 761 2 83 2 163 0
0 230 2 226 1 736 0
1 678 1 969 2 721 0
1 1005 3 599 3 878 2
1 562 3 386 2 1003 1
0 738 0 403 2 479 3
0 498 1 266 2 322 1
1 573 2 552 0 1015 3
0 635 1 357 1 424 2
0 395 0 750 0 427 0
0 516 3 85 2 431 2
0 451 2 544 1 238 2
0 44 0 878 1 93 0
1 623 0 710 2 413 0
1 585 0 469 0 506 3
1 671 0 59 0 13 0
1 404 1 711 3 456 1
0 732 0 690 1 222 3
1 457 0 60 2 196 3
1 912 3 6 2 801 1
1 533 3 578 1 702 2
0 938 1 568 1 506 1
1 870 1 735 1 109 2
1 349 1 361 0 312 2
1 640 3 926 3 72 3
1 844 0 309 3 168 2
0 345 3 275 0 332 1
0 645 1 436 2 7 0
1 690 3 508 3 507 1
0 535 1 656 1 472 1
0 1002 0 711 3 815 0
0 807 1 749 0 409 3
0 112 2 929 0 412 1
1 209 0 799 2 510 0
0 878 2 610 2 534 0
0 308 1 345 2 574 2
0 895 3 749 2 1013 3
1 381 3 218 0 414 2
0 391 2 990 1 556 2
1 211 0 841 2 691 1
1 776 2 667 0 753 1
0 614 1 575 3 25 2
0 407 3 294 0 774 3
0 277 2 807 0 655 0
1 44 2 316 1 255 1
0 874 2 517 0 183 1
0 133 3 941 1 544 0
0 218 2 961 1 750 2
0 483 0 1006 0 422 3
1 393 0 772 1 500 0
1 949 1 848 0 149 0
0 3 0 724 0 352 2
0 538 0 98 2 868 0
0 173 1 100 2 783 1
1 833 0 621 3 30 1
0 217 3 476 0 788 3
0 12 3 525 1 717 3
1 956 1 517 0 977 3
0 893 2 836 3 846 3
1 446 0 283 3 65 2
0 992 0 685 3 736 1
0 732 2 303 0 667 2
1 427 0 655 3 267 0
1 786 2 232 2 981 3
0 900 3 511 3 684 0
0 6 2 380 3 180 2
1 1019 0 861 3 848 1
0 360 0 314 2 866 2
1 202 2 191 3 37 3
0 462 1 514 1 208 2
0 198 0 52 3 290 3
0 1003 3 884 2 837 0
1 193 2 737 2 64 0
0 113 0 708 3 996 2
1 267 2 358 1 977 0
0 779 2 627 2 793 0
0 86 1 271 0 86 1
1 288 1 603 2 41 3
0 554 0 180 0 880 0
0 876 3 214 3 603 3
0 556 1 355 3 183 0
0 908 3 993 0 623 0
1 736 2 545 2 663 3
1 271 0 397 0 350 1
0 440 1 869 0 141 3
1 434 0 286 0 420 2
1 899 2 537 0 343 1
1 706 1 677 3 626 2
1 928 1 839 2 755 3
0 489 1 247 1 164 1
0 383 3 194 1 894 1
0 455 3 594 3 848 1
1 853 0 96 2 342 0
1 809 1 531 3 579 0
1 529 0 674 0 525 2
0 448 1 574 2 714 0
0 496 1 743 3 780 1
0 925 1 463 3 920 1
0 67 3 627 1 1015 3
0 227 2 273 3 688 3
0 586 2 241 0 563 3
1 365 3 868 3 141 2
0 552 1 67 2 540 0
1 91 3 577 2 517 1
1 607 1 686 0 460 3
0 453 2 855 0 676 2
1 345 0 463 1 645 1
1 253 2 27 2 868 0
1 484 3 480 0 280 1
0 554 1 802 3 524 0
0 688 3 34 1 738 2
1 44 3 18 2 940 1
0 551 2 156 3 51 3
1 1022 3 289 2 228 0
1 323 0 617 2 577 0
1 270 1 328 3 243 3
0 807 1 836 2 495 3
1 593 2 191 1 207 3
1 164 3 537 2 528 2
0 497 0 347 2 426 0
0 501 3 452 3 755 0
0 490 2 737 0 696 1
1 599 3 69 1 597 3
1 503 2 882 2 13 1
1 74 1 13 3 532 2
1 917 1 659 1 231 1
0 660 3 57 3 301 3
1 778 3 391 3 462 0
1 361 0 463 2 499 0
1 176 0 497 1 837 1
1 63 2 859 0 387 3
1 1020 1 1014 3 2 0
0 55 2 379 1 984 0
0 497 0 857 3 492 2
1 37 1 579 0 274 2
0 765 3 839 1 844 0
1 665 3 633 1 974 3
0 122 2 719 2 498 1
1 889 0 793 0 413 2
0 67 1 56 1 72 1
1 526 2 678 0 511 3
0 287 3 945 0 119 3
0 398 3 303 1 365 3
1 244 1 527 3 58 2
0 397 1 785 1 338 0
1 502 3 668 3 1005 2
1 214 3 479 3 780 2
1 599 0 798 3 504 1
0 160 2 1015 1 836 0
1 544 0 925 3 936 1
0 795 0 679 3 65 0
1 316 0 919 3 788 2
1 962 3 1020 3 260 0
1 984 2 156 3 422 1
1 253 1 131 1 76 0
1 425 0 658 2 335 1
1 502 1 683 3 466 3
1 185 2 6 0 672 0
1 172 2 139 0 354 2
1 710 0 348 1 59 0
0 937 0 561 1 665 1
1 84 0 955 2 81 2
0 999 2 461 1 363 1
1 779 2 258 0 815 0
1 714 2 85 0 715 3
0 243 0 55 1 518 2
0 854 1 112 1 816 0
1 60 3 26 3 194 2
1 728 0 535 1 634 0
0 137 1 306 1 930 2
0 69 3 959 0 547 3
0 93 1 12 0 81 3
1 880 2 482 3 380 0
0 331 0 413 3 140 3
0 514 3 690 2 342 2
1 600 2 884 3 38 1
1 1013 3 335 2 24 0
0 540 3 511 2 98 3
1 920 0 253 0 371 2
1 858 3 195 3 272 1
0 568 3 539 2 587 3
0 1021 1 81 2 220 1
1 461 1 13 2 170 1
0 696 3 979 2 665 0
0 303 3 594 0 221 1
0 441 1 136 1 875 0
0 966 3 130 3 9 0
0 313 3 915 0 533 2
0 691 3 1002 0 475 2
0 714 2 732 3 485 0
1 223 2 753 2 539 2
0 681 3 1015 0 1001 2
0 120 3 416 3 82 3
1 651 1 84 0 884 2
1 964 2 984 3 704 3
1 411 0 31 0 798 2
1 309 1 109 3 508 1
0 168 1 543 3 880 1
0 39 0 699 2 636 2
1 679 0 4 1 870 0
1 99 2 507 3 912 1
0 565 1 738 2 669 3
0 522 0 603 2 451 1
1 152 2 863 2 387 0
1 573 0 788 2 11 3
0 923 2 866 1 347 3
0 21 0 572 1 333 3
1 141 0 42 2 546 1
0 913 2 572 1 112 1
0 834 1 39 3 579 0
0 90 3 374 0 67 2
1 186 1 530 2 328 2
1 866 1 1019 1 481 1
1 892 0 752 0 265 3
0 447 3 103 2 862 0
1 970 1 769 3 262 0
1 105 2 54 0 473 1
1 50 2 459 1 493 3
0 913 3 308 1 329 3
0 813 0 966 2 901 2
0 465 0 208 0 421 0
1 205 3 85 1 359 0
0 615 1 899 3 54 0
1 932 3 259 2 852 1
1 819 2 386 2 297 0
1 615 1 845 2 14 2
1 570 2 887 2 196 2
1 10 0 88 1 498 3
0 976 0 248 1 209 0
0 564 3 608 1 714 0
0 449 0 1004 3 528 1
0 612 0 462 0 151 2
1 270 3 813 0 725 1
1 43 0 48 1 827 2
0 786 0 1013 3 794 1
1 812 2 390 3 840 0
0 54 0 264 1 946 1
1 504 2 166 0 105 0
1 375 1 916 2 347 1
1 731 1 419 1 539 1
0 876 1 311 0 485 2
0 551 0 378 3 941 3
1 142 0 952 0 165 1
1 437 1 116 0 198 0
0 495 1 587 3 234 0
1 905 2 255 1 479 2
0 165 2 380 2 58 1
1 473 1 743 0 111 3
1 914 2 533 2 884 1
1 235 0 820 3 193 1
1 84 2 158 2 303 2
1 904 0 810 3 943 2
0 890 3 577 1 238 0
0 248 2 265 2 172 0
0 859 3 318 2 515 1
1 949 3 931 1 232 1
1 538 3 561 0 563 1
1 618 2 495 3 633 3
1 703 2 216 2 892 3
0 207 3 531 3 713 0
0 621 3 540 0 394 0
0 120 2 931 2 434 0
0 544 3 644 3 706 1
1 459 3 773 0 798 3
1 627 3 871 0 485 0
1 893 3 59 2 762 2
0 605 2 621 2 190 1
1 884 3 381 3 989 2
1 751 0 579 3 347 1
1 485 1 625 1 699 0
1 364 3 144 1 693 0
1 1015 2 735 2 623 3
0 606 1 136 3 738 1
0 350 1 47 0 14 1
0 883 1 694 1 32 1
0 170 1 797 0 315 3
1 826 1 465 1 850 3
1 60 0 860 1 1007 2
0 299 3 436 0 463 1
1 540 0 293 1 889 1
1 369 0 217 3 407 1
1 812 2 230 2 162 0
0 886 0 482 1 574 0
1 611 2 906 1 821 0
1 801 3 533 1 565 3
-1 956 1 891 1 432 0
