0 144 1 2 0 174 3
1 109 2 37 2 114 3
0 225 0 227 1 120 1
0 89 2 61 3 22 1
1 0 0 249 1 153 3
1 41 3 199 2 122 1
1 21 2 222 2 142 2
0 78 1 38 1 230 3
0 124 1 40 2 222 0
1 119 1 140 2 137 0
0 34 1 180 3 167 0
1 94 3 46 0 78 3
1 203 1 251 0 161 2
1 62 1 106 2 40 3
1 142 2 137 2 99 0
1 42 1 211 3 145 0
0 43 2 251 1 33 0
1 187 3 97 1 44 2
0 12 1 5 1 15 2
0 212 3 56 2 206 2
1 12 3 110 1 49 1
0 107 2 195 1 94 1
1 87 0 17 3 67 0
1 145 2 19 2 71 2
0 8 0 50 1 246 3
0 59 1 195 2 108 0
1 75 3 213 3 192 2
1 114 3 215 0 237 2
0 39 2 214 0 227 0
0 243 3 66 3 16 1
0 70 2 241 0 136 2
1 111 0 34 0 47 2
0 82 0 251 0 243 2
1 224 3 213 0 127 1
1 190 0 251 0 63 0
0 181 3 105 2 4 0
0 20 2 234 1 38 2
1 193 3 26 3 21 0
0 34 1 58 3 193 3
0 49 1 226 3 54 1
1 152 2 118 0 62 0
0 245 2 61 1 62 3
1 246 2 161 0 4 1
0 93 0 178 0 242 0
0 224 1 20 2 187 3
0 226 2 197 3 167 0
0 43 3 15 1 48 1
1 74 1 88 0 142 0
1 67 3 57 1 20 0
1 168 3 164 2 166 0
0 188 1 197 0 253 0
0 239 0 89 2 154 1
0 41 1 244 3 56 3
1 8 1 127 3 232 3
1 143 1 40 2 77 2
1 177 1 45 1 41 3
0 10 3 204 2 69 3
0 143 0 58 3 90 1
1 138 0 184 0 11 1
1 50 3 106 3 97 2
1 63 2 96 2 117 0
1 8 2 250 0 208 0
1 229 2 71 3 197 1
1 183 2 84 3 60 2
1 18 0 95 3 158 2
0 17 1 197 1 74 3
1 47 1 169 2 61 1
1 100 2 22 3 99 0
1 246 3 60 2 221 3
0 177 1 9 2 120 2
0 172 0 14 1 158 3
0 215 0 181 3 251 0
0 9 3 94 2 72 3
0 22 3 64 2 142 0
0 129 3 25 3 235 3
0 109 2 63 3 87 0
1 180 2 214 1 194 0
0 145 0 44 2 55 1
0 35 2 68 1 223 1
1 97 2 179 0 93 3
0 134 0 19 3 153 0
1 36 3 192 2 227 2
0 83 2 194 1 165 0
0 254 0 147 2 122 1
1 82 3 225 3 99 0
1 79 2 77 2 83 2
0 92 3 154 1 212 3
1 9 1 173 0 197 0
0 140 3 168 0 27 1
0 24 0 241 0 98 3
0 164 1 220 0 135 1
1 7 2 200 1 89 3
0 244 0 81 3 67 2
0 95 2 48 0 65 1
1 125 1 44 3 179 0
1 31 0 49 1 29 1
1 14 3 161 0 130 2
1 180 2 212 1 179 1
0 153 3 83 3 101 1
0 89 2 229 0 99 2
1 242 2 234 1 111 3
0 211 1 208 0 210 0
0 125 0 75 3 216 3
1 52 0 64 1 90 1
0 172 0 250 2 171 0
1 69 1 235 1 125 2
1 100 0 147 0 229 3
0 155 1 93 0 208 2
1 152 3 103 3 230 2
1 143 3 165 1 28 3
0 192 2 140 1 63 3
0 142 3 32 1 158 3
0 251 0 15 1 67 1
1 121 3 229 2 178 2
0 244 1 13 3 237 3
1 16 2 126 2 81 1
0 228 3 208 2 238 2
1 155 0 230 3 36 1
0 80 2 73 0 8 1
0 80 1 16 0 26 1
0 69 1 132 2 252 1
0 40 2 95 1 200 3
0 77 3 226 3 182 3
1 27 2 216 3 248 0
0 78 1 64 3 130 2
1 255 2 242 2 49 2
0 10 1 78 2 102 3
0 130 1 82 0 36 2
1 10 3 205 0 249 3
0 240 2 216 0 58 0
1 7 1 106 3 78 1
1 199 0 191 3 189 1
1 60 3 103 1 209 1
0 75 2 202 1 81 0
1 33 2 93 2 35 3
1 142 1 174 1 181 1
0 123 2 182 1 84 0
1 175 1 50 1 6 3
1 207 3 176 3 23 0
0 65 0 203 0 251 3
1 141 3 10 1 190 3
1 17 3 147 0 212 1
0 155 0 171 0 25 2
0 196 2 236 2 234 3
0 1 0 219 0 154 1
1 11 2 54 2 46 2
0 227 3 242 2 72 2
1 91 2 89 3 242 2
1 17 2 128 0 95 0
0 103 0 23 0 206 1
0 209 1 95 3 184 1
0 216 3 92 1 134 0
1 182 2 47 0 75 3
1 236 1 15 0 58 3
1 152 1 34 3 105 2
0 9 3 10 3 69 2
1 12 1 53 1 127 2
0 104 1 66 0 151 3
1 241 3 24 3 132 0
0 97 2 80 1 108 3
1 233 2 119 2 93 0
0 254 3 203 2 178 2
0 214 0 106 1 217 1
0 229 0 65 0 124 3
1 185 1 41 2 30 1
1 178 2 167 3 76 1
0 126 1 102 3 150 0
0 89 3 158 2 39 0
1 156 0 206 1 184 1
1 50 0 224 2 166 2
0 152 2 161 1 73 2
0 172 0 166 3 129 1
0 195 1 112 3 239 1
1 231 2 250 3 77 3
1 204 1 78 1 25 1
0 162 2 33 1 100 0
1 7 3 33 3 185 0
0 61 3 163 1 40 0
0 111 2 217 2 64 0
0 193 1 168 1 36 3
1 63 2 96 2 117 0
1 8 2 250 0 208 0
1 229 2 71 3 197 1
1 183 2 84 3 60 2
1 18 0 95 3 158 2
0 17 1 197 1 74 3
1 47 1 169 2 61 1
1 100 2 22 3 99 0
1 246 3 60 2 221 3
0 177 1 9 2 120 2
0 172 0 14 1 158 3
0 215 0 181 3 251 0
0 9 3 94 2 72 3
0 22 3 64 2 142 0
0 129 3 25 3 235 3
0 109 2 63 3 87 0
1 180 2 214 1 194 0
0 145 0 44 2 55 1
0 35 2 68 1 223 1
1 97 2 179 0 93 3
0 134 0 19 3 153 0
1 36 3 192 2 227 2
0 83 2 194 1 165 0
0 254 0 147 2 122 1
1 82 3 225 3 99 0
1 79 2 77 2 83 2
0 92 3 154 1 212 3
1 9 1 173 0 197 0
0 140 3 168 0 27 1
0 24 0 241 0 98 3
1 63 2 96 2 117 0
1 8 2 250 0 208 0
1 229 2 71 3 197 1
1 183 2 84 3 60 2
1 18 0 95 3 158 2
0 17 1 197 1 74 3
1 47 1 169 2 61 1
1 100 2 22 3 99 0
1 246 3 60 2 221 3
0 177 1 9 2 120 2
0 172 0 14 1 158 3
0 215 0 181 3 251 0
0 9 3 94 2 72 3
0 22 3 64 2 142 0
0 129 3 25 3 235 3
0 109 2 63 3 87 0
1 180 2 214 1 194 0
0 145 0 44 2 55 1
0 35 2 68 1 223 1
1 97 2 179 0 93 3
0 134 0 19 3 153 0
1 36 3 192 2 227 2
0 83 2 194 1 165 0
0 254 0 147 2 122 1
1 82 3 225 3 99 0
1 79 2 77 2 83 2
0 92 3 154 1 212 3
1 9 1 173 0 197 0
0 140 3 168 0 27 1
0 24 0 241 0 98 3
1 63 2 96 2 117 0
1 8 2 250 0 208 0
1 229 2 71 3 197 1
1 183 2 84 3 60 2
1 18 0 95 3 158 2
0 17 1 197 1 74 3
1 47 1 169 2 61 1
1 100 2 22 3 99 0
1 246 3 60 2 221 3
0 177 1 9 2 120 2
0 172 0 14 1 158 3
0 215 0 181 3 251 0
0 9 3 94 2 72 3
0 22 3 64 2 142 0
0 129 3 25 3 235 3
0 109 2 63 3 87 0
1 180 2 214 1 194 0
0 145 0 44 2 55 1
0 35 2 68 1 223 1
1 97 2 179 0 93 3
0 134 0 19 3 153 0
1 36 3 192 2 227 2
0 83 2 194 1 165 0
0 254 0 147 2 122 1
1 82 3 225 3 99 0
1 79 2 77 2 83 2
0 92 3 154 1 212 3
1 9 1 173 0 197 0
0 140 3 168 0 27 1
0 24 0 241 0 98 3
1 63 2 96 2 117 0
1 8 2 250 0 208 0
1 229 2 71 3 197 1
1 183 2 84 3 60 2
1 18 0 95 3 158 2
0 17 1 197 1 74 3
1 47 1 169 2 61 1
1 100 2 22 3 99 0
1 246 3 60 2 221 3
0 177 1 9 2 120 2
0 172 0 14 1 158 3
0 215 0 181 3 251 0
0 9 3 94 2 72 3
0 22 3 64 2 142 0
0 129 3 25 3 235 3
0 109 2 63 3 87 0
1 180 2 214 1 194 0
0 145 0 44 2 55 1
0 35 2 68 1 223 1
1 97 2 179 0 93 3
0 134 0 19 3 153 0
1 36 3 192 2 227 2
0 83 2 194 1 165 0
0 254 0 147 2 122 1
1 82 3 225 3 99 0
1 79 2 77 2 83 2
0 92 3 154 1 212 3
1 9 1 173 0 197 0
0 140 3 168 0 27 1
0 24 0 241 0 98 3
1 203 2 178 3 215 0
0 46 0 150 3 191 2
0 134 1 200 0 205 2
0 126 0 55 3 116 2
1 20 2 178 2 177 1
1 21 3 208 1 206 1
0 254 2 212 2 152 1
1 167 0 245 3 152 2
1 231 0 170 0 114 2
1 178 2 247 2 10 3
1 42 0 67 3 133 2
0 20 2 66 0 205 1
0 227 2 151 2 101 3
0 121 2 7 1 50 2
1 125 1 136 2 253 3
0 138 0 2 2 246 2
0 31 1 168 1 143 3
1 31 0 63 1 90 0
1 138 1 29 1 170 3
1 239 0 41 3 136 2
0 70 1 58 0 141 3
1 103 3 75 1 116 0
1 57 0 160 0 115 1
0 181 1 135 2 184 1
0 241 3 17 0 177 2
1 42 3 179 0 32 0
0 75 0 46 2 184 3
1 128 1 214 2 227 2
0 68 3 216 3 88 2
1 166 2 132 0 181 0
1 63 2 96 2 117 0
1 8 2 250 0 208 0
1 229 2 71 3 197 1
1 183 2 84 3 60 2
1 18 0 95 3 158 2
0 17 1 197 1 74 3
1 47 1 169 2 61 1
1 100 2 22 3 99 0
1 246 3 60 2 221 3
0 177 1 9 2 120 2
0 172 0 14 1 158 3
0 215 0 181 3 251 0
0 9 3 94 2 72 3
0 22 3 64 2 142 0
0 129 3 25 3 235 3
0 109 2 63 3 87 0
1 180 2 214 1 194 0
0 145 0 44 2 55 1
0 35 2 68 1 223 1
1 97 2 179 0 93 3
0 134 0 19 3 153 0
1 36 3 192 2 227 2
0 83 2 194 1 165 0
0 254 0 147 2 122 1
1 82 3 225 3 99 0
1 79 2 77 2 83 2
0 92 3 154 1 212 3
1 9 1 173 0 197 0
0 140 3 168 0 27 1
0 24 0 241 0 98 3
1 63 2 96 2 117 0
1 8 2 250 0 208 0
1 229 2 71 3 197 1
1 183 2 84 3 60 2
1 18 0 95 3 158 2
0 17 1 197 1 74 3
1 47 1 169 2 61 1
1 100 2 22 3 99 0
1 246 3 60 2 221 3
0 177 1 9 2 120 2
0 172 0 14 1 158 3
0 215 0 181 3 251 0
0 9 3 94 2 72 3
0 22 3 64 2 142 0
0 129 3 25 3 235 3
0 109 2 63 3 87 0
1 180 2 214 1 194 0
0 145 0 44 2 55 1
0 35 2 68 1 223 1
1 97 2 179 0 93 3
0 134 0 19 3 153 0
1 36 3 192 2 227 2
0 83 2 194 1 165 0
0 254 0 147 2 122 1
1 82 3 225 3 99 0
1 79 2 77 2 83 2
0 92 3 154 1 212 3
1 9 1 173 0 197 0
0 140 3 168 0 27 1
0 24 0 241 0 98 3
1 63 2 96 2 117 0
1 8 2 250 0 208 0
1 229 2 71 3 197 1
1 183 2 84 3 60 2
1 18 0 95 3 158 2
0 17 1 197 1 74 3
1 47 1 169 2 61 1
1 100 2 22 3 99 0
1 246 3 60 2 221 3
0 177 1 9 2 120 2
0 172 0 14 1 158 3
0 215 0 181 3 251 0
0 9 3 94 2 72 3
0 22 3 64 2 142 0
0 129 3 25 3 235 3
0 109 2 63 3 87 0
1 180 2 214 1 194 0
0 145 0 44 2 55 1
0 35 2 68 1 223 1
1 97 2 179 0 93 3
0 134 0 19 3 153 0
1 36 3 192 2 227 2
0 83 2 194 1 165 0
0 254 0 147 2 122 1
1 82 3 225 3 99 0
1 79 2 77 2 83 2
0 92 3 154 1 212 3
1 9 1 173 0 197 0
0 140 3 168 0 27 1
0 24 0 241 0 98 3
1 63 2 96 2 117 0
1 8 2 250 0 208 0
1 229 2 71 3 197 1
1 183 2 84 3 60 2
1 18 0 95 3 158 2
0 17 1 197 1 74 3
1 47 1 169 2 61 1
1 100 2 22 3 99 0
1 246 3 60 2 221 3
0 177 1 9 2 120 2
0 172 0 14 1 158 3
0 215 0 181 3 251 0
0 9 3 94 2 72 3
0 22 3 64 2 142 0
0 129 3 25 3 235 3
0 109 2 63 3 87 0
1 180 2 214 1 194 0
0 145 0 44 2 55 1
0 35 2 68 1 223 1
1 97 2 179 0 93 3
0 134 0 19 3 153 0
1 36 3 192 2 227 2
0 83 2 194 1 165 0
0 254 0 147 2 122 1
1 82 3 225 3 99 0
1 79 2 77 2 83 2
0 92 3 154 1 212 3
1 9 1 173 0 197 0
0 140 3 168 0 27 1
0 24 0 241 0 98 3
1 63 2 96 2 117 0
1 8 2 250 0 208 0
1 229 2 71 3 197 1
1 183 2 84 3 60 2
1 18 0 95 3 158 2
0 17 1 197 1 74 3
1 47 1 169 2 61 1
1 100 2 22 3 99 0
1 246 3 60 2 221 3
0 177 1 9 2 120 2
0 172 0 14 1 158 3
0 215 0 181 3 251 0
0 9 3 94 2 72 3
0 22 3 64 2 142 0
0 129 3 25 3 235 3
0 109 2 63 3 87 0
1 180 2 214 1 194 0
0 145 0 44 2 55 1
0 35 2 68 1 223 1
1 97 2 179 0 93 3
0 134 0 19 3 153 0
1 36 3 192 2 227 2
0 83 2 194 1 165 0
0 254 0 147 2 122 1
1 82 3 225 3 99 0
1 79 2 77 2 83 2
0 92 3 154 1 212 3
1 9 1 173 0 197 0
0 140 3 168 0 27 1
0 24 0 241 0 98 3
1 16 3 252 0 207 0
0 26 3 2 0 61 1
1 204 3 220 0 142 2
1 8 0 60 1 144 1
0 103 2 60 1 190 1
1 153 2 184 1 190 2
1 152 3 5 2 229 1
0 60 0 252 0 156 2
1 247 3 46 2 58 0
1 207 2 49 3 74 0
1 150 2 21 2 146 3
1 244 1 233 2 35 3
0 173 0 133 2 225 3
0 243 3 64 2 31 0
0 49 1 36 1 201 2
1 246 2 227 3 211 0
1 118 0 254 0 180 3
0 141 2 155 1 132 0
0 40 2 92 2 91 3
0 171 1 106 2 20 0
0 61 1 59 0 215 3
1 167 2 102 0 176 3
1 177 3 241 1 142 2
1 230 1 205 2 137 3
0 40 2 229 3 141 3
1 50 3 6 0 249 2
1 207 0 100 0 60 3
0 241 2 148 1 228 0
1 15 2 1 2 110 0
0 182 1 36 2 62 0
1 63 2 96 2 117 0
1 8 2 250 0 208 0
1 229 2 71 3 197 1
1 183 2 84 3 60 2
1 18 0 95 3 158 2
0 17 1 197 1 74 3
1 47 1 169 2 61 1
1 100 2 22 3 99 0
1 246 3 60 2 221 3
0 177 1 9 2 120 2
0 172 0 14 1 158 3
0 215 0 181 3 251 0
0 9 3 94 2 72 3
0 22 3 64 2 142 0
0 129 3 25 3 235 3
0 109 2 63 3 87 0
1 180 2 214 1 194 0
0 145 0 44 2 55 1
0 35 2 68 1 223 1
1 97 2 179 0 93 3
0 134 0 19 3 153 0
1 36 3 192 2 227 2
0 83 2 194 1 165 0
0 254 0 147 2 122 1
1 82 3 225 3 99 0
1 79 2 77 2 83 2
0 92 3 154 1 212 3
1 9 1 173 0 197 0
0 140 3 168 0 27 1
0 24 0 241 0 98 3
1 63 2 96 2 117 0
1 8 2 250 0 208 0
1 229 2 71 3 197 1
1 183 2 84 3 60 2
1 18 0 95 3 158 2
0 17 1 197 1 74 3
1 47 1 169 2 61 1
1 100 2 22 3 99 0
1 246 3 60 2 221 3
0 177 1 9 2 120 2
0 172 0 14 1 158 3
0 215 0 181 3 251 0
0 9 3 94 2 72 3
0 22 3 64 2 142 0
0 129 3 25 3 235 3
0 109 2 63 3 87 0
1 180 2 214 1 194 0
0 145 0 44 2 55 1
0 35 2 68 1 223 1
1 97 2 179 0 93 3
0 134 0 19 3 153 0
1 36 3 192 2 227 2
0 83 2 194 1 165 0
0 254 0 147 2 122 1
1 82 3 225 3 99 0
1 79 2 77 2 83 2
0 92 3 154 1 212 3
1 9 1 173 0 197 0
0 140 3 168 0 27 1
0 24 0 241 0 98 3
1 240 2 250 3 47 3
1 222 1 48 3 240 2
1 62 2 147 1 235 3
1 62 0 255 1 151 1
0 203 1 119 2 188 2
0 12 1 226 2 217 1
0 108 3 114 3 5 1
0 131 2 247 3 59 1
1 121 0 31 1 159 1
0 248 1 233 1 189 0
1 251 0 106 2 73 1
0 88 1 88 2 177 3
1 210 3 239 3 23 3
0 70 2 240 2 121 2
1 113 2 152 1 15 3
0 86 3 100 2 59 0
0 10 2 24 3 66 3
0 16 3 183 1 173 1
1 55 0 3 1 244 2
0 200 3 163 1 127 1
0 139 3 188 0 186 1
1 110 3 0 1 17 1
0 145 1 119 3 149 2
0 217 1 110 1 120 3
0 22 1 237 2 112 2
0 70 2 188 1 253 2
0 222 3 166 1 142 3
0 252 1 186 2 156 2
0 21 3 227 1 201 1
1 85 0 119 2 50 3
1 63 2 96 2 117 0
1 8 2 250 0 208 0
1 229 2 71 3 197 1
1 183 2 84 3 60 2
1 18 0 95 3 158 2
0 17 1 197 1 74 3
1 47 1 169 2 61 1
1 100 2 22 3 99 0
1 246 3 60 2 221 3
0 177 1 9 2 120 2
0 172 0 14 1 158 3
0 215 0 181 3 251 0
0 9 3 94 2 72 3
0 22 3 64 2 142 0
0 129 3 25 3 235 3
0 109 2 63 3 87 0
1 180 2 214 1 194 0
0 145 0 44 2 55 1
0 35 2 68 1 223 1
1 97 2 179 0 93 3
0 134 0 19 3 153 0
1 36 3 192 2 227 2
0 83 2 194 1 165 0
0 254 0 147 2 122 1
1 82 3 225 3 99 0
1 79 2 77 2 83 2
0 92 3 154 1 212 3
1 9 1 173 0 197 0
0 140 3 168 0 27 1
0 24 0 241 0 98 3
1 63 2 96 2 117 0
1 8 2 250 0 208 0
1 229 2 71 3 197 1
1 183 2 84 3 60 2
1 18 0 95 3 158 2
0 17 1 197 1 74 3
1 47 1 169 2 61 1
1 100 2 22 3 99 0
1 246 3 60 2 221 3
0 177 1 9 2 120 2
0 172 0 14 1 158 3
0 215 0 181 3 251 0
0 9 3 94 2 72 3
0 22 3 64 2 142 0
0 129 3 25 3 235 3
0 109 2 63 3 87 0
1 180 2 214 1 194 0
0 145 0 44 2 55 1
0 35 2 68 1 223 1
1 97 2 179 0 93 3
0 134 0 19 3 153 0
1 36 3 192 2 227 2
0 83 2 194 1 165 0
0 254 0 147 2 122 1
1 82 3 225 3 99 0
1 79 2 77 2 83 2
0 92 3 154 1 212 3
1 9 1 173 0 197 0
0 140 3 168 0 27 1
0 24 0 241 0 98 3
1 63 2 96 2 117 0
1 8 2 250 0 208 0
1 229 2 71 3 197 1
1 183 2 84 3 60 2
1 18 0 95 3 158 2
0 17 1 197 1 74 3
1 47 1 169 2 61 1
1 100 2 22 3 99 0
1 246 3 60 2 221 3
0 177 1 9 2 120 2
0 172 0 14 1 158 3
0 215 0 181 3 251 0
0 9 3 94 2 72 3
0 22 3 64 2 142 0
0 129 3 25 3 235 3
0 109 2 63 3 87 0
1 180 2 214 1 194 0
0 145 0 44 2 55 1
0 35 2 68 1 223 1
1 97 2 179 0 93 3
0 134 0 19 3 153 0
1 36 3 192 2 227 2
0 83 2 194 1 165 0
0 254 0 147 2 122 1
1 82 3 225 3 99 0
1 79 2 77 2 83 2
0 92 3 154 1 212 3
1 9 1 173 0 197 0
0 140 3 168 0 27 1
0 24 0 241 0 98 3
1 63 2 96 2 117 0
1 8 2 250 0 208 0
1 229 2 71 3 197 1
1 183 2 84 3 60 2
1 18 0 95 3 158 2
0 17 1 197 1 74 3
1 47 1 169 2 61 1
1 100 2 22 3 99 0
1 246 3 60 2 221 3
0 177 1 9 2 120 2
0 172 0 14 1 158 3
0 215 0 181 3 251 0
0 9 3 94 2 72 3
0 22 3 64 2 142 0
0 129 3 25 3 235 3
0 109 2 63 3 87 0
1 180 2 214 1 194 0
0 145 0 44 2 55 1
0 35 2 68 1 223 1
1 97 2 179 0 93 3
0 134 0 19 3 153 0
1 36 3 192 2 227 2
0 83 2 194 1 165 0
0 254 0 147 2 122 1
1 82 3 225 3 99 0
1 79 2 77 2 83 2
0 92 3 154 1 212 3
1 9 1 173 0 197 0
0 140 3 168 0 27 1
0 24 0 241 0 98 3
1 63 2 96 2 117 0
1 8 2 250 0 208 0
1 229 2 71 3 197 1
1 183 2 84 3 60 2
1 18 0 95 3 158 2
0 17 1 197 1 74 3
1 47 1 169 2 61 1
1 100 2 22 3 99 0
1 246 3 60 2 221 3
0 177 1 9 2 120 2
0 172 0 14 1 158 3
0 215 0 181 3 251 0
0 9 3 94 2 72 3
0 22 3 64 2 142 0
0 129 3 25 3 235 3
0 109 2 63 3 87 0
1 180 2 214 1 194 0
0 145 0 44 2 55 1
0 35 2 68 1 223 1
1 97 2 179 0 93 3
0 134 0 19 3 153 0
1 36 3 192 2 227 2
0 83 2 194 1 165 0
0 254 0 147 2 122 1
1 82 3 225 3 99 0
1 79 2 77 2 83 2
0 92 3 154 1 212 3
1 9 1 173 0 197 0
0 140 3 168 0 27 1
0 24 0 241 0 98 3
1 63 2 96 2 117 0
1 8 2 250 0 208 0
1 229 2 71 3 197 1
1 183 2 84 3 60 2
1 18 0 95 3 158 2
0 17 1 197 1 74 3
1 47 1 169 2 61 1
1 100 2 22 3 99 0
1 246 3 60 2 221 3
0 177 1 9 2 120 2
0 172 0 14 1 158 3
0 215 0 181 3 251 0
0 9 3 94 2 72 3
0 22 3 64 2 142 0
0 129 3 25 3 235 3
0 109 2 63 3 87 0
1 180 2 214 1 194 0
0 145 0 44 2 55 1
0 35 2 68 1 223 1
1 97 2 179 0 93 3
0 134 0 19 3 153 0
1 36 3 192 2 227 2
0 83 2 194 1 165 0
0 254 0 147 2 122 1
1 82 3 225 3 99 0
1 79 2 77 2 83 2
0 92 3 154 1 212 3
1 9 1 173 0 197 0
0 140 3 168 0 27 1
0 24 0 241 0 98 3
0 17 3 130 1 179 2
0 156 0 34 1 79 3
1 68 3 125 1 247 3
0 126 2 1 2 239 3
0 112 2 212 3 141 0
1 6 3 57 3 136 2
1 128 0 251 2 154 0
1 83 2 95 2 49 2
1 140 1 34 3 24 3
0 147 3 14 1 194 0
0 239 1 250 2 152 3
0 226 1 241 0 73 2
0 129 0 192 1 187 1
1 26 1 255 0 38 1
1 81 3 176 0 57 3
0 194 2 228 0 165 0
0 111 3 52 2 136 3
0 149 3 195 1 247 0
0 166 0 105 3 135 0
0 93 1 219 3 215 0
1 57 2 207 3 182 0
1 18 3 179 2 62 3
1 1 2 65 0 228 2
0 127 1 217 3 234 0
1 124 2 137 0 92 1
1 221 3 89 3 182 2
1 171 3 36 3 237 3
0 32 3 114 1 231 1
0 211 0 29 0 111 3
1 236 0 59 2 250 3
1 63 2 96 2 117 0
1 8 2 250 0 208 0
1 229 2 71 3 197 1
1 183 2 84 3 60 2
1 18 0 95 3 158 2
0 17 1 197 1 74 3
1 47 1 169 2 61 1
1 100 2 22 3 99 0
1 246 3 60 2 221 3
0 177 1 9 2 120 2
0 172 0 14 1 158 3
0 215 0 181 3 251 0
0 9 3 94 2 72 3
0 22 3 64 2 142 0
0 129 3 25 3 235 3
0 109 2 63 3 87 0
1 180 2 214 1 194 0
0 145 0 44 2 55 1
0 35 2 68 1 223 1
1 97 2 179 0 93 3
0 134 0 19 3 153 0
1 36 3 192 2 227 2
0 83 2 194 1 165 0
0 254 0 147 2 122 1
1 82 3 225 3 99 0
1 79 2 77 2 83 2
0 92 3 154 1 212 3
1 9 1 173 0 197 0
0 140 3 168 0 27 1
0 24 0 241 0 98 3
1 63 2 96 2 117 0
1 8 2 250 0 208 0
1 229 2 71 3 197 1
1 183 2 84 3 60 2
1 18 0 95 3 158 2
0 17 1 197 1 74 3
1 47 1 169 2 61 1
1 100 2 22 3 99 0
1 246 3 60 2 221 3
0 177 1 9 2 120 2
0 172 0 14 1 158 3
0 215 0 181 3 251 0
0 9 3 94 2 72 3
0 22 3 64 2 142 0
0 129 3 25 3 235 3
0 109 2 63 3 87 0
1 180 2 214 1 194 0
0 145 0 44 2 55 1
0 35 2 68 1 223 1
1 97 2 179 0 93 3
0 134 0 19 3 153 0
1 36 3 192 2 227 2
0 83 2 194 1 165 0
0 254 0 147 2 122 1
1 82 3 225 3 99 0
1 79 2 77 2 83 2
0 92 3 154 1 212 3
1 9 1 173 0 197 0
0 140 3 168 0 27 1
0 24 0 241 0 98 3
1 124 2 4 1 143 2
0 110 0 51 1 162 2
1 74 2 102 3 254 2
1 139 3 233 1 237 3
0 119 2 90 1 103 2
0 30 0 78 1 202 2
0 32 3 249 0 173 0
1 72 1 69 2 106 3
1 164 0 223 0 95 1
0 245 3 138 1 48 0
1 193 0 4 3 112 3
1 33 3 19 0 45 0
1 50 2 140 2 135 2
0 145 0 107 0 88 1
0 2 3 102 1 137 3
1 237 2 193 1 2 0
0 205 3 207 1 49 0
0 125 0 157 2 62 1
0 159 2 15 3 196 3
1 8 2 119 1 44 2
0 61 1 16 2 80 0
0 117 1 167 0 106 1
1 243 1 155 0 242 0
0 67 2 98 1 24 0
0 65 2 100 1 18 0
0 247 0 205 0 55 0
0 248 0 41 2 163 2
0 11 2 62 1 67 3
1 171 2 143 2 188 2
1 11 3 70 3 95 1
1 63 2 96 2 117 0
1 8 2 250 0 208 0
1 229 2 71 3 197 1
1 183 2 84 3 60 2
1 18 0 95 3 158 2
0 17 1 197 1 74 3
1 47 1 169 2 61 1
1 100 2 22 3 99 0
1 246 3 60 2 221 3
0 177 1 9 2 120 2
0 172 0 14 1 158 3
0 215 0 181 3 251 0
0 9 3 94 2 72 3
0 22 3 64 2 142 0
0 129 3 25 3 235 3
0 109 2 63 3 87 0
1 180 2 214 1 194 0
0 145 0 44 2 55 1
0 35 2 68 1 223 1
1 97 2 179 0 93 3
0 134 0 19 3 153 0
1 36 3 192 2 227 2
0 83 2 194 1 165 0
0 254 0 147 2 122 1
1 82 3 225 3 99 0
1 79 2 77 2 83 2
0 92 3 154 1 212 3
1 9 1 173 0 197 0
0 140 3 168 0 27 1
0 24 0 241 0 98 3
1 63 2 96 2 117 0
1 8 2 250 0 208 0
1 229 2 71 3 197 1
1 183 2 84 3 60 2
1 18 0 95 3 158 2
0 17 1 197 1 74 3
1 47 1 169 2 61 1
1 100 2 22 3 99 0
1 246 3 60 2 221 3
0 177 1 9 2 120 2
0 172 0 14 1 158 3
0 215 0 181 3 251 0
0 9 3 94 2 72 3
0 22 3 64 2 142 0
0 129 3 25 3 235 3
0 109 2 63 3 87 0
1 180 2 214 1 194 0
0 145 0 44 2 55 1
0 35 2 68 1 223 1
1 97 2 179 0 93 3
0 134 0 19 3 153 0
1 36 3 192 2 227 2
0 83 2 194 1 165 0
0 254 0 147 2 122 1
1 82 3 225 3 99 0
1 79 2 77 2 83 2
0 92 3 154 1 212 3
1 9 1 173 0 197 0
0 140 3 168 0 27 1
0 24 0 241 0 98 3
1 63 2 96 2 117 0
1 8 2 250 0 208 0
1 229 2 71 3 197 1
1 183 2 84 3 60 2
1 18 0 95 3 158 2
0 17 1 197 1 74 3
1 47 1 169 2 61 1
1 100 2 22 3 99 0
1 246 3 60 2 221 3
0 177 1 9 2 120 2
0 172 0 14 1 158 3
0 215 0 181 3 251 0
0 9 3 94 2 72 3
0 22 3 64 2 142 0
0 129 3 25 3 235 3
0 109 2 63 3 87 0
1 180 2 214 1 194 0
0 145 0 44 2 55 1
0 35 2 68 1 223 1
1 97 2 179 0 93 3
0 134 0 19 3 153 0
1 36 3 192 2 227 2
0 83 2 194 1 165 0
0 254 0 147 2 122 1
1 82 3 225 3 99 0
1 79 2 77 2 83 2
0 92 3 154 1 212 3
1 9 1 173 0 197 0
0 140 3 168 0 27 1
-1 24 0 241 0 98 3
