1 68 1 11 2 84 1
1 86 2 224 3 220 1
1 245 3 238 3 244 0
0 51 1 103 1 250 1
1 180 3 44 0 23 2
0 88 0 68 1 61 2
0 80 0 47 0 162 0
1 201 2 253 0 37 1
1 76 2 253 0 246 3
0 164 0 190 2 174 1
1 169 0 34 1 105 2
1 126 3 85 3 38 2
0 83 0 116 0 231 3
0 22 2 225 0 64 1
1 130 0 173 3 176 0
0 190 1 35 0 30 0
1 186 2 83 3 42 3
0 206 0 185 3 58 3
1 53 2 104 1 63 3
1 236 1 174 2 121 0
1 207 1 202 0 195 2
1 32 1 23 0 205 2
1 213 1 94 1 214 0
0 231 1 193 1 53 1
0 65 1 79 2 56 2
0 190 0 26 1 249 0
1 73 1 8 3 14 1
1 222 3 212 2 114 0
1 84 3 186 0 140 2
1 36 3 254 3 191 3
1 166 3 134 0 117 2
1 86 3 124 2 59 1
0 102 0 165 1 124 1
0 69 1 41 2 137 0
1 205 0 33 3 229 0
1 121 3 16 3 147 3
1 162 2 2 3 248 1
1 116 3 115 0 214 2
0 71 0 254 2 37 3
1 162 0 158 3 196 3
0 3 2 254 3 229 3
1 149 1 182 2 42 2
1 93 1 36 0 195 0
0 38 0 13 1 228 1
1 141 2 22 0 17 2
1 132 1 151 3 53 1
1 123 1 177 3 48 1
1 100 2 147 0 168 0
0 199 1 120 1 119 1
1 197 3 147 3 67 3
1 198 1 88 3 29 3
0 15 1 90 3 109 0
0 124 1 156 3 180 2
1 110 0 77 2 228 2
0 252 0 31 3 21 0
0 187 0 110 2 132 0
0 179 0 34 3 202 0
0 82 0 22 0 220 2
1 140 3 86 3 92 3
0 166 1 234 2 190 1
1 236 2 238 3 21 0
1 112 2 190 1 77 3
1 246 2 219 2 8 0
1 201 0 100 0 56 1
1 157 1 131 0 138 0
0 155 3 154 0 35 3
1 102 3 141 2 94 0
0 32 2 150 1 105 3
1 237 1 157 0 55 3
0 106 0 214 1 192 2
0 140 0 14 2 111 3
1 53 3 77 1 105 3
0 175 2 18 0 248 1
1 99 0 253 2 233 2
0 190 3 190 3 243 3
1 243 0 151 1 132 1
1 161 0 234 0 118 1
0 99 1 199 2 241 0
1 80 0 244 1 101 2
0 170 1 41 2 255 2
0 231 3 189 1 102 3
1 81 2 34 1 36 3
1 51 2 126 0 95 3
1 94 2 14 0 42 3
0 194 2 77 0 255 0
1 3 2 131 3 119 3
0 205 0 92 2 56 3
1 85 0 151 2 167 2
0 150 0 100 1 189 0
1 113 3 110 3 110 2
1 24 2 185 3 221 1
0 224 2 126 0 249 2
0 27 0 240 2 85 3
0 25 1 67 2 77 2
1 255 0 42 0 237 2
1 105 0 93 2 80 0
1 226 1 93 1 248 2
0 178 1 76 0 130 3
0 245 0 43 3 24 2
0 189 3 79 2 147 2
0 12 3 50 2 204 0
1 20 1 5 3 82 1
1 215 2 215 3 185 2
1 156 2 228 1 175 0
1 71 0 240 2 168 0
1 103 1 171 3 196 1
0 4 0 231 3 177 3
0 126 0 75 2 31 1
1 9 1 39 0 15 1
1 139 1 8 0 203 0
0 186 3 237 0 135 3
1 168 3 187 0 189 0
1 16 3 218 1 112 0
0 200 1 125 1 183 1
0 179 2 210 0 190 2
1 112 0 34 0 200 0
1 25 1 21 3 156 1
0 184 3 80 0 222 0
0 0 1 142 3 119 3
1 205 0 18 1 53 0
1 224 0 204 1 136 1
1 113 0 56 3 134 2
0 38 0 39 0 71 1
1 35 2 232 3 58 3
0 89 3 247 1 69 3
1 246 1 38 3 22 2
0 120 1 236 1 90 0
1 76 2 63 2 25 3
0 46 3 235 1 61 1
1 224 2 87 2 126 0
1 180 3 243 3 202 0
1 234 1 148 0 42 3
1 120 1 251 3 175 3
1 73 0 151 2 228 1
0 225 0 208 2 57 3
1 236 1 58 1 44 2
0 194 1 80 1 109 1
0 249 3 215 0 145 3
0 103 1 152 3 182 0
1 95 3 129 1 205 1
1 59 2 5 0 212 2
0 213 3 242 1 27 2
1 112 1 22 2 206 0
0 120 3 35 3 119 2
1 59 1 135 0 13 1
1 132 0 188 3 211 3
1 126 3 76 2 241 1
1 222 0 239 1 94 3
1 249 2 44 0 131 1
1 99 2 77 3 113 0
0 78 3 45 2 8 2
1 60 0 185 3 199 0
1 138 1 18 1 165 3
1 171 2 140 3 254 0
1 237 3 153 2 84 1
1 7 2 128 0 154 0
1 30 0 59 0 221 3
1 225 2 255 2 2 0
1 25 1 153 2 138 2
1 141 2 226 2 43 1
0 118 0 230 1 208 2
1 127 0 209 3 240 2
1 218 0 221 2 44 0
0 63 1 190 1 69 2
0 169 2 47 2 215 1
0 225 2 37 2 206 0
0 96 0 115 2 42 1
0 64 0 39 3 121 2
1 25 0 234 1 191 3
0 114 3 154 1 41 0
0 32 3 201 0 185 3
0 46 2 145 2 165 2
1 176 3 189 1 189 3
0 23 1 31 2 56 2
0 42 1 229 3 115 1
0 47 1 55 3 200 2
0 95 2 125 2 180 2
1 220 2 249 0 80 2
1 205 2 228 2 177 2
1 64 1 203 1 4 0
0 217 0 203 3 171 3
0 221 1 17 3 136 0
1 110 2 177 2 37 3
0 186 1 98 0 244 1
1 140 3 239 2 138 3
0 120 2 131 3 173 1
1 165 1 7 0 188 3
1 37 1 159 3 49 2
1 225 2 244 0 20 3
1 177 0 101 2 104 0
1 154 0 169 2 178 0
0 66 0 30 3 31 2
0 181 0 5 3 42 0
1 230 1 213 2 174 0
1 159 0 224 3 247 0
1 83 1 35 3 253 0
1 23 0 7 3 62 2
1 180 3 70 0 105 3
0 15 1 54 0 193 2
1 174 0 132 0 45 3
1 68 2 119 2 21 3
0 40 1 11 2 100 3
1 102 1 114 1 115 2
0 130 0 212 1 192 3
1 224 3 134 1 194 1
0 43 1 37 1 124 0
1 161 1 211 1 173 2
1 232 2 209 3 69 2
0 118 2 115 3 223 2
0 40 0 73 0 6 2
1 215 0 145 2 180 2
0 45 0 16 1 212 0
0 50 0 41 0 14 0
1 255 2 53 0 123 0
1 25 3 145 0 5 2
1 94 2 231 3 85 0
1 222 1 26 1 176 1
1 46 0 53 0 107 1
1 135 0 104 3 53 2
0 21 0 155 0 22 0
0 27 3 91 3 228 0
1 62 3 241 0 160 1
0 180 3 148 2 12 2
0 131 1 203 1 141 3
1 226 2 0 1 195 0
0 108 2 121 0 145 3
1 60 1 245 2 225 3
0 191 3 28 0 106 0
0 58 3 186 3 218 1
1 154 2 147 3 11 2
1 163 3 146 0 56 1
0 78 0 39 0 225 1
0 58 2 174 0 232 1
1 117 1 67 0 27 1
0 113 2 138 3 154 2
0 243 1 160 2 54 0
1 66 3 153 1 218 0
0 231 1 156 1 62 3
0 139 0 88 1 181 3
1 184 1 199 0 137 2
0 118 1 34 3 4 2
1 191 2 199 1 204 3
0 213 3 76 3 181 1
1 61 3 20 1 227 2
1 124 1 127 3 162 3
1 159 2 81 3 162 0
1 5 0 71 3 225 3
0 65 3 31 2 130 0
1 120 0 75 1 142 0
0 39 0 185 1 16 0
1 202 3 182 2 121 2
0 110 2 205 2 98 3
0 68 3 167 3 67 2
0 96 2 58 2 2 1
1 30 0 209 1 207 0
1 106 0 193 0 12 2
1 244 2 144 1 18 1
0 107 3 214 3 114 3
0 232 0 21 0 165 1
0 26 3 2 0 163 2
1 137 1 128 0 164 2
0 107 1 163 0 13 0
1 214 2 255 1 198 2
1 57 1 233 3 44 0
1 245 2 72 3 176 0
1 176 3 90 2 36 2
0 121 0 10 2 232 3
0 26 1 78 0 30 2
0 80 2 44 2 254 2
1 37 1 29 3 214 1
0 163 0 254 2 211 2
1 180 0 66 2 134 1
1 171 3 224 3 155 0
0 64 0 176 3 155 2
1 240 2 41 3 174 0
1 146 0 147 0 246 0
1 144 2 86 1 180 0
0 58 1 252 3 157 2
0 107 3 193 3 45 2
0 99 1 23 3 50 3
0 124 1 202 0 2 0
0 65 3 12 0 184 2
0 173 3 112 0 174 0
0 161 2 0 0 201 0
0 198 2 151 0 9 0
1 19 1 124 2 51 0
1 70 1 181 1 13 1
1 92 3 178 1 53 2
0 67 2 160 3 52 1
0 65 1 72 2 218 0
1 160 3 162 0 65 1
1 195 2 182 2 33 2
1 70 2 50 2 143 2
0 92 1 95 3 238 1
1 23 3 213 0 59 1
1 240 0 229 0 252 0
0 219 3 27 1 196 0
0 94 1 108 0 76 0
0 86 3 181 2 251 0
0 248 0 205 1 190 0
1 163 2 236 1 194 0
1 186 2 243 3 42 0
0 89 1 65 2 156 1
1 251 0 137 1 124 0
1 253 0 13 0 105 0
0 9 0 49 1 76 3
1 47 0 3 0 96 1
1 151 1 252 3 86 3
0 236 2 73 0 240 1
1 122 0 225 3 18 1
1 81 3 59 1 158 1
1 186 1 40 2 116 1
0 166 1 231 1 63 2
1 201 3 142 3 44 1
1 212 3 16 2 42 0
0 239 2 217 3 230 2
1 144 1 217 0 52 2
0 12 1 217 0 53 2
1 228 1 108 1 145 1
0 58 0 3 1 39 0
1 219 2 53 1 248 1
1 253 3 44 1 193 3
1 126 3 145 3 148 2
1 255 2 15 1 199 3
1 95 2 244 3 164 1
0 135 1 162 1 167 1
0 107 3 252 3 229 0
1 48 2 103 0 89 2
0 183 2 235 1 21 2
0 143 1 55 1 144 0
1 128 1 121 2 38 2
0 187 3 64 1 157 0
1 158 3 7 1 12 1
1 4 1 44 2 192 2
1 21 1 136 0 31 0
0 51 2 167 3 238 3
0 137 0 204 3 138 1
1 41 2 189 0 37 1
0 195 1 240 3 63 1
1 190 2 207 1 237 3
0 134 2 16 2 106 2
1 34 2 7 3 158 3
1 98 3 161 3 86 0
1 62 1 153 3 111 1
1 84 0 244 2 64 0
1 190 3 52 1 141 0
1 67 3 207 2 145 3
0 195 3 101 0 164 1
1 195 0 36 3 113 0
0 132 1 233 0 159 0
1 170 3 76 0 182 0
0 49 1 24 1 138 2
1 78 2 80 0 148 1
1 0 1 241 1 219 2
0 143 0 38 0 161 1
1 46 2 111 0 146 1
0 247 3 235 0 9 2
0 79 2 43 1 233 3
0 149 0 130 0 255 2
0 79 0 131 3 144 1
1 99 0 35 0 215 1
1 233 0 177 3 165 2
0 75 3 184 3 74 2
1 131 2 156 2 233 1
0 54 3 32 1 203 2
1 174 3 74 1 229 3
1 162 3 175 2 5 2
0 191 3 58 0 248 2
0 177 2 129 0 207 1
1 53 2 18 0 134 3
1 176 3 123 1 57 0
1 235 3 97 3 193 2
0 137 2 20 2 135 1
0 80 1 104 2 189 3
1 163 3 53 2 47 0
1 13 2 37 1 217 0
1 11 3 213 3 51 3
0 227 3 24 1 156 0
1 8 2 27 1 112 2
1 181 1 119 3 149 2
0 110 3 42 1 192 3
1 231 3 202 1 227 2
0 62 3 232 1 250 0
1 168 1 47 0 114 1
1 120 3 93 2 48 0
1 186 0 171 2 10 3
1 53 1 118 0 197 2
0 208 1 90 1 196 3
1 85 1 90 1 45 1
0 170 0 90 0 139 3
1 107 1 146 2 118 2
0 100 3 197 2 163 2
0 179 1 170 0 232 2
1 193 2 21 3 117 1
0 41 1 31 3 98 3
1 84 1 202 2 19 0
1 34 2 176 0 56 0
0 209 3 37 2 46 0
1 250 0 111 2 198 0
0 247 1 90 2 115 2
1 171 1 35 0 240 1
0 195 3 135 3 136 2
0 109 2 222 0 68 2
0 248 2 75 3 40 1
0 175 0 204 0 128 3
0 29 3 220 3 8 0
1 12 0 176 2 161 1
0 126 1 228 3 138 2
1 3 2 130 0 208 3
1 211 2 147 3 114 0
1 156 1 44 1 190 2
1 155 0 166 2 15 1
1 73 0 98 3 89 1
1 80 3 85 3 153 3
0 151 2 249 2 213 2
0 247 1 94 1 182 0
0 145 3 83 2 133 2
0 196 1 177 2 101 2
0 231 1 185 1 246 2
0 190 2 104 2 183 1
1 49 0 186 1 72 2
1 175 1 9 2 37 3
0 229 0 229 2 193 3
0 199 0 70 1 105 3
1 225 3 122 1 0 3
0 174 0 188 1 23 0
1 146 3 232 0 101 0
0 5 1 97 2 115 0
0 27 0 47 2 138 1
1 133 2 149 3 53 0
1 20 3 127 1 217 1
1 51 2 30 3 55 2
1 177 3 172 3 166 0
1 110 1 116 2 67 0
1 115 0 80 1 89 2
0 188 0 36 1 124 0
1 176 3 178 3 140 2
0 161 2 59 0 22 3
0 149 2 201 2 36 0
0 233 2 237 2 90 3
0 116 1 242 2 207 1
1 36 0 252 3 39 0
1 119 3 59 0 117 3
1 78 3 139 1 107 1
1 13 1 70 0 114 3
1 213 2 96 2 88 0
1 174 0 55 2 191 0
1 118 1 189 0 48 0
1 210 1 43 1 73 0
0 181 3 91 2 5 0
0 31 2 40 0 45 1
1 206 3 50 1 193 3
1 67 0 131 2 147 1
0 119 3 14 3 78 1
1 251 2 50 2 89 2
0 208 2 29 0 186 2
1 36 1 137 2 213 2
1 73 1 253 0 164 3
1 253 0 74 1 76 2
1 112 2 250 1 98 3
1 215 1 21 0 249 3
0 225 3 114 2 146 3
1 231 0 151 0 183 2
0 204 3 158 3 28 0
1 250 3 18 0 168 1
0 204 1 49 0 206 0
0 58 2 9 1 112 1
1 15 1 133 3 19 2
1 66 3 60 0 228 3
0 243 1 93 3 128 2
0 53 0 56 0 48 1
0 166 0 88 0 34 3
1 151 0 30 1 233 3
0 111 1 170 0 210 0
1 17 1 127 0 139 0
1 167 0 190 2 2 0
0 113 1 76 1 69 2
1 142 3 197 2 184 0
1 124 0 88 1 48 2
1 126 1 101 2 183 1
0 114 0 221 3 55 0
1 38 2 1 1 1 0
1 83 0 250 2 98 1
1 217 2 80 2 60 0
0 68 1 45 0 69 2
0 25 2 67 2 159 1
1 164 2 49 0 182 3
1 215 3 99 0 110 0
1 181 0 209 0 33 2
0 41 1 47 2 51 2
0 227 1 126 2 15 0
1 108 0 44 0 54 3
1 16 2 218 2 190 0
1 254 2 148 1 221 1
1 108 1 112 1 216 3
1 24 0 244 0 251 2
0 191 1 78 0 174 2
1 117 2 22 3 66 2
1 58 3 66 3 129 2
1 201 1 6 3 71 1
1 31 3 227 2 190 2
1 44 0 26 1 222 3
0 230 3 181 3 60 3
0 13 1 63 3 184 1
1 163 3 255 0 213 2
0 75 2 247 3 139 1
1 226 2 48 0 249 1
0 124 1 214 3 42 0
1 45 0 237 1 10 0
1 148 2 91 2 82 3
1 247 2 22 3 159 0
0 101 1 110 2 35 3
0 169 2 97 3 4 3
1 174 2 251 1 114 3
1 252 0 103 2 141 1
0 184 0 89 3 127 2
1 235 0 47 0 151 2
0 174 0 127 1 175 2
0 217 2 155 2 80 1
0 52 1 47 0 92 1
0 202 2 72 3 155 3
1 231 1 172 1 221 2
0 188 1 187 3 166 3
0 209 2 144 1 73 1
1 126 1 245 3 16 2
0 244 3 211 1 172 3
0 155 0 193 2 180 3
1 112 0 54 0 170 2
0 55 1 87 2 112 2
1 2 0 123 1 182 2
0 234 0 50 2 132 2
1 194 3 62 0 111 3
0 254 1 31 2 85 0
1 99 0 75 2 199 2
1 158 2 249 0 193 3
1 118 3 183 3 246 2
1 209 2 138 0 75 2
0 81 3 58 1 107 1
1 97 3 134 0 183 0
1 167 3 108 0 61 2
1 250 1 161 1 247 3
1 255 0 249 3 190 1
1 23 3 40 0 133 1
1 132 0 239 0 76 2
0 175 2 175 1 106 1
0 230 0 161 0 112 0
1 146 2 168 3 165 3
0 65 1 230 2 226 3
1 240 3 2 2 191 3
1 78 3 153 2 23 0
0 146 2 39 2 159 0
1 63 2 154 1 94 0
1 157 0 230 2 252 0
1 27 3 203 2 186 2
1 0 1 57 0 9 2
1 119 1 189 2 241 1
1 215 0 223 0 39 3
1 217 3 8 1 154 0
0 107 1 66 2 194 3
1 44 1 124 3 3 2
1 154 3 39 3 167 1
0 11 3 184 0 67 1
1 196 0 17 0 112 0
0 210 0 198 3 226 1
1 152 0 104 3 222 3
0 177 0 198 1 211 1
1 85 2 187 1 56 0
0 57 3 219 2 178 2
1 88 2 186 0 4 0
0 24 2 203 3 138 3
1 8 0 186 0 188 2
0 254 1 23 3 145 1
1 142 2 224 1 70 2
0 230 0 121 1 147 3
1 214 3 70 1 90 1
1 52 0 0 0 10 1
1 189 0 190 2 32 3
1 101 3 75 3 18 3
1 141 1 244 3 163 0
1 78 0 143 2 188 0
0 12 0 30 1 247 3
0 16 2 107 2 110 3
1 199 3 141 3 26 2
1 80 3 188 2 75 3
1 102 2 165 1 251 3
0 92 2 228 1 225 2
0 39 0 49 1 47 2
1 54 2 76 3 136 2
1 213 1 16 0 60 1
1 200 1 9 3 61 0
0 214 1 172 0 124 2
1 165 1 223 3 220 3
0 32 3 180 2 10 3
0 39 0 37 2 0 3
1 62 1 23 0 62 1
0 209 0 53 3 250 3
1 164 0 53 2 147 1
1 45 1 100 0 155 2
0 5 2 180 3 22 3
1 174 1 192 2 198 1
0 163 0 254 2 211 2
1 180 0 66 2 134 1
1 171 3 224 3 155 0
0 64 0 176 3 155 2
1 240 2 41 3 174 0
1 146 0 147 0 246 0
1 144 2 86 1 180 0
0 58 1 252 3 157 2
0 107 3 193 3 45 2
0 99 1 23 3 50 3
0 124 1 202 0 2 0
0 65 3 12 0 184 2
0 173 3 112 0 174 0
0 161 2 0 0 201 0
0 198 2 151 0 9 0
1 19 1 124 2 51 0
1 70 1 181 1 13 1
1 92 3 178 1 53 2
0 67 2 160 3 52 1
0 65 1 72 2 218 0
1 160 3 162 0 65 1
1 195 2 182 2 33 2
1 70 2 50 2 143 2
0 92 1 95 3 238 1
1 23 3 213 0 59 1
1 240 0 229 0 252 0
0 219 3 27 1 196 0
0 94 1 108 0 76 0
0 86 3 181 2 251 0
0 248 0 205 1 190 0
0 163 0 254 2 211 2
1 180 0 66 2 134 1
1 171 3 224 3 155 0
0 64 0 176 3 155 2
1 240 2 41 3 174 0
1 146 0 147 0 246 0
1 144 2 86 1 180 0
0 58 1 252 3 157 2
0 107 3 193 3 45 2
0 99 1 23 3 50 3
0 124 1 202 0 2 0
0 65 3 12 0 184 2
0 173 3 112 0 174 0
0 161 2 0 0 201 0
0 198 2 151 0 9 0
1 19 1 124 2 51 0
1 70 1 181 1 13 1
1 92 3 178 1 53 2
0 67 2 160 3 52 1
0 65 1 72 2 218 0
1 160 3 162 0 65 1
1 195 2 182 2 33 2
1 70 2 50 2 143 2
0 92 1 95 3 238 1
1 23 3 213 0 59 1
1 240 0 229 0 252 0
0 219 3 27 1 196 0
0 94 1 108 0 76 0
0 86 3 181 2 251 0
0 248 0 205 1 190 0
0 112 1 134 1 183 2
0 57 1 2 0 0 0
0 77 0 3 0 2 2
0 91 1 112 2 128 3
0 164 2 33 0 47 0
0 98 2 178 0 106 0
0 42 1 41 0 150 1
0 203 3 187 3 53 1
0 10 0 136 2 222 3
1 196 0 81 2 113 0
0 101 2 131 1 127 3
1 182 3 235 0 103 1
1 246 1 251 2 119 0
1 12 2 204 1 77 3
1 111 1 134 0 59 0
0 191 3 172 3 252 0
1 92 1 123 1 80 3
1 66 3 79 1 106 3
1 169 3 217 2 18 3
0 231 2 213 2 100 2
0 48 2 0 0 134 3
1 215 1 175 1 46 0
1 210 3 182 2 88 1
0 49 1 118 2 15 0
1 2 1 247 0 82 0
1 239 2 26 0 6 2
0 209 3 125 2 230 0
1 151 3 36 0 14 1
1 218 1 0 3 171 0
0 240 1 254 1 183 1
1 165 3 154 2 214 0
1 45 1 129 3 8 2
1 81 0 229 2 29 2
1 75 3 55 3 227 2
0 169 0 154 0 127 1
0 149 1 15 1 96 2
1 241 1 221 3 232 3
1 138 3 124 0 218 0
0 13 2 136 2 177 1
1 163 2 53 0 165 2
0 207 3 3 0 93 3
0 155 2 11 1 164 0
1 145 0 142 1 49 1
0 80 0 146 3 58 1
1 102 0 17 0 117 0
0 92 2 148 3 76 1
0 132 3 201 3 120 0
1 228 1 130 0 71 0
1 183 3 98 2 180 0
0 103 0 100 0 110 0
1 253 1 107 3 168 0
0 96 0 239 1 223 3
0 158 1 39 3 61 1
1 31 0 211 0 4 3
1 88 1 24 3 207 3
0 42 1 90 0 115 3
1 119 1 232 1 54 0
0 251 1 240 1 109 0
0 244 3 123 1 96 2
1 252 1 42 3 118 2
0 163 0 254 2 211 2
1 180 0 66 2 134 1
1 171 3 224 3 155 0
0 64 0 176 3 155 2
1 240 2 41 3 174 0
1 146 0 147 0 246 0
1 144 2 86 1 180 0
0 58 1 252 3 157 2
0 107 3 193 3 45 2
0 99 1 23 3 50 3
0 124 1 202 0 2 0
0 65 3 12 0 184 2
0 173 3 112 0 174 0
0 161 2 0 0 201 0
0 198 2 151 0 9 0
1 19 1 124 2 51 0
1 70 1 181 1 13 1
1 92 3 178 1 53 2
0 67 2 160 3 52 1
0 65 1 72 2 218 0
1 160 3 162 0 65 1
1 195 2 182 2 33 2
1 70 2 50 2 143 2
0 92 1 95 3 238 1
1 23 3 213 0 59 1
1 240 0 229 0 252 0
0 219 3 27 1 196 0
0 94 1 108 0 76 0
0 86 3 181 2 251 0
0 248 0 205 1 190 0
0 242 3 63 1 94 2
0 18 2 106 1 190 0
1 44 1 39 2 239 2
0 15 2 52 3 82 3
1 52 0 208 0 236 2
1 231 1 194 3 78 0
1 148 3 182 0 44 2
0 131 2 139 2 139 0
1 47 0 140 1 171 2
1 119 1 175 1 124 0
1 117 2 28 3 34 0
1 18 0 137 0 50 0
0 67 3 40 1 84 1
0 129 1 210 3 196 2
0 138 0 75 3 177 1
0 246 0 29 3 141 2
1 21 3 216 0 43 1
0 21 2 155 3 2 1
0 252 2 14 3 74 2
1 24 0 88 2 5 3
0 175 1 80 3 221 2
1 96 0 123 0 5 2
1 156 3 31 0 234 2
1 122 3 51 3 80 2
0 217 0 252 2 153 3
1 183 1 75 0 87 1
0 96 0 138 3 89 1
0 231 0 163 3 223 2
0 184 3 127 0 110 3
0 225 2 253 3 76 0
0 163 0 254 2 211 2
1 180 0 66 2 134 1
1 171 3 224 3 155 0
0 64 0 176 3 155 2
1 240 2 41 3 174 0
1 146 0 147 0 246 0
1 144 2 86 1 180 0
0 58 1 252 3 157 2
0 107 3 193 3 45 2
0 99 1 23 3 50 3
0 124 1 202 0 2 0
0 65 3 12 0 184 2
0 173 3 112 0 174 0
0 161 2 0 0 201 0
0 198 2 151 0 9 0
1 19 1 124 2 51 0
1 70 1 181 1 13 1
1 92 3 178 1 53 2
0 67 2 160 3 52 1
0 65 1 72 2 218 0
1 160 3 162 0 65 1
1 195 2 182 2 33 2
1 70 2 50 2 143 2
0 92 1 95 3 238 1
1 23 3 213 0 59 1
1 240 0 229 0 252 0
0 219 3 27 1 196 0
0 94 1 108 0 76 0
0 86 3 181 2 251 0
0 248 0 205 1 190 0
1 33 1 71 3 164 3
1 217 2 224 2 138 3
0 165 2 107 0 228 1
1 170 0 130 0 73 1
0 147 3 19 0 216 1
1 170 2 241 0 123 2
1 80 3 63 3 222 0
1 165 1 251 1 87 3
1 133 2 143 1 1 3
0 255 0 124 3 88 3
1 21 1 166 3 175 1
0 65 3 35 2 232 3
1 91 3 155 0 98 3
0 114 3 205 1 181 3
1 158 1 238 1 123 3
0 15 1 252 2 232 2
1 200 1 245 3 247 0
1 127 3 36 0 184 2
0 186 0 199 1 208 1
1 82 2 185 2 8 1
0 208 1 13 0 40 2
1 177 2 68 0 14 0
0 125 0 62 1 133 1
1 200 0 236 2 70 3
1 254 1 44 1 207 0
0 13 2 56 1 15 3
1 153 2 249 1 211 1
0 183 0 241 1 193 3
0 226 2 197 2 110 3
0 191 0 104 1 45 2
0 251 3 180 2 178 1
1 60 0 154 0 188 3
1 207 0 27 3 169 2
1 4 1 221 0 162 0
0 170 3 252 2 118 3
1 208 1 28 1 240 3
1 210 1 20 2 10 2
1 88 3 209 1 91 0
0 221 3 42 2 170 2
1 28 2 58 1 22 2
0 246 0 93 1 245 0
1 224 3 123 3 31 3
0 91 1 163 0 45 0
1 255 2 176 0 181 1
0 182 0 191 3 233 1
1 26 1 25 2 4 2
0 24 1 79 3 139 0
0 220 3 226 0 41 1
0 195 0 193 1 250 1
0 195 1 62 3 20 2
1 13 2 87 0 157 3
1 41 3 198 0 245 3
0 248 1 127 2 140 3
1 9 1 94 3 59 1
0 88 3 35 3 100 2
0 53 2 15 2 74 1
1 155 2 202 2 81 3
1 242 2 151 2 116 2
0 148 2 148 3 34 3
0 57 2 156 2 216 0
1 214 3 128 0 133 0
1 12 3 194 1 52 3
1 122 2 126 2 187 2
1 162 0 32 1 212 0
0 117 1 46 1 104 0
1 87 3 186 2 23 1
1 186 0 105 0 76 3
1 158 3 18 2 74 3
0 225 0 228 2 253 1
0 111 2 236 3 201 1
1 20 2 137 1 9 2
1 229 1 215 3 165 1
0 93 2 89 1 2 2
0 254 3 32 3 56 2
0 186 0 251 1 91 3
1 201 0 46 3 124 3
0 128 3 64 2 47 3
1 97 3 134 0 248 3
1 234 0 65 3 59 3
0 129 2 221 2 159 2
1 243 1 233 1 179 1
0 154 2 4 3 247 2
1 199 1 0 1 201 3
1 178 0 154 1 98 2
0 108 2 27 1 236 1
1 118 1 191 1 98 0
0 120 1 249 2 49 3
0 63 0 61 0 41 3
0 234 3 49 0 102 2
0 255 3 232 2 215 3
0 163 0 254 2 211 2
1 180 0 66 2 134 1
1 171 3 224 3 155 0
0 64 0 176 3 155 2
1 240 2 41 3 174 0
1 146 0 147 0 246 0
1 144 2 86 1 180 0
0 58 1 252 3 157 2
0 107 3 193 3 45 2
0 99 1 23 3 50 3
0 124 1 202 0 2 0
0 65 3 12 0 184 2
0 173 3 112 0 174 0
0 161 2 0 0 201 0
0 198 2 151 0 9 0
1 19 1 124 2 51 0
1 70 1 181 1 13 1
1 92 3 178 1 53 2
0 67 2 160 3 52 1
0 65 1 72 2 218 0
1 160 3 162 0 65 1
1 195 2 182 2 33 2
1 70 2 50 2 143 2
0 92 1 95 3 238 1
1 23 3 213 0 59 1
1 240 0 229 0 252 0
0 219 3 27 1 196 0
0 94 1 108 0 76 0
0 86 3 181 2 251 0
0 248 0 205 1 190 0
0 132 2 70 1 191 1
1 83 2 35 1 52 0
0 51 3 116 1 23 1
0 37 2 200 0 204 1
1 109 2 214 1 64 2
0 172 0 229 2 173 3
0 140 3 184 2 217 0
0 168 0 15 2 63 2
0 139 2 43 1 156 1
1 41 2 59 1 239 0
1 184 0 59 2 41 1
1 73 3 89 1 159 1
0 44 2 83 1 178 3
0 151 0 42 3 25 0
1 51 3 186 2 30 1
0 49 3 2 2 251 2
0 233 3 37 1 116 2
1 184 0 118 3 212 0
1 175 1 212 3 172 0
0 161 1 44 1 106 0
1 75 0 189 2 67 2
1 149 2 68 0 97 1
0 207 3 164 3 26 0
0 220 1 14 1 186 1
0 158 0 58 3 140 1
1 6 2 14 1 230 3
0 35 3 154 1 193 1
0 82 0 126 0 92 2
1 21 0 182 2 164 1
0 127 2 204 3 249 2
1 101 3 154 1 8 2
0 14 1 194 1 144 1
1 32 1 135 2 225 3
0 29 0 96 0 110 0
0 242 0 88 1 156 1
1 98 1 147 1 205 3
1 11 1 180 2 250 2
1 241 2 67 3 94 0
1 140 3 242 0 244 3
1 209 0 115 3 115 3
0 215 2 187 3 160 1
1 140 0 110 3 120 2
0 78 0 207 0 5 3
1 60 1 49 3 180 3
0 93 2 129 2 93 1
0 203 2 140 0 140 0
1 240 1 184 2 66 0
0 81 1 186 0 192 1
1 160 0 154 1 173 1
1 228 2 94 3 86 0
0 60 1 53 0 216 1
1 49 3 34 0 48 2
1 115 3 187 0 91 0
1 177 0 110 1 135 3
1 208 3 42 3 39 1
0 97 3 242 3 181 1
1 77 1 125 3 31 0
0 61 0 248 0 26 1
0 23 0 178 2 131 3
-1 97 3 105 0 64 2
