0 16 3 46 3 43 1
0 51 0 0 3 26 1
0 12 0 51 1 15 0
0 46 0 18 0 63 2
0 38 2 3 0 52 0
1 12 2 5 1 38 3
1 1 2 53 0 41 1
1 21 3 43 0 34 3
1 1 3 9 3 10 0
1 27 2 31 1 43 1
1 26 3 41 1 11 3
0 49 2 3 1 37 0
0 57 0 48 2 51 2
1 22 3 13 2 59 2
1 39 3 10 3 29 3
0 41 3 15 1 62 3
0 55 2 19 2 13 0
1 62 2 60 0 9 1
1 20 3 52 0 7 1
1 44 2 30 0 31 2
0 21 2 55 1 40 1
0 46 1 50 3 53 0
1 31 3 5 1 41 3
1 34 3 40 3 40 0
0 55 1 8 1 34 3
1 33 3 61 1 23 3
0 26 2 51 1 25 1
0 18 2 28 0 13 0
1 43 3 16 2 7 1
0 8 1 28 3 10 0
0 12 0 23 0 38 3
0 46 0 53 2 42 0
0 1 1 52 0 23 2
0 48 3 46 0 1 0
0 15 3 1 2 15 2
1 32 1 39 3 31 3
0 29 0 48 1 56 2
0 47 1 33 0 24 3
1 25 0 33 3 44 3
1 42 1 16 1 41 0
1 8 2 23 1 25 2
0 23 0 19 3 58 1
0 33 2 9 3 47 2
0 17 1 50 2 58 3
1 35 3 45 0 45 0
1 24 1 14 2 41 1
0 25 3 11 3 35 1
1 2 3 11 3 38 0
0 29 3 60 2 59 2
0 25 2 23 1 48 1
0 38 2 27 2 48 3
0 2 2 33 0 8 1
0 16 2 22 3 57 3
0 6 2 26 0 55 1
1 31 0 38 0 17 3
1 23 2 16 3 50 1
1 32 3 12 3 38 1
1 28 2 19 3 7 3
1 7 3 48 1 18 1
1 54 2 19 0 25 1
1 34 2 46 0 30 2
0 20 2 39 0 4 3
0 62 1 58 0 41 3
1 12 0 45 0 58 0
1 31 3 55 3 43 2
1 56 0 1 1 50 2
0 31 2 8 0 62 3
1 32 0 25 3 49 0
0 62 0 2 2 31 0
1 54 1 60 0 22 0
1 57 3 17 0 56 0
1 11 0 61 1 30 1
1 44 0 9 2 59 1
0 23 2 14 2 53 0
1 12 2 61 1 41 0
0 52 2 26 1 39 0
0 21 1 50 3 36 2
0 35 3 30 0 8 2
1 12 2 4 0 23 1
1 47 2 63 2 48 2
0 29 2 35 1 26 2
0 12 1 14 0 35 2
1 61 1 37 0 29 0
1 7 2 53 2 44 2
0 29 3 35 2 57 3
0 26 0 8 1 38 0
1 14 2 35 3 4 2
0 12 0 43 2 35 0
0 33 3 51 3 47 2
1 25 1 12 3 41 3
0 12 0 23 0 38 3
0 46 0 53 2 42 0
0 1 1 52 0 23 2
0 48 3 46 0 1 0
0 15 3 1 2 15 2
1 32 1 39 3 31 3
0 29 0 48 1 56 2
0 47 1 33 0 24 3
1 25 0 33 3 44 3
1 42 1 16 1 41 0
1 8 2 23 1 25 2
0 23 0 19 3 58 1
0 33 2 9 3 47 2
0 17 1 50 2 58 3
1 35 3 45 0 45 0
1 24 1 14 2 41 1
0 25 3 11 3 35 1
1 2 3 11 3 38 0
0 29 3 60 2 59 2
0 25 2 23 1 48 1
0 38 2 27 2 48 3
0 2 2 33 0 8 1
0 16 2 22 3 57 3
0 6 2 26 0 55 1
1 31 0 38 0 17 3
1 23 2 16 3 50 1
1 32 3 12 3 38 1
1 28 2 19 3 7 3
1 7 3 48 1 18 1
1 54 2 19 0 25 1
0 52 3 6 2 32 0
1 30 3 35 2 4 2
1 33 1 45 0 62 1
0 0 0 56 0 35 1
0 9 0 15 2 46 1
0 58 2 29 2 45 0
1 61 1 29 1 52 0
0 35 1 25 2 27 0
0 37 1 60 0 45 1
1 5 3 2 1 57 1
1 60 0 31 2 39 3
1 27 0 49 2 19 1
0 60 2 62 0 59 0
1 23 3 19 1 9 0
1 7 2 56 0 53 2
0 51 1 9 0 50 0
1 57 2 56 1 50 0
1 9 2 18 2 22 3
0 35 0 56 1 60 2
1 23 1 56 3 49 3
1 27 2 58 3 4 3
0 1 1 49 3 53 3
1 45 2 14 1 22 3
1 56 2 52 3 8 3
0 14 3 61 2 20 0
0 61 2 58 2 44 0
1 26 2 45 3 24 2
1 2 2 25 1 25 2
1 11 0 32 3 21 0
1 30 3 62 3 52 3
1 46 1 31 0 11 1
0 2 2 55 3 28 2
0 51 0 35 0 40 0
0 55 2 2 0 14 1
0 59 1 39 2 43 0
0 18 0 33 1 13 1
1 41 3 35 0 48 1
1 22 0 38 3 11 0
0 29 3 29 2 32 3
1 7 3 51 2 19 3
0 47 0 23 3 57 0
0 18 1 24 0 23 1
0 53 3 4 1 58 1
1 28 1 35 2 50 0
1 2 3 9 2 10 2
1 22 3 57 1 6 1
1 35 2 46 1 49 2
1 31 3 11 3 51 0
0 57 3 23 3 7 2
0 44 2 13 2 33 0
1 8 3 20 0 28 3
0 28 0 53 3 17 0
1 26 2 43 3 11 2
0 13 3 41 2 50 0
0 60 1 47 2 49 1
0 9 3 40 2 39 2
1 63 3 56 0 4 3
1 39 0 23 3 13 0
0 12 3 27 3 61 1
1 51 2 50 0 25 0
0 40 1 55 1 15 1
1 48 3 13 0 33 0
1 55 0 46 2 37 3
0 38 3 54 0 0 1
0 33 2 34 0 23 2
1 43 2 15 1 0 1
0 42 1 20 0 29 2
0 34 1 56 2 26 0
1 22 3 48 3 41 2
0 56 1 34 1 44 1
0 57 1 45 0 40 2
1 60 2 38 1 48 0
1 53 1 16 2 27 2
1 32 1 51 0 34 1
1 31 0 42 0 16 2
0 17 3 41 1 9 3
1 4 2 42 3 29 0
1 32 1 7 0 42 0
1 56 3 36 3 39 0
0 50 0 44 0 15 3
1 3 1 19 2 30 3
0 54 3 35 1 31 2
0 62 2 62 0 62 3
0 12 2 44 3 1 3
1 4 3 16 3 36 2
1 42 1 62 2 60 2
1 2 3 61 3 36 0
0 24 1 1 0 25 0
1 8 3 14 2 37 3
0 30 0 38 0 40 1
1 44 2 38 2 34 3
1 3 3 43 1 62 2
1 28 0 32 2 42 2
1 25 1 48 0 3 3
0 53 1 24 3 53 0
0 30 2 32 3 44 3
0 53 1 58 1 37 2
1 16 1 36 0 49 3
1 36 2 42 0 12 1
0 8 1 21 3 34 1
0 9 2 44 2 17 3
0 55 2 40 2 38 2
1 7 2 7 2 4 2
1 26 1 11 0 12 3
0 47 1 33 0 10 1
1 6 3 43 1 51 3
0 51 0 8 2 33 3
0 19 1 28 2 50 0
0 57 3 25 2 45 1
0 14 0 21 0 16 2
1 62 2 17 0 14 1
1 4 3 5 3 32 3
1 15 0 36 3 49 1
1 62 0 45 3 41 2
0 59 3 47 1 24 3
1 63 1 54 3 23 1
0 14 3 33 0 7 0
0 49 3 10 0 45 0
1 54 1 49 0 39 3
0 59 0 24 1 52 2
0 33 2 55 3 48 2
0 58 2 62 2 21 0
0 50 0 5 0 61 1
1 11 3 29 0 32 2
0 32 1 19 2 29 1
1 50 3 63 1 50 1
0 32 0 22 2 50 3
0 0 0 14 3 56 1
1 39 2 34 3 11 1
0 1 1 24 2 58 2
1 34 3 35 0 48 1
0 28 2 17 0 60 2
1 57 1 15 2 30 2
1 43 2 16 0 20 3
1 0 3 34 0 44 3
1 57 1 57 2 61 0
1 22 1 0 1 62 3
1 29 0 25 3 33 1
0 40 2 22 2 37 0
1 56 2 19 1 3 1
0 25 2 13 0 49 1
0 56 1 59 3 13 1
1 44 2 45 3 32 0
0 45 2 46 2 61 2
1 21 3 2 1 56 1
1 29 1 1 0 23 2
1 56 3 30 3 35 2
1 11 2 42 0 45 2
0 50 3 22 1 45 2
1 57 3 36 0 29 2
1 18 3 2 1 49 3
0 12 0 4 2 18 3
1 3 0 43 3 27 2
1 18 3 55 1 43 3
0 21 1 49 2 7 3
0 36 0 32 1 23 2
0 43 0 7 0 32 3
1 19 0 18 1 5 1
1 48 0 31 2 22 1
1 38 0 24 0 59 3
1 48 3 19 0 0 1
0 20 1 3 3 51 2
0 27 2 55 2 0 0
1 54 1 4 2 3 1
1 31 0 19 3 10 2
1 45 1 50 3 12 0
0 27 3 55 2 23 0
1 49 3 10 3 29 3
0 33 3 38 3 47 2
0 61 3 19 1 5 3
1 56 3 13 2 19 0
0 25 3 39 3 22 3
0 28 3 0 0 33 0
1 53 3 17 2 60 0
0 59 0 49 3 19 2
0 5 3 62 3 62 0
0 14 0 36 1 41 0
1 42 2 56 3 0 0
1 44 1 4 3 23 2
1 9 1 33 1 25 2
0 12 0 23 0 38 3
0 46 0 53 2 42 0
0 1 1 52 0 23 2
0 48 3 46 0 1 0
0 15 3 1 2 15 2
1 32 1 39 3 31 3
0 29 0 48 1 56 2
0 47 1 33 0 24 3
1 25 0 33 3 44 3
1 42 1 16 1 41 0
1 8 2 23 1 25 2
0 23 0 19 3 58 1
0 33 2 9 3 47 2
0 17 1 50 2 58 3
1 35 3 45 0 45 0
1 24 1 14 2 41 1
0 25 3 11 3 35 1
1 2 3 11 3 38 0
0 29 3 60 2 59 2
0 25 2 23 1 48 1
0 38 2 27 2 48 3
0 2 2 33 0 8 1
0 16 2 22 3 57 3
0 6 2 26 0 55 1
1 31 0 38 0 17 3
1 23 2 16 3 50 1
1 32 3 12 3 38 1
1 28 2 19 3 7 3
1 7 3 48 1 18 1
1 54 2 19 0 25 1
0 39 3 38 3 13 1
0 27 3 36 2 35 1
1 12 0 40 2 60 3
1 34 0 30 2 9 2
1 37 1 33 3 33 2
1 63 3 40 1 3 1
1 15 0 32 2 56 0
0 36 0 11 1 59 0
0 53 1 53 1 43 1
0 19 1 2 1 21 0
0 29 2 43 1 23 1
0 39 0 21 3 15 1
1 7 2 5 1 60 0
0 34 2 61 3 51 0
0 9 0 28 1 54 3
1 46 2 5 0 12 3
0 49 0 47 0 12 3
0 21 0 38 1 39 2
1 18 3 61 0 62 1
0 26 0 19 0 3 3
0 8 1 11 0 22 1
1 61 1 50 1 55 0
0 25 3 35 1 36 0
0 15 0 48 3 1 1
0 59 2 40 3 53 2
0 30 2 47 1 51 0
0 35 0 20 2 32 3
0 37 3 14 1 59 3
0 49 3 4 3 62 0
1 62 0 43 2 61 3
1 17 3 23 3 44 3
0 17 2 50 2 53 1
0 37 0 11 1 31 2
0 46 2 34 1 24 3
0 29 0 27 3 62 0
0 20 2 61 1 51 2
1 0 1 19 3 55 2
1 24 0 43 2 52 2
0 22 2 13 1 7 0
0 37 0 55 3 36 2
0 54 0 22 0 55 1
0 10 0 37 0 57 0
1 30 1 50 2 46 3
1 26 2 29 2 11 2
0 36 1 48 1 56 0
0 2 3 30 2 18 3
1 35 3 12 1 8 0
1 29 0 44 3 48 0
0 41 3 26 2 29 1
1 58 1 4 1 60 0
0 27 3 44 2 25 3
1 12 3 46 0 6 2
1 4 1 39 0 43 0
0 53 0 15 1 14 0
0 4 1 19 2 16 0
1 48 1 5 1 30 1
1 45 3 62 1 38 3
1 10 2 45 3 10 3
1 28 1 14 3 63 2
1 35 1 53 1 12 2
0 55 2 24 2 47 3
1 49 2 48 3 37 0
0 29 1 17 0 25 2
1 60 0 54 0 24 2
1 37 0 59 0 28 3
1 11 1 54 2 20 3
0 60 1 20 0 48 2
1 60 0 58 0 39 0
0 11 0 55 2 23 2
1 54 0 23 0 23 3
0 35 2 45 3 46 1
1 61 3 59 0 42 1
0 39 1 31 2 59 1
1 17 0 20 0 10 3
1 44 2 45 1 18 1
1 25 3 9 0 7 0
1 0 2 11 1 43 3
1 13 0 62 3 41 3
0 32 3 62 1 47 3
0 25 1 19 1 7 0
0 63 2 13 0 51 0
1 53 3 36 2 35 2
0 47 2 60 0 32 2
0 31 3 51 3 0 2
0 12 1 49 0 36 3
1 62 2 0 2 35 3
1 49 2 18 3 15 3
0 22 2 62 2 4 1
1 43 2 58 1 43 3
0 18 0 36 2 27 0
0 30 0 23 2 40 3
1 24 3 12 2 9 0
0 23 2 25 2 50 0
0 26 0 33 3 17 2
0 9 0 42 3 23 3
0 32 1 5 2 25 2
0 30 1 47 0 59 2
0 10 2 56 2 46 2
1 35 0 10 1 10 3
0 49 3 45 2 61 0
0 62 2 6 1 56 2
1 49 2 4 2 4 3
1 46 1 58 1 35 0
1 6 3 48 3 37 0
1 63 1 11 2 47 3
1 0 1 40 3 31 1
1 63 1 19 2 61 1
0 59 3 49 2 27 1
1 18 0 16 0 13 0
1 26 1 53 0 16 0
1 57 3 43 3 34 0
0 59 3 15 0 41 3
0 41 2 0 3 9 0
1 29 3 30 1 54 1
0 6 0 38 3 11 1
0 44 3 57 2 8 0
0 24 0 35 0 59 2
0 48 3 31 3 13 2
1 24 1 26 3 25 1
0 24 2 52 1 10 2
0 43 0 19 0 61 2
0 14 3 42 0 59 0
1 32 0 40 3 18 0
0 29 3 43 0 10 2
1 9 3 63 1 1 2
1 17 3 20 1 24 1
0 13 0 24 2 30 1
1 22 3 54 0 18 1
1 8 1 31 0 52 2
1 2 0 0 3 62 2
1 8 0 54 3 3 2
0 11 3 45 3 13 2
0 17 0 55 3 19 2
0 32 3 11 1 18 2
1 47 3 43 1 31 0
1 23 2 46 0 46 1
1 54 2 17 1 11 1
1 46 0 55 3 17 0
1 15 1 29 1 37 3
1 24 2 44 2 32 2
1 18 3 53 0 22 2
0 2 3 27 3 30 3
1 38 0 10 2 27 2
0 28 3 59 0 47 0
1 33 2 43 2 20 2
0 11 3 10 2 11 0
1 24 2 33 1 18 1
0 9 0 25 0 54 3
0 32 1 51 3 39 1
0 34 1 3 2 37 3
1 49 3 34 2 37 3
1 13 2 63 2 10 0
0 39 3 3 1 18 0
1 21 3 25 2 4 2
0 27 2 56 2 54 2
0 8 2 41 3 39 0
1 5 1 1 0 20 3
1 47 2 35 3 19 2
0 33 0 21 3 38 1
0 55 3 33 3 26 3
1 28 2 2 0 0 3
0 12 0 38 1 29 2
0 36 3 14 0 21 1
1 34 3 18 3 47 2
0 61 0 4 1 31 2
0 27 1 2 1 26 1
1 29 3 56 1 26 3
1 7 1 12 3 27 2
1 5 1 40 3 8 2
0 52 0 26 2 56 2
1 20 2 2 2 4 0
1 8 3 19 3 44 3
0 57 2 51 1 63 3
1 28 1 8 1 44 3
0 30 2 19 2 16 1
1 18 1 45 0 47 1
0 31 1 5 2 14 0
1 23 2 0 0 58 3
0 29 0 37 3 44 1
0 16 2 43 1 34 1
1 29 2 26 1 33 0
0 45 2 3 1 3 1
0 51 3 35 0 45 1
1 15 2 55 1 27 3
1 23 0 0 1 36 1
0 63 1 7 0 14 2
1 7 1 0 3 12 0
1 51 0 30 0 56 2
1 4 1 24 2 33 2
1 12 1 37 3 26 0
0 61 1 25 0 39 2
1 25 0 32 2 9 0
0 17 3 18 2 21 0
0 63 0 3 2 35 3
0 47 1 12 2 54 1
1 14 1 54 3 59 3
1 57 3 35 3 20 2
1 59 2 2 2 51 3
0 49 2 26 0 12 1
0 48 0 34 1 6 0
0 35 3 9 3 30 2
0 42 1 42 0 43 3
0 5 1 58 1 16 0
0 35 0 61 1 24 0
0 62 3 1 0 0 2
0 1 0 20 1 17 1
1 27 0 62 3 58 2
1 55 0 61 0 3 0
0 25 1 7 2 46 3
1 24 0 25 1 28 3
1 12 1 43 2 18 2
1 23 1 6 1 36 0
0 7 2 15 0 31 3
0 41 1 57 1 61 1
0 23 2 20 1 39 2
1 53 2 50 3 21 2
0 49 0 3 3 43 2
1 38 0 14 2 49 0
1 28 2 55 3 12 3
1 52 1 35 2 22 3
0 61 1 61 1 34 3
0 63 0 50 2 4 3
0 24 2 26 3 25 1
0 22 0 8 1 55 3
1 31 3 5 3 46 3
1 52 3 45 0 39 3
1 33 3 40 3 31 1
0 39 3 46 2 9 3
1 61 2 13 0 42 2
0 24 2 35 3 54 0
0 35 3 8 1 44 3
1 41 3 10 1 5 3
0 9 2 44 1 3 1
1 39 0 62 3 2 1
1 27 2 61 2 1 2
1 1 3 3 1 60 0
0 25 1 25 1 15 3
0 9 2 24 1 38 0
0 19 2 4 2 17 1
1 34 2 4 0 1 2
0 9 1 42 3 44 0
1 38 2 43 3 8 3
1 30 2 42 0 60 0
0 56 1 2 1 20 1
0 20 1 12 1 27 2
0 45 3 60 2 46 1
0 21 3 45 2 12 3
0 23 2 11 3 16 2
0 47 1 4 0 30 1
0 31 0 4 3 4 1
0 18 0 21 0 46 2
0 37 1 16 1 23 1
0 40 3 38 1 14 2
1 33 0 33 0 42 3
0 43 0 18 3 51 1
1 5 1 52 0 60 2
0 63 0 20 2 0 3
1 2 1 61 1 2 0
0 50 1 24 1 8 2
1 5 2 21 1 49 0
1 2 3 58 0 26 2
0 9 0 62 2 58 0
0 43 3 58 2 52 1
0 10 2 25 3 50 3
1 45 0 9 3 49 3
1 3 0 45 1 23 2
0 14 0 4 2 17 2
1 58 1 61 2 49 0
0 2 0 50 3 38 2
1 11 1 42 3 3 0
0 63 2 28 1 13 1
0 42 1 26 1 3 2
1 38 1 36 1 1 1
0 26 3 15 3 24 3
1 11 3 26 3 34 2
1 10 1 56 0 10 0
1 62 3 7 3 13 1
0 17 3 36 0 44 0
0 37 3 38 1 19 3
1 13 2 24 2 36 0
0 9 1 58 0 53 0
0 5 2 3 1 31 0
1 32 0 18 3 41 3
0 29 3 60 2 21 2
1 62 1 12 3 30 3
1 10 0 12 1 35 1
0 46 2 57 3 46 3
0 62 1 58 0 48 3
0 39 1 55 1 5 0
1 2 3 12 3 12 2
1 25 2 22 2 41 3
0 0 2 1 2 11 3
0 63 0 34 0 27 2
1 39 0 41 1 24 0
0 1 1 40 2 26 2
0 43 0 42 0 35 3
1 9 0 23 2 31 0
1 23 1 17 0 63 1
0 22 0 6 3 54 2
0 39 2 2 0 13 0
0 50 0 3 3 60 3
1 32 1 35 0 63 1
1 23 1 62 1 38 3
0 41 2 22 1 31 2
0 41 0 45 3 36 0
0 12 3 30 1 33 0
1 11 2 52 1 60 1
1 36 3 0 3 30 1
0 60 0 58 0 44 1
1 46 1 9 3 16 3
0 63 2 56 3 54 3
1 47 1 49 3 42 2
0 53 3 31 2 40 1
1 46 1 34 2 27 1
0 0 2 39 1 55 2
1 51 0 0 0 38 3
0 54 1 38 3 8 2
1 17 1 10 0 8 0
0 25 1 5 1 2 3
1 24 2 50 0 43 3
0 18 2 38 0 52 2
1 12 0 48 3 27 3
1 16 3 26 0 57 1
0 49 3 10 0 47 3
0 44 3 61 0 37 3
1 10 2 62 1 39 3
0 29 2 11 1 23 2
0 36 2 18 2 50 1
0 20 1 16 1 6 0
1 59 0 1 2 21 3
0 12 0 23 0 38 3
0 46 0 53 2 42 0
0 1 1 52 0 23 2
0 48 3 46 0 1 0
0 15 3 1 2 15 2
1 32 1 39 3 31 3
0 29 0 48 1 56 2
0 47 1 33 0 24 3
1 25 0 33 3 44 3
1 42 1 16 1 41 0
1 8 2 23 1 25 2
0 23 0 19 3 58 1
0 33 2 9 3 47 2
0 17 1 50 2 58 3
1 35 3 45 0 45 0
1 24 1 14 2 41 1
0 25 3 11 3 35 1
1 2 3 11 3 38 0
0 29 3 60 2 59 2
0 25 2 23 1 48 1
0 38 2 27 2 48 3
0 2 2 33 0 8 1
0 16 2 22 3 57 3
0 6 2 26 0 55 1
1 31 0 38 0 17 3
1 23 2 16 3 50 1
1 32 3 12 3 38 1
1 28 2 19 3 7 3
1 7 3 48 1 18 1
1 54 2 19 0 25 1
1 43 1 59 2 42 3
0 30 1 42 0 42 0
1 32 2 5 0 10 2
1 31 0 28 0 50 0
0 19 1 35 3 19 2
0 54 1 17 3 47 0
1 9 0 63 2 13 3
1 19 3 47 1 61 0
0 22 2 47 0 1 0
1 32 1 49 0 41 0
0 6 0 27 0 48 0
0 28 1 3 2 49 1
0 26 3 26 1 43 2
0 21 0 48 2 56 0
1 45 2 41 2 47 2
1 50 1 57 3 16 1
0 40 1 11 0 14 0
0 1 0 52 3 36 0
1 8 2 46 0 6 3
1 14 2 51 3 48 0
1 36 1 48 0 39 0
1 45 0 53 0 6 1
1 53 3 24 0 6 1
1 55 0 3 0 10 1
1 13 3 26 1 50 0
0 46 0 9 0 54 2
0 2 2 2 3 49 3
1 9 3 19 2 0 2
0 54 1 26 2 34 3
0 13 0 44 0 54 3
1 7 1 42 2 28 3
1 6 3 21 0 47 3
1 5 0 28 0 35 0
1 56 0 15 1 30 0
0 5 0 48 3 6 0
1 33 0 44 3 53 0
1 43 2 2 1 13 3
1 41 2 34 0 10 1
1 62 0 16 1 53 0
0 8 2 25 3 4 2
0 35 1 3 3 42 0
1 21 0 36 1 1 0
0 21 0 34 0 17 0
0 50 0 42 3 40 2
0 47 3 4 1 43 2
0 24 3 42 3 39 0
0 40 0 17 1 3 2
1 42 2 32 3 21 3
0 17 2 54 1 39 1
0 30 3 46 0 37 0
1 45 3 26 2 16 2
1 26 3 31 0 52 2
1 6 1 49 0 21 3
1 20 1 27 1 23 3
0 10 0 6 1 49 1
0 27 0 28 0 47 0
1 9 3 16 3 10 3
1 16 2 22 0 54 2
0 56 0 42 2 54 0
1 60 1 2 3 59 0
0 12 0 23 0 38 3
0 46 0 53 2 42 0
0 1 1 52 0 23 2
0 48 3 46 0 1 0
0 15 3 1 2 15 2
1 32 1 39 3 31 3
0 29 0 48 1 56 2
0 47 1 33 0 24 3
1 25 0 33 3 44 3
1 42 1 16 1 41 0
1 8 2 23 1 25 2
0 23 0 19 3 58 1
0 33 2 9 3 47 2
0 17 1 50 2 58 3
1 35 3 45 0 45 0
1 24 1 14 2 41 1
0 25 3 11 3 35 1
1 2 3 11 3 38 0
0 29 3 60 2 59 2
0 25 2 23 1 48 1
0 38 2 27 2 48 3
0 2 2 33 0 8 1
0 16 2 22 3 57 3
0 6 2 26 0 55 1
1 31 0 38 0 17 3
1 23 2 16 3 50 1
1 32 3 12 3 38 1
1 28 2 19 3 7 3
1 7 3 48 1 18 1
1 54 2 19 0 25 1
0 5 3 14 3 53 2
1 63 2 14 3 7 2
1 25 3 30 1 28 1
0 17 1 37 1 37 1
0 27 1 32 0 25 3
1 14 1 6 3 3 0
1 23 3 59 0 42 3
1 61 1 42 1 32 1
1 22 0 20 1 12 1
1 26 1 34 2 8 1
1 0 1 26 1 19 1
1 3 0 54 2 14 3
1 44 0 41 2 47 0
0 27 3 49 2 0 2
1 32 2 9 0 8 3
0 9 1 22 0 12 2
0 54 1 47 1 46 0
0 14 2 58 3 15 0
0 31 0 15 3 28 0
1 45 1 47 0 3 3
1 50 0 33 1 58 0
0 34 1 9 2 3 1
1 28 2 35 3 29 0
1 13 0 39 0 44 1
1 57 2 1 1 3 3
0 37 3 59 2 55 3
0 8 1 41 2 47 3
0 17 3 19 1 35 2
1 59 2 51 1 58 2
1 48 1 8 3 9 0
1 6 1 45 0 44 0
1 60 3 33 2 47 1
0 2 0 30 0 6 2
0 16 0 16 1 61 2
0 2 3 36 3 59 2
1 51 3 9 3 16 1
0 38 3 63 1 6 0
0 54 1 42 3 48 3
0 16 3 32 2 46 0
0 12 1 48 1 10 0
0 13 2 15 1 8 1
0 33 1 40 0 1 0
0 8 1 19 2 31 0
0 27 2 29 3 49 1
1 39 2 24 1 8 1
0 10 0 47 1 60 2
0 32 3 6 3 12 3
1 56 1 31 1 54 2
0 39 2 18 3 44 2
1 16 0 53 1 9 1
0 9 2 27 0 48 2
1 21 1 62 0 49 2
0 5 0 3 3 62 2
0 37 1 27 1 21 1
0 13 2 1 0 37 3
0 62 2 33 3 47 2
0 51 3 22 3 42 1
0 56 0 46 0 63 2
0 39 2 55 3 56 1
0 49 1 63 0 61 1
0 12 0 23 0 38 3
0 46 0 53 2 42 0
0 1 1 52 0 23 2
0 48 3 46 0 1 0
0 15 3 1 2 15 2
1 32 1 39 3 31 3
0 29 0 48 1 56 2
0 47 1 33 0 24 3
1 25 0 33 3 44 3
1 42 1 16 1 41 0
1 8 2 23 1 25 2
0 23 0 19 3 58 1
0 33 2 9 3 47 2
0 17 1 50 2 58 3
1 35 3 45 0 45 0
1 24 1 14 2 41 1
0 25 3 11 3 35 1
1 2 3 11 3 38 0
0 29 3 60 2 59 2
0 25 2 23 1 48 1
0 38 2 27 2 48 3
0 2 2 33 0 8 1
0 16 2 22 3 57 3
0 6 2 26 0 55 1
1 31 0 38 0 17 3
1 23 2 16 3 50 1
1 32 3 12 3 38 1
1 28 2 19 3 7 3
1 7 3 48 1 18 1
1 54 2 19 0 25 1
0 29 1 60 3 58 2
0 36 1 56 1 5 0
1 36 1 3 2 12 1
1 33 2 10 1 53 1
1 37 3 2 3 15 1
1 25 1 12 1 48 2
1 59 1 51 0 51 3
0 5 3 25 0 8 0
1 30 3 50 1 33 0
0 10 0 16 0 61 2
0 40 1 21 1 8 0
1 38 2 21 0 12 0
0 8 0 45 3 57 3
1 22 3 13 3 13 1
1 13 1 51 3 17 0
0 40 3 37 2 8 3
1 13 0 8 3 45 2
0 58 1 54 0 15 0
0 11 0 19 2 21 2
0 24 2 29 0 62 1
0 58 1 37 1 29 0
0 54 3 54 1 43 3
0 30 2 44 2 57 3
0 55 3 37 1 56 3
1 0 1 20 2 45 2
1 63 1 61 2 50 1
1 56 3 44 0 32 1
1 6 0 38 0 21 3
0 45 1 43 2 2 0
1 37 2 11 1 5 0
0 32 0 40 2 3 0
0 19 2 58 1 22 1
1 37 0 34 1 1 3
1 6 2 61 3 4 2
1 11 0 36 0 13 2
0 2 0 20 1 36 1
1 38 0 50 1 6 3
1 51 3 23 0 56 0
0 58 1 5 3 59 2
1 30 0 45 1 36 1
0 59 0 48 3 33 3
1 32 2 19 2 1 1
1 21 3 19 3 50 1
1 34 3 48 2 61 1
1 63 3 37 1 22 2
1 17 3 41 2 4 2
1 8 1 52 0 34 1
1 3 3 40 3 41 1
1 21 1 49 2 21 0
1 3 3 31 3 15 0
1 27 3 38 0 27 2
0 1 3 41 0 59 0
1 39 3 33 2 56 1
1 25 1 19 0 15 2
1 23 0 60 0 46 3
1 46 2 60 1 47 2
1 28 0 13 0 61 1
1 8 3 6 0 52 1
1 22 1 27 1 7 0
0 61 3 14 1 56 2
1 30 3 53 3 3 1
0 5 2 43 3 35 1
1 42 1 54 1 8 1
0 13 3 27 0 5 0
0 12 2 29 3 9 0
1 45 0 48 0 28 2
0 50 2 7 1 39 2
0 56 0 23 2 21 0
1 60 1 39 2 35 1
0 52 0 11 1 45 2
1 58 3 16 1 11 0
1 23 3 29 2 61 1
1 52 2 49 2 63 0
1 18 2 9 2 22 0
0 17 3 18 1 36 1
0 25 1 27 3 54 0
1 42 3 48 1 24 3
1 43 1 19 1 62 1
1 47 2 13 2 9 3
0 4 2 61 2 44 0
0 57 2 12 2 58 3
1 61 2 2 0 22 1
0 8 2 56 2 23 2
0 10 1 25 0 5 1
1 37 0 61 1 54 2
0 15 3 36 1 12 2
1 42 0 1 0 8 2
0 15 2 27 1 47 0
0 17 1 36 0 39 3
0 24 0 15 3 50 1
1 30 0 7 3 17 2
1 58 1 50 0 45 2
0 0 2 46 0 37 3
0 46 3 37 2 47 1
0 62 2 23 0 63 2
1 58 3 58 0 35 0
0 10 0 37 1 8 2
1 48 2 40 0 39 3
1 18 3 38 2 19 3
1 26 3 43 0 31 2
0 32 0 24 2 32 3
1 54 1 0 0 39 1
0 48 3 13 1 28 2
0 8 2 1 3 42 2
1 3 3 46 0 51 0
0 55 2 10 2 19 2
0 20 3 10 2 20 2
0 34 3 45 3 15 0
0 0 3 5 2 56 1
1 58 0 36 0 19 3
1 60 2 53 1 63 2
1 2 1 60 2 43 3
1 47 2 16 1 18 2
1 1 2 54 1 59 1
1 8 3 0 3 1 2
0 11 2 7 1 53 2
0 45 3 49 0 15 2
1 50 1 2 0 57 2
1 17 2 52 2 62 0
-1 5 1 59 2 20 0
