1 62 3 182 3 7 1
1 123 3 37 2 206 1
1 16 2 100 0 122 3
1 42 1 133 1 149 1
1 158 1 216 1 60 0
1 203 1 121 3 107 0
0 44 3 5 0 196 1
1 231 0 219 0 218 3
0 103 0 34 3 138 3
1 165 1 28 0 209 3
0 180 2 137 2 239 2
1 209 2 168 0 63 2
0 133 3 165 2 118 3
0 95 3 108 3 175 0
1 34 2 24 1 69 2
1 54 3 13 3 69 2
0 171 3 162 3 41 1
1 103 2 171 0 175 3
1 57 3 118 2 143 2
1 20 2 81 2 225 0
0 104 1 245 2 53 3
1 192 1 88 1 183 2
0 180 1 15 1 126 0
0 180 3 101 1 213 0
0 109 2 190 1 166 3
1 191 2 208 0 95 0
1 47 3 70 3 90 3
0 132 0 151 1 82 2
0 29 0 81 3 77 1
1 6 3 37 3 178 1
1 86 1 251 3 237 3
1 58 0 150 2 203 0
0 86 0 96 3 73 0
0 194 1 62 1 41 0
1 76 3 91 2 178 1
1 39 0 166 1 28 0
1 127 1 103 3 214 2
1 34 0 49 3 228 2
0 94 0 236 3 59 2
1 216 2 37 3 219 2
0 211 0 88 2 90 2
0 24 1 221 1 44 3
1 233 3 216 0 224 0
0 243 3 62 2 254 0
1 236 1 136 1 174 2
0 83 3 203 2 38 2
0 136 0 121 3 174 1
0 81 3 236 3 175 2
0 147 0 218 0 169 1
1 124 1 70 1 217 1
1 131 2 38 3 143 0
1 88 0 51 0 107 0
0 199 1 43 1 243 3
1 176 2 185 2 99 1
1 117 0 61 2 182 0
0 155 0 154 0 98 1
1 11 1 253 0 8 3
0 63 2 74 3 119 2
1 60 1 113 2 78 0
0 181 3 236 1 11 1
1 245 2 103 2 139 0
0 163 3 180 2 26 3
1 38 1 86 3 99 0
0 98 0 48 1 7 2
0 244 3 60 3 206 3
1 196 3 106 3 159 0
1 89 0 42 0 16 1
1 223 2 230 0 56 3
0 98 0 123 2 158 0
1 106 2 233 2 225 0
1 132 0 230 1 234 3
1 132 1 132 0 33 0
0 202 0 247 0 84 0
0 3 3 93 0 192 1
0 196 2 134 0 173 2
0 160 2 49 1 128 1
0 123 0 71 2 25 2
0 151 3 120 3 222 2
0 217 0 149 1 38 3
0 148 0 192 0 42 3
0 77 1 241 3 121 1
0 8 0 143 2 155 0
1 138 3 251 0 97 0
1 51 0 239 2 39 0
1 178 0 210 1 43 1
1 143 2 247 1 78 0
0 86 3 11 2 19 2
0 90 0 226 2 15 2
0 1 1 209 3 31 1
1 115 3 158 0 197 3
0 92 3 200 3 74 1
1 203 3 218 2 164 1
0 0 0 196 0 201 0
0 12 1 237 2 0 2
0 141 2 120 2 83 0
1 79 3 59 1 176 0
1 176 3 162 2 173 2
0 248 1 222 1 42 1
1 16 2 108 1 236 3
0 12 2 189 2 33 2
0 92 1 235 1 44 1
0 157 2 89 0 216 2
0 245 0 14 0 171 2
0 35 3 241 0 99 2
0 229 2 85 2 141 0
1 223 2 213 1 134 3
0 31 0 43 1 175 3
0 142 1 248 3 254 0
1 71 3 185 3 79 0
0 34 0 43 0 79 3
0 108 2 131 0 133 3
1 57 1 127 1 112 0
0 112 0 61 0 174 1
0 131 2 189 0 236 0
0 38 0 143 0 93 1
1 96 3 255 0 76 0
0 67 1 194 1 116 3
1 83 1 200 0 239 2
0 174 2 146 3 110 0
1 40 1 51 2 148 2
0 231 2 144 2 2 1
0 213 2 6 3 65 3
1 103 3 226 2 166 1
1 128 3 217 2 84 0
1 85 2 64 1 158 2
1 57 3 137 0 218 3
0 225 2 120 2 151 3
1 58 3 173 2 128 3
0 33 1 235 3 255 2
1 216 2 212 0 192 1
0 71 1 183 2 158 2
0 101 2 163 1 16 1
0 136 0 145 1 23 2
0 177 1 58 2 66 3
0 11 0 122 2 85 2
1 238 2 100 2 89 2
0 187 0 204 3 32 3
1 36 3 123 1 118 2
0 208 1 96 3 60 1
1 119 1 12 2 175 1
0 107 3 182 2 233 3
0 238 1 157 3 240 2
1 152 2 92 3 163 3
0 120 1 35 2 56 3
1 149 3 23 2 98 2
1 101 0 8 1 197 0
0 47 3 119 3 219 0
0 148 2 217 1 19 0
1 143 0 211 3 103 0
0 245 2 230 1 192 0
0 215 1 233 3 157 3
0 61 1 134 0 170 1
1 84 0 148 1 202 0
0 219 3 186 1 227 1
0 53 3 88 2 187 2
1 139 1 97 2 84 1
0 12 1 180 0 163 0
1 33 2 63 2 33 2
0 124 0 111 3 5 1
1 90 3 127 3 47 0
0 223 3 109 1 220 1
1 218 3 131 2 90 3
1 216 1 163 2 126 3
0 163 1 16 3 60 0
0 252 1 68 2 247 2
0 159 2 67 2 151 0
1 29 0 66 2 192 2
1 28 0 213 3 188 1
0 228 1 179 1 35 0
0 73 1 137 2 136 1
0 177 0 189 2 173 2
1 19 3 229 2 203 0
0 252 3 22 0 127 0
0 241 3 133 3 59 2
1 183 3 55 3 88 1
1 135 2 162 1 59 3
0 83 2 216 2 173 3
0 38 2 169 3 30 1
0 125 2 78 1 51 1
1 137 3 246 1 179 0
1 62 3 182 3 7 1
1 123 3 37 2 206 1
1 16 2 100 0 122 3
1 42 1 133 1 149 1
1 158 1 216 1 60 0
1 203 1 121 3 107 0
0 44 3 5 0 196 1
1 231 0 219 0 218 3
0 103 0 34 3 138 3
1 165 1 28 0 209 3
0 180 2 137 2 239 2
1 209 2 168 0 63 2
0 133 3 165 2 118 3
0 95 3 108 3 175 0
1 34 2 24 1 69 2
1 54 3 13 3 69 2
0 171 3 162 3 41 1
1 103 2 171 0 175 3
1 57 3 118 2 143 2
1 20 2 81 2 225 0
0 104 1 245 2 53 3
1 192 1 88 1 183 2
0 180 1 15 1 126 0
0 180 3 101 1 213 0
0 109 2 190 1 166 3
1 191 2 208 0 95 0
1 47 3 70 3 90 3
0 132 0 151 1 82 2
0 29 0 81 3 77 1
1 6 3 37 3 178 1
1 62 3 182 3 7 1
1 123 3 37 2 206 1
1 16 2 100 0 122 3
1 42 1 133 1 149 1
1 158 1 216 1 60 0
1 203 1 121 3 107 0
0 44 3 5 0 196 1
1 231 0 219 0 218 3
0 103 0 34 3 138 3
1 165 1 28 0 209 3
0 180 2 137 2 239 2
1 209 2 168 0 63 2
0 133 3 165 2 118 3
0 95 3 108 3 175 0
1 34 2 24 1 69 2
1 54 3 13 3 69 2
0 171 3 162 3 41 1
1 103 2 171 0 175 3
1 57 3 118 2 143 2
1 20 2 81 2 225 0
0 104 1 245 2 53 3
1 192 1 88 1 183 2
0 180 1 15 1 126 0
0 180 3 101 1 213 0
0 109 2 190 1 166 3
1 191 2 208 0 95 0
1 47 3 70 3 90 3
0 132 0 151 1 82 2
0 29 0 81 3 77 1
1 6 3 37 3 178 1
0 177 2 222 1 155 1
0 109 2 8 2 55 2
1 40 3 40 2 122 3
0 210 2 210 2 8 3
0 224 0 51 3 142 1
0 254 1 241 0 163 2
1 158 1 194 3 223 2
0 165 0 233 0 219 0
0 62 0 246 3 112 0
0 189 1 199 1 77 2
1 181 3 117 3 119 2
1 231 3 169 0 115 1
0 132 0 130 1 91 2
0 119 0 35 1 240 1
0 154 1 202 1 228 2
0 125 3 123 0 221 3
1 208 1 220 0 101 1
0 95 2 45 1 79 0
0 131 3 127 1 197 3
0 229 3 60 3 67 0
0 250 2 97 2 174 3
1 200 2 55 1 179 2
1 153 3 217 3 91 3
1 24 1 251 0 138 1
1 21 3 176 1 168 2
0 36 1 155 0 166 0
1 32 2 45 3 124 2
1 160 3 245 0 48 0
1 67 3 214 0 167 0
1 61 3 215 0 238 2
1 232 2 170 3 189 0
1 246 0 206 1 100 1
1 190 2 185 1 169 1
0 179 0 231 2 205 3
1 249 2 105 2 219 3
0 30 2 17 1 102 0
1 36 2 199 1 103 0
0 182 1 227 1 120 1
1 123 1 183 1 107 2
1 133 1 234 0 33 1
1 3 3 224 0 156 2
1 5 0 217 1 213 0
1 227 0 161 0 195 1
0 25 3 35 2 6 0
0 165 0 128 3 148 2
1 39 0 237 0 121 0
0 100 2 193 3 41 3
1 171 0 93 1 44 3
1 29 0 49 2 249 0
0 232 1 174 3 225 0
1 149 2 73 1 58 1
1 130 1 144 1 166 1
1 147 1 48 3 218 0
0 23 3 187 3 240 1
0 95 0 77 1 156 0
1 64 1 198 0 37 0
1 204 0 94 0 253 1
0 127 0 152 1 170 0
0 43 3 85 3 231 2
1 250 0 19 3 207 2
0 253 0 107 0 103 2
0 35 0 202 2 47 0
1 73 2 35 0 209 1
1 147 0 216 1 94 1
1 209 0 62 1 40 0
0 190 1 58 1 250 3
0 162 0 194 1 154 0
1 89 3 57 0 124 0
0 184 0 167 3 108 2
1 123 2 200 1 91 3
1 162 1 207 1 184 2
1 227 2 220 2 94 1
1 114 3 72 0 191 1
0 241 1 46 3 51 3
0 96 3 12 1 195 0
0 41 3 229 1 160 3
0 221 0 193 3 161 3
0 97 3 23 2 239 3
1 16 0 35 1 163 1
1 229 1 46 1 96 2
0 251 0 27 2 74 1
0 52 2 128 1 199 0
1 171 2 183 0 248 0
0 42 1 203 1 158 2
0 71 1 119 0 191 0
1 175 2 79 2 55 3
1 221 0 177 0 202 1
0 67 2 189 1 211 1
1 57 0 247 2 21 1
1 249 0 51 0 191 1
0 47 2 200 3 114 1
0 206 1 246 3 208 1
0 24 1 237 2 5 0
1 80 0 187 0 215 3
1 118 0 82 1 200 3
1 24 2 142 0 218 1
1 0 1 67 1 177 3
0 136 0 185 3 54 0
1 124 2 75 2 142 3
0 188 3 68 1 3 3
0 51 0 43 1 182 1
1 196 1 217 2 68 3
1 236 0 164 2 29 2
1 119 0 55 0 203 2
1 164 3 8 3 114 1
1 120 1 125 1 221 0
1 131 0 205 3 78 1
0 78 3 230 0 247 0
0 193 3 155 0 151 0
0 159 2 220 1 72 3
0 117 3 133 2 171 2
1 228 0 102 1 178 2
1 129 3 114 2 241 3
0 57 2 91 1 119 3
1 30 1 225 2 215 3
1 21 2 227 1 226 2
1 175 3 142 1 116 2
0 8 3 43 0 128 0
1 234 3 156 1 59 2
0 215 3 90 3 205 1
1 118 2 84 0 137 3
1 140 0 36 0 92 0
1 134 3 158 0 243 2
1 83 2 148 0 236 2
1 44 0 182 1 154 2
0 60 0 225 1 224 2
1 72 2 207 0 248 0
1 62 0 102 3 15 2
1 99 0 162 3 220 0
0 7 2 29 0 249 3
1 221 0 29 2 143 2
1 125 1 40 0 178 1
1 46 1 171 3 92 3
0 11 2 77 2 43 2
0 50 1 203 0 241 1
0 250 3 115 1 159 1
0 177 3 246 0 77 2
1 148 3 126 1 76 3
1 164 2 253 1 60 1
0 193 3 31 0 197 2
0 236 1 104 0 145 2
1 87 1 113 0 125 3
0 107 3 130 2 154 0
0 95 2 125 1 88 1
0 200 0 14 3 133 3
0 240 0 245 1 106 1
1 68 3 225 2 176 0
1 124 2 209 2 42 0
0 99 2 205 2 18 2
1 154 1 133 3 195 3
1 62 3 182 3 7 1
1 123 3 37 2 206 1
1 16 2 100 0 122 3
1 42 1 133 1 149 1
1 158 1 216 1 60 0
1 203 1 121 3 107 0
0 44 3 5 0 196 1
1 231 0 219 0 218 3
0 103 0 34 3 138 3
1 165 1 28 0 209 3
0 180 2 137 2 239 2
1 209 2 168 0 63 2
0 133 3 165 2 118 3
0 95 3 108 3 175 0
1 34 2 24 1 69 2
1 54 3 13 3 69 2
0 171 3 162 3 41 1
1 103 2 171 0 175 3
1 57 3 118 2 143 2
1 20 2 81 2 225 0
0 104 1 245 2 53 3
1 192 1 88 1 183 2
0 180 1 15 1 126 0
0 180 3 101 1 213 0
0 109 2 190 1 166 3
1 191 2 208 0 95 0
1 47 3 70 3 90 3
0 132 0 151 1 82 2
0 29 0 81 3 77 1
1 6 3 37 3 178 1
1 94 0 166 3 73 2
0 182 2 19 0 73 2
0 152 3 75 0 241 2
1 46 1 35 1 251 0
0 135 1 238 1 67 3
0 193 3 230 1 218 3
1 211 3 29 3 62 1
1 95 0 116 3 63 1
0 152 1 49 3 187 2
0 189 1 217 2 53 3
1 19 1 50 2 64 1
0 52 3 28 0 186 3
1 30 2 80 0 117 1
1 215 1 221 2 66 2
1 64 0 127 0 119 0
0 198 0 92 3 8 3
1 74 1 223 3 142 0
1 35 0 7 3 18 2
0 176 0 236 1 231 1
0 59 1 234 1 248 3
1 27 3 180 3 101 0
1 185 3 136 1 194 0
1 244 2 127 1 165 3
0 2 3 16 3 134 0
1 202 3 176 2 198 0
1 14 3 234 0 140 1
1 232 3 199 1 159 3
0 81 1 8 3 24 3
0 118 2 205 0 89 1
1 150 0 141 3 47 2
1 62 3 182 3 7 1
1 123 3 37 2 206 1
1 16 2 100 0 122 3
1 42 1 133 1 149 1
1 158 1 216 1 60 0
1 203 1 121 3 107 0
0 44 3 5 0 196 1
1 231 0 219 0 218 3
0 103 0 34 3 138 3
1 165 1 28 0 209 3
0 180 2 137 2 239 2
1 209 2 168 0 63 2
0 133 3 165 2 118 3
0 95 3 108 3 175 0
1 34 2 24 1 69 2
1 54 3 13 3 69 2
0 171 3 162 3 41 1
1 103 2 171 0 175 3
1 57 3 118 2 143 2
1 20 2 81 2 225 0
0 104 1 245 2 53 3
1 192 1 88 1 183 2
0 180 1 15 1 126 0
0 180 3 101 1 213 0
0 109 2 190 1 166 3
1 191 2 208 0 95 0
1 47 3 70 3 90 3
0 132 0 151 1 82 2
0 29 0 81 3 77 1
1 6 3 37 3 178 1
1 62 3 182 3 7 1
1 123 3 37 2 206 1
1 16 2 100 0 122 3
1 42 1 133 1 149 1
1 158 1 216 1 60 0
1 203 1 121 3 107 0
0 44 3 5 0 196 1
1 231 0 219 0 218 3
0 103 0 34 3 138 3
1 165 1 28 0 209 3
0 180 2 137 2 239 2
1 209 2 168 0 63 2
0 133 3 165 2 118 3
0 95 3 108 3 175 0
1 34 2 24 1 69 2
1 54 3 13 3 69 2
0 171 3 162 3 41 1
1 103 2 171 0 175 3
1 57 3 118 2 143 2
1 20 2 81 2 225 0
0 104 1 245 2 53 3
1 192 1 88 1 183 2
0 180 1 15 1 126 0
0 180 3 101 1 213 0
0 109 2 190 1 166 3
1 191 2 208 0 95 0
1 47 3 70 3 90 3
0 132 0 151 1 82 2
0 29 0 81 3 77 1
1 6 3 37 3 178 1
0 250 2 140 2 176 1
0 221 1 151 1 248 1
1 17 1 104 2 75 3
1 151 2 97 2 129 1
0 186 1 181 2 228 2
0 216 2 233 3 18 2
0 138 1 209 2 59 2
0 80 0 228 3 83 1
0 162 1 121 2 8 0
0 48 3 173 1 239 2
1 60 1 17 2 103 2
0 75 1 95 0 133 3
1 40 1 202 1 118 2
1 7 2 113 3 242 2
1 151 3 251 0 24 2
0 255 3 93 3 105 3
1 2 0 255 2 31 3
0 110 0 63 3 210 3
0 14 0 118 0 75 0
1 170 1 109 3 93 2
1 185 1 193 0 217 1
0 102 3 120 3 88 0
0 64 1 9 2 161 1
0 110 3 25 2 164 0
1 113 3 56 0 235 2
1 24 1 240 2 91 1
0 106 1 167 1 137 2
1 170 0 38 3 133 0
1 247 1 118 0 215 2
1 84 0 76 1 248 1
1 62 3 182 3 7 1
1 123 3 37 2 206 1
1 16 2 100 0 122 3
1 42 1 133 1 149 1
1 158 1 216 1 60 0
1 203 1 121 3 107 0
0 44 3 5 0 196 1
1 231 0 219 0 218 3
0 103 0 34 3 138 3
1 165 1 28 0 209 3
0 180 2 137 2 239 2
1 209 2 168 0 63 2
0 133 3 165 2 118 3
0 95 3 108 3 175 0
1 34 2 24 1 69 2
1 54 3 13 3 69 2
0 171 3 162 3 41 1
1 103 2 171 0 175 3
1 57 3 118 2 143 2
1 20 2 81 2 225 0
0 104 1 245 2 53 3
1 192 1 88 1 183 2
0 180 1 15 1 126 0
0 180 3 101 1 213 0
0 109 2 190 1 166 3
1 191 2 208 0 95 0
1 47 3 70 3 90 3
0 132 0 151 1 82 2
0 29 0 81 3 77 1
1 6 3 37 3 178 1
1 62 3 182 3 7 1
1 123 3 37 2 206 1
1 16 2 100 0 122 3
1 42 1 133 1 149 1
1 158 1 216 1 60 0
1 203 1 121 3 107 0
0 44 3 5 0 196 1
1 231 0 219 0 218 3
0 103 0 34 3 138 3
1 165 1 28 0 209 3
0 180 2 137 2 239 2
1 209 2 168 0 63 2
0 133 3 165 2 118 3
0 95 3 108 3 175 0
1 34 2 24 1 69 2
1 54 3 13 3 69 2
0 171 3 162 3 41 1
1 103 2 171 0 175 3
1 57 3 118 2 143 2
1 20 2 81 2 225 0
0 104 1 245 2 53 3
1 192 1 88 1 183 2
0 180 1 15 1 126 0
0 180 3 101 1 213 0
0 109 2 190 1 166 3
1 191 2 208 0 95 0
1 47 3 70 3 90 3
0 132 0 151 1 82 2
0 29 0 81 3 77 1
1 6 3 37 3 178 1
0 13 0 189 0 172 3
1 155 0 14 2 168 3
1 12 3 35 2 103 1
1 72 3 153 1 22 1
1 219 0 122 2 153 3
0 51 3 187 1 173 3
1 241 3 106 0 250 0
0 130 0 45 3 26 1
0 232 3 94 0 177 0
1 57 2 134 1 13 1
1 52 3 36 3 17 3
0 41 1 194 3 231 2
0 14 2 6 3 86 0
0 162 0 111 1 54 0
0 185 3 68 1 21 2
1 119 0 209 1 25 0
1 161 0 54 2 80 3
0 47 3 158 2 225 2
1 12 1 131 3 107 0
0 122 1 45 1 131 2
0 84 1 40 3 128 3
0 72 3 27 0 183 3
0 229 2 77 2 187 2
1 13 2 224 1 230 3
0 107 1 20 0 200 1
0 24 3 202 3 37 1
0 252 3 234 1 124 0
1 17 2 74 1 243 3
0 35 3 0 3 57 2
0 234 3 169 1 124 0
0 16 1 241 3 196 0
1 240 2 119 2 132 2
0 95 2 202 3 127 2
0 195 2 77 3 77 3
1 51 2 234 2 78 1
1 84 2 193 2 22 0
0 148 2 115 0 138 3
0 65 1 155 2 3 2
0 88 1 67 1 205 3
1 36 2 168 3 139 2
1 247 3 174 2 127 1
0 179 3 195 0 194 1
1 31 0 117 1 112 3
0 192 3 238 1 30 0
0 229 3 169 0 222 3
1 121 2 131 2 128 1
1 223 3 119 2 182 1
1 126 0 246 2 167 2
1 146 1 27 3 245 2
0 158 1 154 0 98 1
1 245 3 99 0 116 3
1 100 0 94 0 17 3
0 246 2 142 2 132 1
1 180 3 138 2 88 3
1 76 0 103 3 36 1
1 39 2 219 1 24 0
1 245 2 238 3 178 1
0 240 0 146 1 252 3
0 45 3 239 3 112 3
0 100 3 85 0 71 2
1 205 2 83 1 48 3
1 134 2 235 3 168 0
0 73 0 17 0 254 2
1 30 3 67 1 50 3
1 198 0 11 3 172 2
0 71 2 67 3 214 2
0 4 2 57 2 126 2
0 121 2 73 2 240 2
1 20 3 236 3 120 2
0 121 0 119 0 189 0
1 5 0 22 0 242 3
0 181 1 16 0 220 0
1 16 1 216 0 124 0
1 246 0 149 3 42 2
0 251 0 196 2 62 3
0 110 1 102 3 141 1
0 152 2 145 0 89 1
0 137 3 17 3 155 1
0 177 2 59 3 240 3
0 18 3 151 2 20 0
1 196 2 191 2 223 1
1 133 1 71 0 162 2
0 85 3 247 1 81 1
1 162 0 10 2 117 3
0 203 1 64 3 177 0
1 166 3 50 3 121 0
0 5 1 233 2 172 1
1 174 2 32 2 103 2
0 52 2 175 3 55 3
0 45 0 106 0 226 2
1 62 3 182 3 7 1
1 123 3 37 2 206 1
1 16 2 100 0 122 3
1 42 1 133 1 149 1
1 158 1 216 1 60 0
1 203 1 121 3 107 0
0 44 3 5 0 196 1
1 231 0 219 0 218 3
0 103 0 34 3 138 3
1 165 1 28 0 209 3
0 180 2 137 2 239 2
1 209 2 168 0 63 2
0 133 3 165 2 118 3
0 95 3 108 3 175 0
1 34 2 24 1 69 2
1 54 3 13 3 69 2
0 171 3 162 3 41 1
1 103 2 171 0 175 3
1 57 3 118 2 143 2
1 20 2 81 2 225 0
0 104 1 245 2 53 3
1 192 1 88 1 183 2
0 180 1 15 1 126 0
0 180 3 101 1 213 0
0 109 2 190 1 166 3
1 191 2 208 0 95 0
1 47 3 70 3 90 3
0 132 0 151 1 82 2
0 29 0 81 3 77 1
1 6 3 37 3 178 1
1 62 3 182 3 7 1
1 123 3 37 2 206 1
1 16 2 100 0 122 3
1 42 1 133 1 149 1
1 158 1 216 1 60 0
1 203 1 121 3 107 0
0 44 3 5 0 196 1
1 231 0 219 0 218 3
0 103 0 34 3 138 3
1 165 1 28 0 209 3
0 180 2 137 2 239 2
1 209 2 168 0 63 2
0 133 3 165 2 118 3
0 95 3 108 3 175 0
1 34 2 24 1 69 2
1 54 3 13 3 69 2
0 171 3 162 3 41 1
1 103 2 171 0 175 3
1 57 3 118 2 143 2
1 20 2 81 2 225 0
0 104 1 245 2 53 3
1 192 1 88 1 183 2
0 180 1 15 1 126 0
0 180 3 101 1 213 0
0 109 2 190 1 166 3
1 191 2 208 0 95 0
1 47 3 70 3 90 3
0 132 0 151 1 82 2
0 29 0 81 3 77 1
1 6 3 37 3 178 1
1 62 3 182 3 7 1
1 123 3 37 2 206 1
1 16 2 100 0 122 3
1 42 1 133 1 149 1
1 158 1 216 1 60 0
1 203 1 121 3 107 0
0 44 3 5 0 196 1
1 231 0 219 0 218 3
0 103 0 34 3 138 3
1 165 1 28 0 209 3
0 180 2 137 2 239 2
1 209 2 168 0 63 2
0 133 3 165 2 118 3
0 95 3 108 3 175 0
1 34 2 24 1 69 2
1 54 3 13 3 69 2
0 171 3 162 3 41 1
1 103 2 171 0 175 3
1 57 3 118 2 143 2
1 20 2 81 2 225 0
0 104 1 245 2 53 3
1 192 1 88 1 183 2
0 180 1 15 1 126 0
0 180 3 101 1 213 0
0 109 2 190 1 166 3
1 191 2 208 0 95 0
1 47 3 70 3 90 3
0 132 0 151 1 82 2
0 29 0 81 3 77 1
1 6 3 37 3 178 1
0 155 2 158 0 222 2
1 139 0 73 3 79 1
1 65 2 55 2 197 2
0 55 3 100 0 65 0
0 187 0 175 1 30 3
0 215 2 103 0 123 0
1 152 2 153 3 9 2
0 94 0 230 2 252 0
1 26 0 105 2 15 2
0 47 0 104 0 156 2
0 52 3 124 0 186 2
1 147 0 200 0 19 3
0 16 3 189 2 4 1
0 47 1 31 2 135 0
0 139 1 245 3 127 3
1 59 2 242 3 251 1
0 97 3 105 0 146 3
1 171 2 100 1 44 0
0 1 1 87 0 30 0
0 136 3 146 3 192 2
1 72 2 104 2 92 1
0 44 0 108 2 215 1
1 141 3 61 0 230 1
1 26 3 158 3 91 3
0 197 0 152 1 27 1
1 174 2 106 2 166 1
1 171 3 213 1 94 2
1 215 1 138 1 81 0
1 41 0 170 1 236 2
0 152 3 103 0 75 2
1 62 3 182 3 7 1
1 123 3 37 2 206 1
1 16 2 100 0 122 3
1 42 1 133 1 149 1
1 158 1 216 1 60 0
1 203 1 121 3 107 0
0 44 3 5 0 196 1
1 231 0 219 0 218 3
0 103 0 34 3 138 3
1 165 1 28 0 209 3
0 180 2 137 2 239 2
1 209 2 168 0 63 2
0 133 3 165 2 118 3
0 95 3 108 3 175 0
1 34 2 24 1 69 2
1 54 3 13 3 69 2
0 171 3 162 3 41 1
1 103 2 171 0 175 3
1 57 3 118 2 143 2
1 20 2 81 2 225 0
0 104 1 245 2 53 3
1 192 1 88 1 183 2
0 180 1 15 1 126 0
0 180 3 101 1 213 0
0 109 2 190 1 166 3
1 191 2 208 0 95 0
1 47 3 70 3 90 3
0 132 0 151 1 82 2
0 29 0 81 3 77 1
1 6 3 37 3 178 1
0 129 3 110 3 47 3
1 7 1 75 3 141 2
1 223 0 80 2 222 1
0 252 0 94 2 3 1
0 85 2 69 2 80 0
1 180 0 139 1 128 0
0 125 3 161 3 188 3
0 17 0 156 2 215 0
1 47 0 140 0 112 3
0 65 1 46 3 118 1
1 11 2 208 1 24 0
0 238 0 87 0 18 0
0 202 1 188 2 168 1
1 72 1 6 2 59 1
0 146 2 14 3 153 0
1 136 1 141 2 2 2
1 193 2 29 2 98 0
1 185 3 211 0 239 1
1 233 2 188 0 133 3
1 238 3 31 0 243 3
0 247 1 147 3 133 1
1 48 2 126 3 38 3
0 188 2 214 1 146 2
1 196 0 46 0 105 2
1 71 0 171 0 226 1
0 151 0 150 0 69 2
0 221 2 156 1 233 3
1 254 1 181 0 158 2
0 109 0 229 1 228 1
0 254 0 11 0 24 2
1 62 3 182 3 7 1
1 123 3 37 2 206 1
1 16 2 100 0 122 3
1 42 1 133 1 149 1
1 158 1 216 1 60 0
1 203 1 121 3 107 0
0 44 3 5 0 196 1
1 231 0 219 0 218 3
0 103 0 34 3 138 3
1 165 1 28 0 209 3
0 180 2 137 2 239 2
1 209 2 168 0 63 2
0 133 3 165 2 118 3
0 95 3 108 3 175 0
1 34 2 24 1 69 2
1 54 3 13 3 69 2
0 171 3 162 3 41 1
1 103 2 171 0 175 3
1 57 3 118 2 143 2
1 20 2 81 2 225 0
0 104 1 245 2 53 3
1 192 1 88 1 183 2
0 180 1 15 1 126 0
0 180 3 101 1 213 0
0 109 2 190 1 166 3
1 191 2 208 0 95 0
1 47 3 70 3 90 3
0 132 0 151 1 82 2
0 29 0 81 3 77 1
1 6 3 37 3 178 1
1 62 3 182 3 7 1
1 123 3 37 2 206 1
1 16 2 100 0 122 3
1 42 1 133 1 149 1
1 158 1 216 1 60 0
1 203 1 121 3 107 0
0 44 3 5 0 196 1
1 231 0 219 0 218 3
0 103 0 34 3 138 3
1 165 1 28 0 209 3
0 180 2 137 2 239 2
1 209 2 168 0 63 2
0 133 3 165 2 118 3
0 95 3 108 3 175 0
1 34 2 24 1 69 2
1 54 3 13 3 69 2
0 171 3 162 3 41 1
1 103 2 171 0 175 3
1 57 3 118 2 143 2
1 20 2 81 2 225 0
0 104 1 245 2 53 3
1 192 1 88 1 183 2
0 180 1 15 1 126 0
0 180 3 101 1 213 0
0 109 2 190 1 166 3
1 191 2 208 0 95 0
1 47 3 70 3 90 3
0 132 0 151 1 82 2
0 29 0 81 3 77 1
1 6 3 37 3 178 1
1 62 3 182 3 7 1
1 123 3 37 2 206 1
1 16 2 100 0 122 3
1 42 1 133 1 149 1
1 158 1 216 1 60 0
1 203 1 121 3 107 0
0 44 3 5 0 196 1
1 231 0 219 0 218 3
0 103 0 34 3 138 3
1 165 1 28 0 209 3
0 180 2 137 2 239 2
1 209 2 168 0 63 2
0 133 3 165 2 118 3
0 95 3 108 3 175 0
1 34 2 24 1 69 2
1 54 3 13 3 69 2
0 171 3 162 3 41 1
1 103 2 171 0 175 3
1 57 3 118 2 143 2
1 20 2 81 2 225 0
0 104 1 245 2 53 3
1 192 1 88 1 183 2
0 180 1 15 1 126 0
0 180 3 101 1 213 0
0 109 2 190 1 166 3
1 191 2 208 0 95 0
1 47 3 70 3 90 3
0 132 0 151 1 82 2
0 29 0 81 3 77 1
1 6 3 37 3 178 1
1 62 3 182 3 7 1
1 123 3 37 2 206 1
1 16 2 100 0 122 3
1 42 1 133 1 149 1
1 158 1 216 1 60 0
1 203 1 121 3 107 0
0 44 3 5 0 196 1
1 231 0 219 0 218 3
0 103 0 34 3 138 3
1 165 1 28 0 209 3
0 180 2 137 2 239 2
1 209 2 168 0 63 2
0 133 3 165 2 118 3
0 95 3 108 3 175 0
1 34 2 24 1 69 2
1 54 3 13 3 69 2
0 171 3 162 3 41 1
1 103 2 171 0 175 3
1 57 3 118 2 143 2
1 20 2 81 2 225 0
0 104 1 245 2 53 3
1 192 1 88 1 183 2
0 180 1 15 1 126 0
0 180 3 101 1 213 0
0 109 2 190 1 166 3
1 191 2 208 0 95 0
1 47 3 70 3 90 3
0 132 0 151 1 82 2
0 29 0 81 3 77 1
-1 6 3 37 3 178 1
