0 702 1 526 0 205 2
0 578 3 532 1 400 3
0 1022 0 800 1 550 3
0 312 3 18 2 789 3
1 779 3 798 3 634 0
0 287 3 791 2 735 3
1 119 3 1020 1 663 0
0 893 0 537 3 706 1
0 803 0 28 0 932 2
0 927 3 38 3 636 3
0 118 0 791 3 388 1
1 1005 1 869 1 444 0
0 637 1 19 1 644 0
0 357 2 864 3 984 2
0 1019 0 310 2 446 3
1 403 2 439 2 275 0
1 664 2 598 1 495 0
1 154 1 913 1 650 0
0 424 1 247 1 177 1
0 52 1 864 2 280 3
0 69 3 560 2 608 0
0 424 2 467 2 210 1
0 946 3 794 2 269 3
1 45 1 519 0 502 3
1 825 2 717 2 329 2
1 565 2 101 3 337 1
0 269 1 276 3 438 3
0 911 0 158 0 400 3
0 978 0 872 0 667 1
1 867 2 714 3 2 1
1 727 3 466 2 238 3
1 121 3 159 2 670 3
0 810 3 951 2 148 3
0 839 1 806 0 636 3
0 518 3 202 0 962 3
1 181 3 652 2 259 0
1 346 3 148 2 456 1
1 423 3 214 3 876 2
1 334 1 840 3 434 1
1 663 2 422 3 882 3
1 528 3 237 3 371 3
1 1016 1 79 1 333 2
0 854 3 1015 0 164 2
1 787 3 748 1 577 0
1 852 2 749 1 510 0
0 151 0 56 0 106 3
1 283 1 175 1 267 2
0 285 2 854 1 909 1
1 663 3 364 3 463 3
1 326 3 971 3 22 3
1 164 1 638 0 595 2
0 581 3 340 0 143 0
1 1021 1 405 0 598 3
0 235 1 616 0 810 0
1 1000 1 1017 3 913 1
1 147 2 386 0 62 3
0 1004 3 214 3 341 0
1 133 3 123 3 960 1
0 1020 1 452 0 105 1
0 416 3 685 2 806 2
0 702 1 526 0 205 2
0 578 3 532 1 400 3
0 1022 0 800 1 550 3
0 312 3 18 2 789 3
1 779 3 798 3 634 0
0 287 3 791 2 735 3
1 119 3 1020 1 663 0
0 893 0 537 3 706 1
0 803 0 28 0 932 2
0 927 3 38 3 636 3
0 118 0 791 3 388 1
1 1005 1 869 1 444 0
0 637 1 19 1 644 0
0 357 2 864 3 984 2
0 1019 0 310 2 446 3
1 403 2 439 2 275 0
1 664 2 598 1 495 0
1 154 1 913 1 650 0
0 424 1 247 1 177 1
0 52 1 864 2 280 3
0 69 3 560 2 608 0
0 424 2 467 2 210 1
0 946 3 794 2 269 3
1 45 1 519 0 502 3
1 825 2 717 2 329 2
1 565 2 101 3 337 1
0 269 1 276 3 438 3
0 911 0 158 0 400 3
0 978 0 872 0 667 1
1 867 2 714 3 2 1
1 725 2 781 3 111 3
0 879 1 401 3 559 1
1 129 3 352 0 575 2
0 758 2 267 0 135 2
1 834 0 241 2 756 3
1 729 2 949 3 839 2
0 845 2 565 1 418 0
0 938 1 183 0 178 3
0 545 1 702 1 492 1
1 131 2 17 3 461 0
1 89 2 224 2 1013 1
1 823 0 875 2 160 2
0 335 3 805 1 609 1
1 188 3 194 0 826 2
0 491 1 190 1 351 2
0 414 2 386 2 725 1
0 104 3 626 0 498 1
0 923 3 1019 1 944 0
0 260 2 953 0 758 3
0 188 2 557 1 372 3
1 974 1 512 2 405 2
0 381 0 93 3 317 1
1 525 1 82 1 295 1
0 746 0 756 1 419 0
0 504 1 986 1 684 1
0 703 1 662 0 596 2
0 445 3 496 2 617 2
0 731 0 625 2 33 0
0 765 0 691 3 588 3
0 700 0 56 3 905 3
1 589 2 871 0 547 1
1 179 2 584 0 805 3
1 609 0 520 3 713 1
1 522 0 989 3 140 1
1 224 1 972 1 986 0
0 100 0 107 2 378 1
0 799 3 660 3 902 3
1 1009 1 633 0 104 1
0 813 0 376 1 671 2
0 334 1 908 1 729 2
0 503 0 756 0 763 3
1 812 2 510 1 253 0
1 367 3 859 2 184 2
1 790 0 738 1 390 0
0 505 3 156 1 776 0
1 484 2 311 0 444 0
0 142 0 131 3 910 1
1 966 0 288 3 302 3
1 850 3 250 0 889 3
1 234 1 222 3 418 1
0 143 1 493 2 983 2
0 806 0 691 0 769 1
1 86 2 744 2 729 1
0 565 0 512 3 119 3
1 825 0 651 0 516 0
0 859 2 827 0 779 3
0 207 1 87 3 380 1
1 667 3 402 2 840 3
0 777 0 405 2 749 3
0 702 3 589 2 728 0
0 702 1 526 0 205 2
0 578 3 532 1 400 3
0 1022 0 800 1 550 3
0 312 3 18 2 789 3
1 779 3 798 3 634 0
0 287 3 791 2 735 3
1 119 3 1020 1 663 0
0 893 0 537 3 706 1
0 803 0 28 0 932 2
0 927 3 38 3 636 3
0 118 0 791 3 388 1
1 1005 1 869 1 444 0
0 637 1 19 1 644 0
0 357 2 864 3 984 2
0 1019 0 310 2 446 3
1 403 2 439 2 275 0
1 664 2 598 1 495 0
1 154 1 913 1 650 0
0 424 1 247 1 177 1
0 52 1 864 2 280 3
0 69 3 560 2 608 0
0 424 2 467 2 210 1
0 946 3 794 2 269 3
1 45 1 519 0 502 3
1 825 2 717 2 329 2
1 565 2 101 3 337 1
0 269 1 276 3 438 3
0 911 0 158 0 400 3
0 978 0 872 0 667 1
1 867 2 714 3 2 1
1 901 1 58 2 711 0
1 723 2 340 1 34 3
0 601 2 789 1 187 0
1 767 2 871 2 327 0
0 526 1 177 1 194 0
1 939 3 486 3 273 2
0 716 3 686 2 23 3
1 378 1 308 0 942 0
0 728 0 376 0 482 2
0 391 3 552 0 600 0
1 253 3 172 3 401 1
1 217 0 2 0 48 0
1 372 0 655 2 272 3
1 794 3 984 1 1011 3
0 104 1 338 3 851 2
0 1003 1 897 3 348 0
1 293 0 810 0 1021 0
1 872 1 358 1 586 3
0 920 2 607 1 775 2
0 452 3 958 1 775 2
1 425 3 219 2 938 0
0 764 3 283 0 568 0
1 146 0 738 0 5 3
1 790 2 351 2 106 3
1 583 2 766 3 818 2
1 102 2 362 2 60 0
0 386 0 320 2 450 0
1 207 2 288 1 895 1
1 794 3 613 0 219 0
1 1017 2 662 2 765 2
0 702 1 526 0 205 2
0 578 3 532 1 400 3
0 1022 0 800 1 550 3
0 312 3 18 2 789 3
1 779 3 798 3 634 0
0 287 3 791 2 735 3
1 119 3 1020 1 663 0
0 893 0 537 3 706 1
0 803 0 28 0 932 2
0 927 3 38 3 636 3
0 118 0 791 3 388 1
1 1005 1 869 1 444 0
0 637 1 19 1 644 0
0 357 2 864 3 984 2
0 1019 0 310 2 446 3
1 403 2 439 2 275 0
1 664 2 598 1 495 0
1 154 1 913 1 650 0
0 424 1 247 1 177 1
0 52 1 864 2 280 3
0 69 3 560 2 608 0
0 424 2 467 2 210 1
0 946 3 794 2 269 3
1 45 1 519 0 502 3
1 825 2 717 2 329 2
1 565 2 101 3 337 1
0 269 1 276 3 438 3
0 911 0 158 0 400 3
0 978 0 872 0 667 1
1 867 2 714 3 2 1
0 702 1 526 0 205 2
0 578 3 532 1 400 3
0 1022 0 800 1 550 3
0 312 3 18 2 789 3
1 779 3 798 3 634 0
0 287 3 791 2 735 3
1 119 3 1020 1 663 0
0 893 0 537 3 706 1
0 803 0 28 0 932 2
0 927 3 38 3 636 3
0 118 0 791 3 388 1
1 1005 1 869 1 444 0
0 637 1 19 1 644 0
0 357 2 864 3 984 2
0 1019 0 310 2 446 3
1 403 2 439 2 275 0
1 664 2 598 1 495 0
1 154 1 913 1 650 0
0 424 1 247 1 177 1
0 52 1 864 2 280 3
0 69 3 560 2 608 0
0 424 2 467 2 210 1
0 946 3 794 2 269 3
1 45 1 519 0 502 3
1 825 2 717 2 329 2
1 565 2 101 3 337 1
0 269 1 276 3 438 3
0 911 0 158 0 400 3
0 978 0 872 0 667 1
1 867 2 714 3 2 1
0 702 1 526 0 205 2
0 578 3 532 1 400 3
0 1022 0 800 1 550 3
0 312 3 18 2 789 3
1 779 3 798 3 634 0
0 287 3 791 2 735 3
1 119 3 1020 1 663 0
0 893 0 537 3 706 1
0 803 0 28 0 932 2
0 927 3 38 3 636 3
0 118 0 791 3 388 1
1 1005 1 869 1 444 0
0 637 1 19 1 644 0
0 357 2 864 3 984 2
0 1019 0 310 2 446 3
1 403 2 439 2 275 0
1 664 2 598 1 495 0
1 154 1 913 1 650 0
0 424 1 247 1 177 1
0 52 1 864 2 280 3
0 69 3 560 2 608 0
0 424 2 467 2 210 1
0 946 3 794 2 269 3
1 45 1 519 0 502 3
1 825 2 717 2 329 2
1 565 2 101 3 337 1
0 269 1 276 3 438 3
0 911 0 158 0 400 3
0 978 0 872 0 667 1
1 867 2 714 3 2 1
0 702 1 526 0 205 2
0 578 3 532 1 400 3
0 1022 0 800 1 550 3
0 312 3 18 2 789 3
1 779 3 798 3 634 0
0 287 3 791 2 735 3
1 119 3 1020 1 663 0
0 893 0 537 3 706 1
0 803 0 28 0 932 2
0 927 3 38 3 636 3
0 118 0 791 3 388 1
1 1005 1 869 1 444 0
0 637 1 19 1 644 0
0 357 2 864 3 984 2
0 1019 0 310 2 446 3
1 403 2 439 2 275 0
1 664 2 598 1 495 0
1 154 1 913 1 650 0
0 424 1 247 1 177 1
0 52 1 864 2 280 3
0 69 3 560 2 608 0
0 424 2 467 2 210 1
0 946 3 794 2 269 3
1 45 1 519 0 502 3
1 825 2 717 2 329 2
1 565 2 101 3 337 1
0 269 1 276 3 438 3
0 911 0 158 0 400 3
0 978 0 872 0 667 1
1 867 2 714 3 2 1
0 702 1 526 0 205 2
0 578 3 532 1 400 3
0 1022 0 800 1 550 3
0 312 3 18 2 789 3
1 779 3 798 3 634 0
0 287 3 791 2 735 3
1 119 3 1020 1 663 0
0 893 0 537 3 706 1
0 803 0 28 0 932 2
0 927 3 38 3 636 3
0 118 0 791 3 388 1
1 1005 1 869 1 444 0
0 637 1 19 1 644 0
0 357 2 864 3 984 2
0 1019 0 310 2 446 3
1 403 2 439 2 275 0
1 664 2 598 1 495 0
1 154 1 913 1 650 0
0 424 1 247 1 177 1
0 52 1 864 2 280 3
0 69 3 560 2 608 0
0 424 2 467 2 210 1
0 946 3 794 2 269 3
1 45 1 519 0 502 3
1 825 2 717 2 329 2
1 565 2 101 3 337 1
0 269 1 276 3 438 3
0 911 0 158 0 400 3
0 978 0 872 0 667 1
1 867 2 714 3 2 1
0 421 3 899 3 629 1
0 1011 3 654 3 409 2
1 156 2 325 0 349 3
0 706 1 389 3 260 0
0 630 3 485 2 523 2
0 700 1 514 1 324 3
1 374 1 865 1 370 3
0 204 2 996 3 437 0
0 285 1 925 2 334 0
0 752 2 481 2 348 3
1 646 3 629 2 415 0
0 658 0 380 0 400 3
0 20 1 489 3 337 0
0 387 0 787 2 368 0
0 306 2 741 0 65 2
1 453 2 724 3 422 1
1 284 3 348 2 798 2
1 878 2 193 2 856 1
1 1004 0 167 3 474 2
1 320 1 264 3 606 0
0 863 1 362 0 931 3
0 975 1 852 3 533 2
0 262 2 110 2 926 2
0 73 0 745 1 361 2
0 487 1 561 1 986 2
0 833 3 682 1 490 1
0 952 3 280 1 57 3
1 266 3 854 0 771 2
0 575 3 138 3 313 1
0 126 0 922 2 440 3
0 702 1 526 0 205 2
0 578 3 532 1 400 3
0 1022 0 800 1 550 3
0 312 3 18 2 789 3
1 779 3 798 3 634 0
0 287 3 791 2 735 3
1 119 3 1020 1 663 0
0 893 0 537 3 706 1
0 803 0 28 0 932 2
0 927 3 38 3 636 3
0 118 0 791 3 388 1
1 1005 1 869 1 444 0
0 637 1 19 1 644 0
0 357 2 864 3 984 2
0 1019 0 310 2 446 3
1 403 2 439 2 275 0
1 664 2 598 1 495 0
1 154 1 913 1 650 0
0 424 1 247 1 177 1
0 52 1 864 2 280 3
0 69 3 560 2 608 0
0 424 2 467 2 210 1
0 946 3 794 2 269 3
1 45 1 519 0 502 3
1 825 2 717 2 329 2
1 565 2 101 3 337 1
0 269 1 276 3 438 3
0 911 0 158 0 400 3
0 978 0 872 0 667 1
1 867 2 714 3 2 1
0 702 1 526 0 205 2
0 578 3 532 1 400 3
0 1022 0 800 1 550 3
0 312 3 18 2 789 3
1 779 3 798 3 634 0
0 287 3 791 2 735 3
1 119 3 1020 1 663 0
0 893 0 537 3 706 1
0 803 0 28 0 932 2
0 927 3 38 3 636 3
0 118 0 791 3 388 1
1 1005 1 869 1 444 0
0 637 1 19 1 644 0
0 357 2 864 3 984 2
0 1019 0 310 2 446 3
1 403 2 439 2 275 0
1 664 2 598 1 495 0
1 154 1 913 1 650 0
0 424 1 247 1 177 1
0 52 1 864 2 280 3
0 69 3 560 2 608 0
0 424 2 467 2 210 1
0 946 3 794 2 269 3
1 45 1 519 0 502 3
1 825 2 717 2 329 2
1 565 2 101 3 337 1
0 269 1 276 3 438 3
0 911 0 158 0 400 3
0 978 0 872 0 667 1
1 867 2 714 3 2 1
0 702 1 526 0 205 2
0 578 3 532 1 400 3
0 1022 0 800 1 550 3
0 312 3 18 2 789 3
1 779 3 798 3 634 0
0 287 3 791 2 735 3
1 119 3 1020 1 663 0
0 893 0 537 3 706 1
0 803 0 28 0 932 2
0 927 3 38 3 636 3
0 118 0 791 3 388 1
1 1005 1 869 1 444 0
0 637 1 19 1 644 0
0 357 2 864 3 984 2
0 1019 0 310 2 446 3
1 403 2 439 2 275 0
1 664 2 598 1 495 0
1 154 1 913 1 650 0
0 424 1 247 1 177 1
0 52 1 864 2 280 3
0 69 3 560 2 608 0
0 424 2 467 2 210 1
0 946 3 794 2 269 3
1 45 1 519 0 502 3
1 825 2 717 2 329 2
1 565 2 101 3 337 1
0 269 1 276 3 438 3
0 911 0 158 0 400 3
0 978 0 872 0 667 1
1 867 2 714 3 2 1
1 880 3 346 1 739 1
0 591 3 217 0 620 3
0 871 1 80 1 601 2
1 563 1 171 2 415 2
1 345 0 427 0 167 2
1 129 0 645 2 423 3
1 254 2 240 0 1002 3
1 547 1 529 1 722 3
1 46 0 622 3 1008 2
0 483 0 528 0 114 2
0 683 1 49 2 471 2
1 383 1 233 2 187 2
1 577 1 611 1 597 2
1 524 3 813 2 645 0
0 972 3 838 1 181 1
1 645 2 437 3 848 0
0 455 1 336 2 166 3
1 165 3 44 3 271 1
1 867 0 530 2 881 2
1 856 1 538 2 692 1
1 870 1 747 3 311 1
1 868 1 980 2 878 3
0 61 2 186 2 315 2
0 543 0 473 2 18 0
0 769 0 523 0 108 1
0 841 0 128 2 815 2
1 356 2 881 1 941 3
0 609 3 780 2 950 3
1 706 3 16 3 902 3
0 279 2 121 1 837 2
1 711 2 128 1 321 3
1 928 1 419 1 109 3
0 105 3 144 2 428 0
1 278 1 916 0 654 0
1 553 2 149 1 1010 2
0 308 3 542 2 31 3
1 213 3 323 3 829 3
1 520 0 524 3 387 3
0 71 3 333 2 48 3
1 875 1 907 1 427 0
0 465 3 561 3 853 1
0 873 1 161 0 830 1
1 590 1 516 1 10 3
0 478 3 195 3 3 1
1 544 1 538 1 925 3
0 747 0 497 0 434 2
1 892 1 731 2 662 2
1 790 3 225 2 648 3
1 971 1 806 0 600 2
1 305 1 279 2 294 3
1 789 3 523 0 933 2
0 352 1 772 0 679 3
1 170 3 974 3 684 2
1 459 2 387 2 755 3
0 648 0 874 1 933 0
1 237 3 326 1 693 2
0 305 1 11 3 813 3
0 627 1 25 0 896 2
1 995 3 571 0 982 1
0 813 2 765 3 520 1
0 702 1 526 0 205 2
0 578 3 532 1 400 3
0 1022 0 800 1 550 3
0 312 3 18 2 789 3
1 779 3 798 3 634 0
0 287 3 791 2 735 3
1 119 3 1020 1 663 0
0 893 0 537 3 706 1
0 803 0 28 0 932 2
0 927 3 38 3 636 3
0 118 0 791 3 388 1
1 1005 1 869 1 444 0
0 637 1 19 1 644 0
0 357 2 864 3 984 2
0 1019 0 310 2 446 3
1 403 2 439 2 275 0
1 664 2 598 1 495 0
1 154 1 913 1 650 0
0 424 1 247 1 177 1
0 52 1 864 2 280 3
0 69 3 560 2 608 0
0 424 2 467 2 210 1
0 946 3 794 2 269 3
1 45 1 519 0 502 3
1 825 2 717 2 329 2
1 565 2 101 3 337 1
0 269 1 276 3 438 3
0 911 0 158 0 400 3
0 978 0 872 0 667 1
1 867 2 714 3 2 1
0 702 1 526 0 205 2
0 578 3 532 1 400 3
0 1022 0 800 1 550 3
0 312 3 18 2 789 3
1 779 3 798 3 634 0
0 287 3 791 2 735 3
1 119 3 1020 1 663 0
0 893 0 537 3 706 1
0 803 0 28 0 932 2
0 927 3 38 3 636 3
0 118 0 791 3 388 1
1 1005 1 869 1 444 0
0 637 1 19 1 644 0
0 357 2 864 3 984 2
0 1019 0 310 2 446 3
1 403 2 439 2 275 0
1 664 2 598 1 495 0
1 154 1 913 1 650 0
0 424 1 247 1 177 1
0 52 1 864 2 280 3
0 69 3 560 2 608 0
0 424 2 467 2 210 1
0 946 3 794 2 269 3
1 45 1 519 0 502 3
1 825 2 717 2 329 2
1 565 2 101 3 337 1
0 269 1 276 3 438 3
0 911 0 158 0 400 3
0 978 0 872 0 667 1
1 867 2 714 3 2 1
0 702 1 526 0 205 2
0 578 3 532 1 400 3
0 1022 0 800 1 550 3
0 312 3 18 2 789 3
1 779 3 798 3 634 0
0 287 3 791 2 735 3
1 119 3 1020 1 663 0
0 893 0 537 3 706 1
0 803 0 28 0 932 2
0 927 3 38 3 636 3
0 118 0 791 3 388 1
1 1005 1 869 1 444 0
0 637 1 19 1 644 0
0 357 2 864 3 984 2
0 1019 0 310 2 446 3
1 403 2 439 2 275 0
1 664 2 598 1 495 0
1 154 1 913 1 650 0
0 424 1 247 1 177 1
0 52 1 864 2 280 3
0 69 3 560 2 608 0
0 424 2 467 2 210 1
0 946 3 794 2 269 3
1 45 1 519 0 502 3
1 825 2 717 2 329 2
1 565 2 101 3 337 1
0 269 1 276 3 438 3
0 911 0 158 0 400 3
0 978 0 872 0 667 1
1 867 2 714 3 2 1
0 702 1 526 0 205 2
0 578 3 532 1 400 3
0 1022 0 800 1 550 3
0 312 3 18 2 789 3
1 779 3 798 3 634 0
0 287 3 791 2 735 3
1 119 3 1020 1 663 0
0 893 0 537 3 706 1
0 803 0 28 0 932 2
0 927 3 38 3 636 3
0 118 0 791 3 388 1
1 1005 1 869 1 444 0
0 637 1 19 1 644 0
0 357 2 864 3 984 2
0 1019 0 310 2 446 3
1 403 2 439 2 275 0
1 664 2 598 1 495 0
1 154 1 913 1 650 0
0 424 1 247 1 177 1
0 52 1 864 2 280 3
0 69 3 560 2 608 0
0 424 2 467 2 210 1
0 946 3 794 2 269 3
1 45 1 519 0 502 3
1 825 2 717 2 329 2
1 565 2 101 3 337 1
0 269 1 276 3 438 3
0 911 0 158 0 400 3
0 978 0 872 0 667 1
1 867 2 714 3 2 1
0 702 1 526 0 205 2
0 578 3 532 1 400 3
0 1022 0 800 1 550 3
0 312 3 18 2 789 3
1 779 3 798 3 634 0
0 287 3 791 2 735 3
1 119 3 1020 1 663 0
0 893 0 537 3 706 1
0 803 0 28 0 932 2
0 927 3 38 3 636 3
0 118 0 791 3 388 1
1 1005 1 869 1 444 0
0 637 1 19 1 644 0
0 357 2 864 3 984 2
0 1019 0 310 2 446 3
1 403 2 439 2 275 0
1 664 2 598 1 495 0
1 154 1 913 1 650 0
0 424 1 247 1 177 1
0 52 1 864 2 280 3
0 69 3 560 2 608 0
0 424 2 467 2 210 1
0 946 3 794 2 269 3
1 45 1 519 0 502 3
1 825 2 717 2 329 2
1 565 2 101 3 337 1
0 269 1 276 3 438 3
0 911 0 158 0 400 3
0 978 0 872 0 667 1
1 867 2 714 3 2 1
0 702 1 526 0 205 2
0 578 3 532 1 400 3
0 1022 0 800 1 550 3
0 312 3 18 2 789 3
1 779 3 798 3 634 0
0 287 3 791 2 735 3
1 119 3 1020 1 663 0
0 893 0 537 3 706 1
0 803 0 28 0 932 2
0 927 3 38 3 636 3
0 118 0 791 3 388 1
1 1005 1 869 1 444 0
0 637 1 19 1 644 0
0 357 2 864 3 984 2
0 1019 0 310 2 446 3
1 403 2 439 2 275 0
1 664 2 598 1 495 0
1 154 1 913 1 650 0
0 424 1 247 1 177 1
0 52 1 864 2 280 3
0 69 3 560 2 608 0
0 424 2 467 2 210 1
0 946 3 794 2 269 3
1 45 1 519 0 502 3
1 825 2 717 2 329 2
1 565 2 101 3 337 1
0 269 1 276 3 438 3
0 911 0 158 0 400 3
0 978 0 872 0 667 1
1 867 2 714 3 2 1
0 702 1 526 0 205 2
0 578 3 532 1 400 3
0 1022 0 800 1 550 3
0 312 3 18 2 789 3
1 779 3 798 3 634 0
0 287 3 791 2 735 3
1 119 3 1020 1 663 0
0 893 0 537 3 706 1
0 803 0 28 0 932 2
0 927 3 38 3 636 3
0 118 0 791 3 388 1
1 1005 1 869 1 444 0
0 637 1 19 1 644 0
0 357 2 864 3 984 2
0 1019 0 310 2 446 3
1 403 2 439 2 275 0
1 664 2 598 1 495 0
1 154 1 913 1 650 0
0 424 1 247 1 177 1
0 52 1 864 2 280 3
0 69 3 560 2 608 0
0 424 2 467 2 210 1
0 946 3 794 2 269 3
1 45 1 519 0 502 3
1 825 2 717 2 329 2
1 565 2 101 3 337 1
0 269 1 276 3 438 3
0 911 0 158 0 400 3
0 978 0 872 0 667 1
1 867 2 714 3 2 1
0 381 1 701 2 688 3
1 390 0 397 2 891 2
0 116 1 315 2 690 1
0 878 3 561 2 599 2
1 158 1 861 3 846 1
0 966 1 509 2 88 3
0 961 2 233 2 150 3
0 176 2 93 0 595 3
1 551 1 999 2 950 1
1 334 0 464 1 15 1
0 683 1 21 0 181 1
1 204 0 618 2 390 1
0 500 1 770 0 696 1
0 470 2 975 1 18 0
1 734 3 683 3 575 1
0 198 1 1000 3 364 0
1 572 3 627 1 271 3
1 40 0 130 1 910 3
0 636 3 706 1 461 0
1 622 1 399 0 976 1
1 983 3 449 2 367 0
0 227 1 717 2 227 0
1 10 1 992 2 784 1
1 830 2 759 0 618 3
1 208 1 297 2 719 0
1 111 0 460 3 613 0
0 666 1 144 1 699 1
0 112 1 916 1 950 1
1 302 2 196 1 249 2
1 64 0 1003 1 597 2
0 702 1 526 0 205 2
0 578 3 532 1 400 3
0 1022 0 800 1 550 3
0 312 3 18 2 789 3
1 779 3 798 3 634 0
0 287 3 791 2 735 3
1 119 3 1020 1 663 0
0 893 0 537 3 706 1
0 803 0 28 0 932 2
0 927 3 38 3 636 3
0 118 0 791 3 388 1
1 1005 1 869 1 444 0
0 637 1 19 1 644 0
0 357 2 864 3 984 2
0 1019 0 310 2 446 3
1 403 2 439 2 275 0
1 664 2 598 1 495 0
1 154 1 913 1 650 0
0 424 1 247 1 177 1
0 52 1 864 2 280 3
0 69 3 560 2 608 0
0 424 2 467 2 210 1
0 946 3 794 2 269 3
1 45 1 519 0 502 3
1 825 2 717 2 329 2
1 565 2 101 3 337 1
0 269 1 276 3 438 3
0 911 0 158 0 400 3
0 978 0 872 0 667 1
1 867 2 714 3 2 1
1 570 2 551 3 173 1
1 94 0 756 0 279 0
1 512 2 1015 2 847 2
0 847 1 841 1 538 2
0 157 0 722 1 612 1
0 287 0 60 2 556 1
0 679 1 283 3 479 1
0 470 2 846 3 197 0
1 521 1 484 0 414 3
0 95 3 225 0 370 1
1 104 0 366 3 171 1
0 76 1 907 3 197 0
1 641 2 607 3 849 2
1 126 0 676 3 540 0
1 50 2 314 3 306 1
1 417 3 979 1 230 0
1 819 1 961 0 718 1
0 749 1 208 2 815 3
1 684 0 68 3 578 3
1 187 3 408 0 144 3
0 36 1 272 2 304 3
0 966 2 183 0 993 2
0 642 2 631 3 514 0
0 305 2 647 0 830 0
1 538 2 553 2 267 0
0 682 0 362 1 308 1
0 241 3 210 3 571 3
1 838 2 103 1 828 0
0 202 3 837 0 595 1
0 224 0 697 2 206 2
0 146 2 655 0 743 1
0 808 0 558 3 934 3
1 323 2 716 1 651 3
1 171 1 875 1 283 2
0 611 1 662 3 764 0
1 874 0 613 3 413 1
0 154 2 350 3 303 1
1 491 2 702 0 678 2
1 283 1 289 0 890 3
1 704 1 703 1 204 0
1 728 2 32 0 99 3
1 1015 1 290 1 693 1
0 688 3 432 2 179 1
1 250 2 245 3 795 1
0 544 0 324 1 476 3
0 186 0 49 1 804 0
0 33 3 303 0 474 2
0 836 3 228 2 946 0
1 549 0 732 1 15 3
1 269 1 499 2 899 3
0 905 3 102 1 719 1
0 924 1 1001 3 305 3
1 972 2 992 2 921 2
1 597 1 849 3 882 2
1 101 2 674 0 42 2
0 916 1 380 0 814 2
0 285 2 893 0 239 3
1 349 3 470 0 573 1
1 549 1 162 3 390 3
1 585 1 268 0 752 0
0 702 1 526 0 205 2
0 578 3 532 1 400 3
0 1022 0 800 1 550 3
0 312 3 18 2 789 3
1 779 3 798 3 634 0
0 287 3 791 2 735 3
1 119 3 1020 1 663 0
0 893 0 537 3 706 1
0 803 0 28 0 932 2
0 927 3 38 3 636 3
0 118 0 791 3 388 1
1 1005 1 869 1 444 0
0 637 1 19 1 644 0
0 357 2 864 3 984 2
0 1019 0 310 2 446 3
1 403 2 439 2 275 0
1 664 2 598 1 495 0
1 154 1 913 1 650 0
0 424 1 247 1 177 1
0 52 1 864 2 280 3
0 69 3 560 2 608 0
0 424 2 467 2 210 1
0 946 3 794 2 269 3
1 45 1 519 0 502 3
1 825 2 717 2 329 2
1 565 2 101 3 337 1
0 269 1 276 3 438 3
0 911 0 158 0 400 3
0 978 0 872 0 667 1
1 867 2 714 3 2 1
0 702 1 526 0 205 2
0 578 3 532 1 400 3
0 1022 0 800 1 550 3
0 312 3 18 2 789 3
1 779 3 798 3 634 0
0 287 3 791 2 735 3
1 119 3 1020 1 663 0
0 893 0 537 3 706 1
0 803 0 28 0 932 2
0 927 3 38 3 636 3
0 118 0 791 3 388 1
1 1005 1 869 1 444 0
0 637 1 19 1 644 0
0 357 2 864 3 984 2
0 1019 0 310 2 446 3
1 403 2 439 2 275 0
1 664 2 598 1 495 0
1 154 1 913 1 650 0
0 424 1 247 1 177 1
0 52 1 864 2 280 3
0 69 3 560 2 608 0
0 424 2 467 2 210 1
0 946 3 794 2 269 3
1 45 1 519 0 502 3
1 825 2 717 2 329 2
1 565 2 101 3 337 1
0 269 1 276 3 438 3
0 911 0 158 0 400 3
0 978 0 872 0 667 1
1 867 2 714 3 2 1
0 702 1 526 0 205 2
0 578 3 532 1 400 3
0 1022 0 800 1 550 3
0 312 3 18 2 789 3
1 779 3 798 3 634 0
0 287 3 791 2 735 3
1 119 3 1020 1 663 0
0 893 0 537 3 706 1
0 803 0 28 0 932 2
0 927 3 38 3 636 3
0 118 0 791 3 388 1
1 1005 1 869 1 444 0
0 637 1 19 1 644 0
0 357 2 864 3 984 2
0 1019 0 310 2 446 3
1 403 2 439 2 275 0
1 664 2 598 1 495 0
1 154 1 913 1 650 0
0 424 1 247 1 177 1
0 52 1 864 2 280 3
0 69 3 560 2 608 0
0 424 2 467 2 210 1
0 946 3 794 2 269 3
1 45 1 519 0 502 3
1 825 2 717 2 329 2
1 565 2 101 3 337 1
0 269 1 276 3 438 3
0 911 0 158 0 400 3
0 978 0 872 0 667 1
1 867 2 714 3 2 1
0 702 1 526 0 205 2
0 578 3 532 1 400 3
0 1022 0 800 1 550 3
0 312 3 18 2 789 3
1 779 3 798 3 634 0
0 287 3 791 2 735 3
1 119 3 1020 1 663 0
0 893 0 537 3 706 1
0 803 0 28 0 932 2
0 927 3 38 3 636 3
0 118 0 791 3 388 1
1 1005 1 869 1 444 0
0 637 1 19 1 644 0
0 357 2 864 3 984 2
0 1019 0 310 2 446 3
1 403 2 439 2 275 0
1 664 2 598 1 495 0
1 154 1 913 1 650 0
0 424 1 247 1 177 1
0 52 1 864 2 280 3
0 69 3 560 2 608 0
0 424 2 467 2 210 1
0 946 3 794 2 269 3
1 45 1 519 0 502 3
1 825 2 717 2 329 2
1 565 2 101 3 337 1
0 269 1 276 3 438 3
0 911 0 158 0 400 3
0 978 0 872 0 667 1
-1 867 2 714 3 2 1
