1 35 2 48 3 30 1
1 1 3 29 3 26 2
0 18 1 47 0 34 1
0 42 0 0 0 54 3
0 46 3 54 1 53 3
0 55 2 56 0 9 3
1 17 3 17 0 14 0
1 31 2 15 3 35 2
0 35 1 8 3 35 3
0 54 1 1 3 12 1
1 52 3 10 0 35 2
1 50 0 6 1 31 1
0 2 3 23 1 58 3
0 52 1 1 3 11 3
0 58 1 35 2 16 2
0 59 2 15 2 61 3
1 25 2 46 2 9 2
0 22 1 41 1 35 3
0 56 3 63 0 48 2
0 37 3 18 2 10 2
0 40 1 3 0 11 2
0 12 3 15 0 0 3
1 40 1 7 3 22 3
1 44 0 19 1 6 2
1 22 1 62 0 16 2
1 48 3 44 1 55 3
1 52 3 22 0 27 1
0 27 2 13 1 38 3
1 20 3 9 2 42 3
1 28 0 20 1 40 1
1 35 2 48 3 30 1
1 1 3 29 3 26 2
0 18 1 47 0 34 1
0 42 0 0 0 54 3
0 46 3 54 1 53 3
0 55 2 56 0 9 3
1 17 3 17 0 14 0
1 31 2 15 3 35 2
0 35 1 8 3 35 3
0 54 1 1 3 12 1
1 52 3 10 0 35 2
1 50 0 6 1 31 1
0 2 3 23 1 58 3
0 52 1 1 3 11 3
0 58 1 35 2 16 2
0 59 2 15 2 61 3
1 25 2 46 2 9 2
0 22 1 41 1 35 3
0 56 3 63 0 48 2
0 37 3 18 2 10 2
0 40 1 3 0 11 2
0 12 3 15 0 0 3
1 40 1 7 3 22 3
1 44 0 19 1 6 2
1 22 1 62 0 16 2
1 48 3 44 1 55 3
1 52 3 22 0 27 1
0 27 2 13 1 38 3
1 20 3 9 2 42 3
1 28 0 20 1 40 1
0 2 2 39 2 39 3
1 6 3 15 2 8 3
1 16 2 24 3 26 3
1 10 2 54 0 18 1
0 2 2 62 1 62 1
0 4 2 21 0 55 0
1 28 2 58 1 60 3
0 49 0 21 1 56 2
0 54 3 20 1 13 0
0 48 0 41 0 33 0
0 32 0 33 2 48 1
1 30 2 6 3 52 0
0 2 3 6 2 53 2
1 33 1 58 0 22 1
0 61 1 46 1 11 1
1 15 1 44 1 26 3
1 52 3 0 2 23 3
0 40 0 59 0 2 3
0 3 1 1 1 61 3
0 22 2 50 1 15 3
1 21 1 37 2 32 2
0 9 3 0 3 45 0
1 21 0 63 2 3 2
1 45 0 8 1 41 1
0 48 1 3 2 22 0
0 59 2 22 0 50 3
1 27 3 36 1 16 2
0 22 2 32 3 10 2
0 34 2 53 3 36 1
1 35 1 33 1 62 3
1 35 2 48 3 30 1
1 1 3 29 3 26 2
0 18 1 47 0 34 1
0 42 0 0 0 54 3
0 46 3 54 1 53 3
0 55 2 56 0 9 3
1 17 3 17 0 14 0
1 31 2 15 3 35 2
0 35 1 8 3 35 3
0 54 1 1 3 12 1
1 52 3 10 0 35 2
1 50 0 6 1 31 1
0 2 3 23 1 58 3
0 52 1 1 3 11 3
0 58 1 35 2 16 2
0 59 2 15 2 61 3
1 25 2 46 2 9 2
0 22 1 41 1 35 3
0 56 3 63 0 48 2
0 37 3 18 2 10 2
0 40 1 3 0 11 2
0 12 3 15 0 0 3
1 40 1 7 3 22 3
1 44 0 19 1 6 2
1 22 1 62 0 16 2
1 48 3 44 1 55 3
1 52 3 22 0 27 1
0 27 2 13 1 38 3
1 20 3 9 2 42 3
1 28 0 20 1 40 1
0 41 2 10 3 55 0
0 53 0 42 3 56 3
1 34 3 24 3 34 3
0 15 0 59 0 10 1
1 45 2 58 2 28 2
0 48 0 13 2 0 1
0 19 2 50 3 40 0
0 48 2 10 0 27 0
0 30 2 51 3 28 0
0 7 3 40 0 11 1
0 8 1 30 3 21 3
0 27 0 34 3 57 1
1 35 3 57 3 58 2
1 47 1 8 1 63 1
0 22 3 61 3 26 0
1 0 0 28 1 45 3
0 2 0 32 0 11 2
1 52 2 43 0 26 0
0 32 1 26 0 12 0
0 43 1 53 1 63 1
0 10 1 25 2 35 2
1 15 3 54 1 12 0
1 31 1 29 2 42 2
0 58 1 43 3 47 1
1 2 2 59 3 1 2
1 5 0 51 1 20 2
1 48 2 50 0 43 3
0 31 2 20 1 51 2
1 19 3 21 3 57 3
1 1 2 13 3 28 0
1 35 2 48 3 30 1
1 1 3 29 3 26 2
0 18 1 47 0 34 1
0 42 0 0 0 54 3
0 46 3 54 1 53 3
0 55 2 56 0 9 3
1 17 3 17 0 14 0
1 31 2 15 3 35 2
0 35 1 8 3 35 3
0 54 1 1 3 12 1
1 52 3 10 0 35 2
1 50 0 6 1 31 1
0 2 3 23 1 58 3
0 52 1 1 3 11 3
0 58 1 35 2 16 2
0 59 2 15 2 61 3
1 25 2 46 2 9 2
0 22 1 41 1 35 3
0 56 3 63 0 48 2
0 37 3 18 2 10 2
0 40 1 3 0 11 2
0 12 3 15 0 0 3
1 40 1 7 3 22 3
1 44 0 19 1 6 2
1 22 1 62 0 16 2
1 48 3 44 1 55 3
1 52 3 22 0 27 1
0 27 2 13 1 38 3
1 20 3 9 2 42 3
1 28 0 20 1 40 1
1 35 2 48 3 30 1
1 1 3 29 3 26 2
0 18 1 47 0 34 1
0 42 0 0 0 54 3
0 46 3 54 1 53 3
0 55 2 56 0 9 3
1 17 3 17 0 14 0
1 31 2 15 3 35 2
0 35 1 8 3 35 3
0 54 1 1 3 12 1
1 52 3 10 0 35 2
1 50 0 6 1 31 1
0 2 3 23 1 58 3
0 52 1 1 3 11 3
0 58 1 35 2 16 2
0 59 2 15 2 61 3
1 25 2 46 2 9 2
0 22 1 41 1 35 3
0 56 3 63 0 48 2
0 37 3 18 2 10 2
0 40 1 3 0 11 2
0 12 3 15 0 0 3
1 40 1 7 3 22 3
1 44 0 19 1 6 2
1 22 1 62 0 16 2
1 48 3 44 1 55 3
1 52 3 22 0 27 1
0 27 2 13 1 38 3
1 20 3 9 2 42 3
1 28 0 20 1 40 1
1 35 2 48 3 30 1
1 1 3 29 3 26 2
0 18 1 47 0 34 1
0 42 0 0 0 54 3
0 46 3 54 1 53 3
0 55 2 56 0 9 3
1 17 3 17 0 14 0
1 31 2 15 3 35 2
0 35 1 8 3 35 3
0 54 1 1 3 12 1
1 52 3 10 0 35 2
1 50 0 6 1 31 1
0 2 3 23 1 58 3
0 52 1 1 3 11 3
0 58 1 35 2 16 2
0 59 2 15 2 61 3
1 25 2 46 2 9 2
0 22 1 41 1 35 3
0 56 3 63 0 48 2
0 37 3 18 2 10 2
0 40 1 3 0 11 2
0 12 3 15 0 0 3
1 40 1 7 3 22 3
1 44 0 19 1 6 2
1 22 1 62 0 16 2
1 48 3 44 1 55 3
1 52 3 22 0 27 1
0 27 2 13 1 38 3
1 20 3 9 2 42 3
1 28 0 20 1 40 1
1 35 2 48 3 30 1
1 1 3 29 3 26 2
0 18 1 47 0 34 1
0 42 0 0 0 54 3
0 46 3 54 1 53 3
0 55 2 56 0 9 3
1 17 3 17 0 14 0
1 31 2 15 3 35 2
0 35 1 8 3 35 3
0 54 1 1 3 12 1
1 52 3 10 0 35 2
1 50 0 6 1 31 1
0 2 3 23 1 58 3
0 52 1 1 3 11 3
0 58 1 35 2 16 2
0 59 2 15 2 61 3
1 25 2 46 2 9 2
0 22 1 41 1 35 3
0 56 3 63 0 48 2
0 37 3 18 2 10 2
0 40 1 3 0 11 2
0 12 3 15 0 0 3
1 40 1 7 3 22 3
1 44 0 19 1 6 2
1 22 1 62 0 16 2
1 48 3 44 1 55 3
1 52 3 22 0 27 1
0 27 2 13 1 38 3
1 20 3 9 2 42 3
1 28 0 20 1 40 1
1 35 2 48 3 30 1
1 1 3 29 3 26 2
0 18 1 47 0 34 1
0 42 0 0 0 54 3
0 46 3 54 1 53 3
0 55 2 56 0 9 3
1 17 3 17 0 14 0
1 31 2 15 3 35 2
0 35 1 8 3 35 3
0 54 1 1 3 12 1
1 52 3 10 0 35 2
1 50 0 6 1 31 1
0 2 3 23 1 58 3
0 52 1 1 3 11 3
0 58 1 35 2 16 2
0 59 2 15 2 61 3
1 25 2 46 2 9 2
0 22 1 41 1 35 3
0 56 3 63 0 48 2
0 37 3 18 2 10 2
0 40 1 3 0 11 2
0 12 3 15 0 0 3
1 40 1 7 3 22 3
1 44 0 19 1 6 2
1 22 1 62 0 16 2
1 48 3 44 1 55 3
1 52 3 22 0 27 1
0 27 2 13 1 38 3
1 20 3 9 2 42 3
1 28 0 20 1 40 1
1 35 2 48 3 30 1
1 1 3 29 3 26 2
0 18 1 47 0 34 1
0 42 0 0 0 54 3
0 46 3 54 1 53 3
0 55 2 56 0 9 3
1 17 3 17 0 14 0
1 31 2 15 3 35 2
0 35 1 8 3 35 3
0 54 1 1 3 12 1
1 52 3 10 0 35 2
1 50 0 6 1 31 1
0 2 3 23 1 58 3
0 52 1 1 3 11 3
0 58 1 35 2 16 2
0 59 2 15 2 61 3
1 25 2 46 2 9 2
0 22 1 41 1 35 3
0 56 3 63 0 48 2
0 37 3 18 2 10 2
0 40 1 3 0 11 2
0 12 3 15 0 0 3
1 40 1 7 3 22 3
1 44 0 19 1 6 2
1 22 1 62 0 16 2
1 48 3 44 1 55 3
1 52 3 22 0 27 1
0 27 2 13 1 38 3
1 20 3 9 2 42 3
1 28 0 20 1 40 1
1 35 2 48 3 30 1
1 1 3 29 3 26 2
0 18 1 47 0 34 1
0 42 0 0 0 54 3
0 46 3 54 1 53 3
0 55 2 56 0 9 3
1 17 3 17 0 14 0
1 31 2 15 3 35 2
0 35 1 8 3 35 3
0 54 1 1 3 12 1
1 52 3 10 0 35 2
1 50 0 6 1 31 1
0 2 3 23 1 58 3
0 52 1 1 3 11 3
0 58 1 35 2 16 2
0 59 2 15 2 61 3
1 25 2 46 2 9 2
0 22 1 41 1 35 3
0 56 3 63 0 48 2
0 37 3 18 2 10 2
0 40 1 3 0 11 2
0 12 3 15 0 0 3
1 40 1 7 3 22 3
1 44 0 19 1 6 2
1 22 1 62 0 16 2
1 48 3 44 1 55 3
1 52 3 22 0 27 1
0 27 2 13 1 38 3
1 20 3 9 2 42 3
1 28 0 20 1 40 1
1 35 2 48 3 30 1
1 1 3 29 3 26 2
0 18 1 47 0 34 1
0 42 0 0 0 54 3
0 46 3 54 1 53 3
0 55 2 56 0 9 3
1 17 3 17 0 14 0
1 31 2 15 3 35 2
0 35 1 8 3 35 3
0 54 1 1 3 12 1
1 52 3 10 0 35 2
1 50 0 6 1 31 1
0 2 3 23 1 58 3
0 52 1 1 3 11 3
0 58 1 35 2 16 2
0 59 2 15 2 61 3
1 25 2 46 2 9 2
0 22 1 41 1 35 3
0 56 3 63 0 48 2
0 37 3 18 2 10 2
0 40 1 3 0 11 2
0 12 3 15 0 0 3
1 40 1 7 3 22 3
1 44 0 19 1 6 2
1 22 1 62 0 16 2
1 48 3 44 1 55 3
1 52 3 22 0 27 1
0 27 2 13 1 38 3
1 20 3 9 2 42 3
1 28 0 20 1 40 1
1 35 2 48 3 30 1
1 1 3 29 3 26 2
0 18 1 47 0 34 1
0 42 0 0 0 54 3
0 46 3 54 1 53 3
0 55 2 56 0 9 3
1 17 3 17 0 14 0
1 31 2 15 3 35 2
0 35 1 8 3 35 3
0 54 1 1 3 12 1
1 52 3 10 0 35 2
1 50 0 6 1 31 1
0 2 3 23 1 58 3
0 52 1 1 3 11 3
0 58 1 35 2 16 2
0 59 2 15 2 61 3
1 25 2 46 2 9 2
0 22 1 41 1 35 3
0 56 3 63 0 48 2
0 37 3 18 2 10 2
0 40 1 3 0 11 2
0 12 3 15 0 0 3
1 40 1 7 3 22 3
1 44 0 19 1 6 2
1 22 1 62 0 16 2
1 48 3 44 1 55 3
1 52 3 22 0 27 1
0 27 2 13 1 38 3
1 20 3 9 2 42 3
1 28 0 20 1 40 1
0 34 1 58 0 12 2
0 23 1 0 1 50 1
0 52 0 51 0 32 3
1 52 0 16 1 23 1
1 0 3 50 1 24 0
0 43 0 17 3 0 0
0 20 3 46 1 61 2
1 42 1 27 3 26 0
1 28 0 34 2 56 3
0 38 0 24 2 25 0
0 12 1 57 0 45 2
0 47 1 40 2 58 2
1 29 0 9 0 61 1
0 22 2 51 1 34 1
0 6 0 41 1 23 3
0 35 1 63 1 38 0
0 9 3 7 2 43 3
0 7 3 36 3 29 3
1 41 1 5 0 18 2
1 26 3 54 0 6 2
1 22 2 11 0 8 2
0 61 2 53 3 44 3
0 6 1 14 3 20 2
0 57 2 44 1 18 0
1 45 3 61 2 37 1
0 50 2 10 1 8 1
1 8 1 16 2 28 3
0 12 2 7 3 54 2
0 0 0 46 2 44 0
1 16 3 5 1 3 0
1 35 2 48 3 30 1
1 1 3 29 3 26 2
0 18 1 47 0 34 1
0 42 0 0 0 54 3
0 46 3 54 1 53 3
0 55 2 56 0 9 3
1 17 3 17 0 14 0
1 31 2 15 3 35 2
0 35 1 8 3 35 3
0 54 1 1 3 12 1
1 52 3 10 0 35 2
1 50 0 6 1 31 1
0 2 3 23 1 58 3
0 52 1 1 3 11 3
0 58 1 35 2 16 2
0 59 2 15 2 61 3
1 25 2 46 2 9 2
0 22 1 41 1 35 3
0 56 3 63 0 48 2
0 37 3 18 2 10 2
0 40 1 3 0 11 2
0 12 3 15 0 0 3
1 40 1 7 3 22 3
1 44 0 19 1 6 2
1 22 1 62 0 16 2
1 48 3 44 1 55 3
1 52 3 22 0 27 1
0 27 2 13 1 38 3
1 20 3 9 2 42 3
1 28 0 20 1 40 1
1 35 2 48 3 30 1
1 1 3 29 3 26 2
0 18 1 47 0 34 1
0 42 0 0 0 54 3
0 46 3 54 1 53 3
0 55 2 56 0 9 3
1 17 3 17 0 14 0
1 31 2 15 3 35 2
0 35 1 8 3 35 3
0 54 1 1 3 12 1
1 52 3 10 0 35 2
1 50 0 6 1 31 1
0 2 3 23 1 58 3
0 52 1 1 3 11 3
0 58 1 35 2 16 2
0 59 2 15 2 61 3
1 25 2 46 2 9 2
0 22 1 41 1 35 3
0 56 3 63 0 48 2
0 37 3 18 2 10 2
0 40 1 3 0 11 2
0 12 3 15 0 0 3
1 40 1 7 3 22 3
1 44 0 19 1 6 2
1 22 1 62 0 16 2
1 48 3 44 1 55 3
1 52 3 22 0 27 1
0 27 2 13 1 38 3
1 20 3 9 2 42 3
1 28 0 20 1 40 1
1 23 3 41 3 33 2
1 44 3 43 0 37 3
0 14 1 63 0 43 1
1 47 1 33 2 60 0
0 12 2 25 1 60 2
0 16 0 61 3 61 1
1 51 3 15 0 32 1
1 17 3 8 1 33 3
0 28 1 11 2 19 1
0 49 1 24 3 27 3
1 54 1 41 1 5 1
0 29 2 54 3 43 0
1 63 0 35 3 8 1
1 35 1 14 3 62 3
0 13 0 44 1 29 0
0 26 1 19 0 21 3
1 32 0 9 0 33 0
1 49 1 34 2 32 2
0 51 0 60 0 63 3
0 46 2 11 2 30 0
1 10 0 52 1 56 1
0 58 0 4 0 19 1
1 45 2 41 1 34 0
0 22 2 49 1 0 1
0 16 3 57 0 38 1
0 10 1 14 0 26 1
0 24 0 31 2 42 0
0 39 2 21 3 48 2
1 61 3 21 3 44 2
1 59 1 61 0 9 2
1 35 2 48 3 30 1
1 1 3 29 3 26 2
0 18 1 47 0 34 1
0 42 0 0 0 54 3
0 46 3 54 1 53 3
0 55 2 56 0 9 3
1 17 3 17 0 14 0
1 31 2 15 3 35 2
0 35 1 8 3 35 3
0 54 1 1 3 12 1
1 52 3 10 0 35 2
1 50 0 6 1 31 1
0 2 3 23 1 58 3
0 52 1 1 3 11 3
0 58 1 35 2 16 2
0 59 2 15 2 61 3
1 25 2 46 2 9 2
0 22 1 41 1 35 3
0 56 3 63 0 48 2
0 37 3 18 2 10 2
0 40 1 3 0 11 2
0 12 3 15 0 0 3
1 40 1 7 3 22 3
1 44 0 19 1 6 2
1 22 1 62 0 16 2
1 48 3 44 1 55 3
1 52 3 22 0 27 1
0 27 2 13 1 38 3
1 20 3 9 2 42 3
1 28 0 20 1 40 1
1 35 2 48 3 30 1
1 1 3 29 3 26 2
0 18 1 47 0 34 1
0 42 0 0 0 54 3
0 46 3 54 1 53 3
0 55 2 56 0 9 3
1 17 3 17 0 14 0
1 31 2 15 3 35 2
0 35 1 8 3 35 3
0 54 1 1 3 12 1
1 52 3 10 0 35 2
1 50 0 6 1 31 1
0 2 3 23 1 58 3
0 52 1 1 3 11 3
0 58 1 35 2 16 2
0 59 2 15 2 61 3
1 25 2 46 2 9 2
0 22 1 41 1 35 3
0 56 3 63 0 48 2
0 37 3 18 2 10 2
0 40 1 3 0 11 2
0 12 3 15 0 0 3
1 40 1 7 3 22 3
1 44 0 19 1 6 2
1 22 1 62 0 16 2
1 48 3 44 1 55 3
1 52 3 22 0 27 1
0 27 2 13 1 38 3
1 20 3 9 2 42 3
1 28 0 20 1 40 1
1 35 2 48 3 30 1
1 1 3 29 3 26 2
0 18 1 47 0 34 1
0 42 0 0 0 54 3
0 46 3 54 1 53 3
0 55 2 56 0 9 3
1 17 3 17 0 14 0
1 31 2 15 3 35 2
0 35 1 8 3 35 3
0 54 1 1 3 12 1
1 52 3 10 0 35 2
1 50 0 6 1 31 1
0 2 3 23 1 58 3
0 52 1 1 3 11 3
0 58 1 35 2 16 2
0 59 2 15 2 61 3
1 25 2 46 2 9 2
0 22 1 41 1 35 3
0 56 3 63 0 48 2
0 37 3 18 2 10 2
0 40 1 3 0 11 2
0 12 3 15 0 0 3
1 40 1 7 3 22 3
1 44 0 19 1 6 2
1 22 1 62 0 16 2
1 48 3 44 1 55 3
1 52 3 22 0 27 1
0 27 2 13 1 38 3
1 20 3 9 2 42 3
1 28 0 20 1 40 1
0 55 0 14 0 50 0
1 5 2 34 2 24 0
1 61 2 58 0 34 2
1 12 2 50 3 30 0
0 60 1 26 3 26 1
1 35 2 60 1 18 1
0 11 3 23 3 35 3
0 1 0 43 3 32 2
1 20 2 5 2 19 2
1 59 2 24 0 38 3
0 29 0 42 3 55 1
1 60 0 60 3 56 3
0 56 0 28 1 40 2
0 15 1 29 0 7 3
1 13 3 10 1 3 1
0 26 3 18 2 14 2
1 49 1 31 2 14 2
0 31 2 58 2 10 0
0 9 3 48 1 46 0
0 18 3 43 0 38 1
0 43 1 52 2 47 1
0 44 2 9 2 39 3
1 61 0 5 2 22 2
1 11 1 15 0 59 1
0 61 2 14 1 52 2
0 46 2 35 3 52 0
0 62 1 50 0 50 1
1 60 3 18 3 27 1
0 56 3 26 0 17 2
0 18 0 4 0 31 1
1 58 0 35 3 8 1
0 9 3 13 0 4 0
1 46 2 42 1 21 2
0 56 3 34 2 43 3
0 30 3 29 2 18 2
0 27 1 26 0 62 3
0 4 1 37 0 49 2
0 42 3 9 0 45 3
1 8 2 3 1 45 3
0 63 0 16 3 58 3
1 59 0 46 1 8 3
0 31 1 58 3 8 3
1 47 0 35 0 2 0
1 3 3 63 3 43 2
1 59 1 20 2 56 2
0 50 0 3 3 38 1
1 15 2 5 0 55 1
0 13 2 44 0 34 1
0 33 0 58 2 40 3
0 29 0 33 1 57 3
0 25 0 54 3 24 1
0 61 2 16 1 47 2
0 10 3 7 2 19 0
1 59 3 20 3 50 3
1 26 3 17 3 2 3
1 5 2 13 1 53 3
0 32 0 17 2 19 1
0 61 1 2 0 0 0
1 42 0 16 3 17 3
0 6 0 49 2 13 2
1 35 2 48 3 30 1
1 1 3 29 3 26 2
0 18 1 47 0 34 1
0 42 0 0 0 54 3
0 46 3 54 1 53 3
0 55 2 56 0 9 3
1 17 3 17 0 14 0
1 31 2 15 3 35 2
0 35 1 8 3 35 3
0 54 1 1 3 12 1
1 52 3 10 0 35 2
1 50 0 6 1 31 1
0 2 3 23 1 58 3
0 52 1 1 3 11 3
0 58 1 35 2 16 2
0 59 2 15 2 61 3
1 25 2 46 2 9 2
0 22 1 41 1 35 3
0 56 3 63 0 48 2
0 37 3 18 2 10 2
0 40 1 3 0 11 2
0 12 3 15 0 0 3
1 40 1 7 3 22 3
1 44 0 19 1 6 2
1 22 1 62 0 16 2
1 48 3 44 1 55 3
1 52 3 22 0 27 1
0 27 2 13 1 38 3
1 20 3 9 2 42 3
1 28 0 20 1 40 1
1 36 0 5 3 49 3
1 43 0 16 0 12 1
1 23 2 18 1 10 0
0 46 3 47 2 31 1
1 60 0 26 3 44 3
0 31 1 61 3 51 1
1 19 3 45 2 11 1
0 16 1 26 2 62 0
1 63 2 55 1 7 1
1 61 1 1 1 5 3
0 27 2 53 3 49 2
1 3 0 37 3 2 2
0 63 2 33 2 24 1
0 54 3 36 2 60 0
0 42 1 13 3 10 0
1 62 0 24 2 42 2
1 22 0 41 0 14 2
0 62 0 34 2 0 3
0 29 0 45 2 61 2
0 51 0 20 0 51 3
0 52 0 21 3 2 1
0 12 0 63 3 25 1
0 40 1 52 2 54 1
1 42 2 10 2 51 1
1 39 1 14 0 2 0
1 17 0 38 1 53 1
0 57 3 48 0 22 2
0 32 0 55 3 57 1
1 43 3 10 1 25 0
0 58 0 7 2 28 0
1 35 2 48 3 30 1
1 1 3 29 3 26 2
0 18 1 47 0 34 1
0 42 0 0 0 54 3
0 46 3 54 1 53 3
0 55 2 56 0 9 3
1 17 3 17 0 14 0
1 31 2 15 3 35 2
0 35 1 8 3 35 3
0 54 1 1 3 12 1
1 52 3 10 0 35 2
1 50 0 6 1 31 1
0 2 3 23 1 58 3
0 52 1 1 3 11 3
0 58 1 35 2 16 2
0 59 2 15 2 61 3
1 25 2 46 2 9 2
0 22 1 41 1 35 3
0 56 3 63 0 48 2
0 37 3 18 2 10 2
0 40 1 3 0 11 2
0 12 3 15 0 0 3
1 40 1 7 3 22 3
1 44 0 19 1 6 2
1 22 1 62 0 16 2
1 48 3 44 1 55 3
1 52 3 22 0 27 1
0 27 2 13 1 38 3
1 20 3 9 2 42 3
1 28 0 20 1 40 1
0 42 0 44 1 25 3
1 33 3 35 3 41 2
1 52 0 58 2 35 3
1 42 3 48 3 48 0
0 45 0 57 1 9 1
1 34 1 27 2 19 1
1 58 0 54 0 15 2
1 51 1 44 3 42 1
0 50 2 63 3 36 0
0 35 3 44 1 20 0
1 5 3 39 0 53 1
1 20 0 27 2 17 1
1 28 0 6 1 9 3
0 4 0 34 0 49 2
0 56 3 54 1 26 3
1 56 1 17 1 61 2
1 38 2 0 2 41 1
1 38 1 0 1 48 2
0 34 2 51 3 2 1
1 45 0 49 0 12 1
0 16 3 25 3 43 0
0 4 0 2 3 56 0
1 2 2 8 3 53 2
1 35 1 12 3 36 1
1 14 0 2 3 32 1
1 18 3 16 2 42 3
0 27 3 31 2 20 2
0 39 2 54 0 41 0
1 50 1 57 2 40 0
1 21 1 4 1 0 0
1 35 2 48 3 30 1
1 1 3 29 3 26 2
0 18 1 47 0 34 1
0 42 0 0 0 54 3
0 46 3 54 1 53 3
0 55 2 56 0 9 3
1 17 3 17 0 14 0
1 31 2 15 3 35 2
0 35 1 8 3 35 3
0 54 1 1 3 12 1
1 52 3 10 0 35 2
1 50 0 6 1 31 1
0 2 3 23 1 58 3
0 52 1 1 3 11 3
0 58 1 35 2 16 2
0 59 2 15 2 61 3
1 25 2 46 2 9 2
0 22 1 41 1 35 3
0 56 3 63 0 48 2
0 37 3 18 2 10 2
0 40 1 3 0 11 2
0 12 3 15 0 0 3
1 40 1 7 3 22 3
1 44 0 19 1 6 2
1 22 1 62 0 16 2
1 48 3 44 1 55 3
1 52 3 22 0 27 1
0 27 2 13 1 38 3
1 20 3 9 2 42 3
1 28 0 20 1 40 1
1 35 2 48 3 30 1
1 1 3 29 3 26 2
0 18 1 47 0 34 1
0 42 0 0 0 54 3
0 46 3 54 1 53 3
0 55 2 56 0 9 3
1 17 3 17 0 14 0
1 31 2 15 3 35 2
0 35 1 8 3 35 3
0 54 1 1 3 12 1
1 52 3 10 0 35 2
1 50 0 6 1 31 1
0 2 3 23 1 58 3
0 52 1 1 3 11 3
0 58 1 35 2 16 2
0 59 2 15 2 61 3
1 25 2 46 2 9 2
0 22 1 41 1 35 3
0 56 3 63 0 48 2
0 37 3 18 2 10 2
0 40 1 3 0 11 2
0 12 3 15 0 0 3
1 40 1 7 3 22 3
1 44 0 19 1 6 2
1 22 1 62 0 16 2
1 48 3 44 1 55 3
1 52 3 22 0 27 1
0 27 2 13 1 38 3
1 20 3 9 2 42 3
1 28 0 20 1 40 1
0 57 0 16 2 30 3
0 31 3 41 0 63 1
1 24 1 29 3 36 1
0 4 2 31 1 38 3
1 2 2 16 2 62 3
1 7 1 29 2 3 2
0 18 1 49 3 29 2
0 30 1 8 1 23 1
1 63 1 22 1 23 3
1 43 2 38 1 6 0
0 21 3 46 1 53 3
0 13 1 6 3 58 1
0 45 0 15 2 18 2
0 39 3 15 1 11 0
1 36 0 14 0 12 3
0 58 0 62 2 62 3
1 63 3 5 2 39 2
0 29 2 54 0 2 0
0 59 0 21 1 53 1
1 50 0 47 3 50 1
0 54 2 11 2 43 3
1 54 2 41 0 4 2
0 62 1 34 1 27 3
1 56 2 45 0 41 0
1 37 1 43 3 25 1
0 27 0 1 0 16 0
0 35 2 55 0 46 1
0 44 1 28 3 13 2
0 61 1 19 3 35 1
0 52 1 60 0 6 1
1 35 2 48 3 30 1
1 1 3 29 3 26 2
0 18 1 47 0 34 1
0 42 0 0 0 54 3
0 46 3 54 1 53 3
0 55 2 56 0 9 3
1 17 3 17 0 14 0
1 31 2 15 3 35 2
0 35 1 8 3 35 3
0 54 1 1 3 12 1
1 52 3 10 0 35 2
1 50 0 6 1 31 1
0 2 3 23 1 58 3
0 52 1 1 3 11 3
0 58 1 35 2 16 2
0 59 2 15 2 61 3
1 25 2 46 2 9 2
0 22 1 41 1 35 3
0 56 3 63 0 48 2
0 37 3 18 2 10 2
0 40 1 3 0 11 2
0 12 3 15 0 0 3
1 40 1 7 3 22 3
1 44 0 19 1 6 2
1 22 1 62 0 16 2
1 48 3 44 1 55 3
1 52 3 22 0 27 1
0 27 2 13 1 38 3
1 20 3 9 2 42 3
1 28 0 20 1 40 1
0 29 1 5 0 18 1
0 27 2 46 0 1 1
0 31 1 61 1 57 3
1 34 1 32 2 35 2
1 10 2 60 3 9 1
0 39 0 31 2 60 0
0 35 2 31 3 27 2
1 57 1 14 3 61 0
1 31 2 17 0 30 1
1 25 3 47 3 35 3
1 36 3 18 2 28 2
1 1 0 35 1 0 1
0 19 0 16 0 22 2
0 5 1 33 1 40 1
1 15 1 6 3 55 1
0 46 2 21 1 41 1
0 9 2 36 3 19 3
0 30 1 51 0 33 1
1 44 2 38 1 23 1
1 28 3 13 3 2 2
0 1 3 36 2 8 3
0 26 3 29 1 42 1
0 43 0 7 3 33 1
1 16 2 1 0 30 3
1 1 3 32 2 35 3
1 8 2 14 0 62 3
0 50 1 22 3 5 3
1 44 1 20 0 22 1
1 63 3 44 0 56 1
1 48 0 36 1 19 0
1 35 2 48 3 30 1
1 1 3 29 3 26 2
0 18 1 47 0 34 1
0 42 0 0 0 54 3
0 46 3 54 1 53 3
0 55 2 56 0 9 3
1 17 3 17 0 14 0
1 31 2 15 3 35 2
0 35 1 8 3 35 3
0 54 1 1 3 12 1
1 52 3 10 0 35 2
1 50 0 6 1 31 1
0 2 3 23 1 58 3
0 52 1 1 3 11 3
0 58 1 35 2 16 2
0 59 2 15 2 61 3
1 25 2 46 2 9 2
0 22 1 41 1 35 3
0 56 3 63 0 48 2
0 37 3 18 2 10 2
0 40 1 3 0 11 2
0 12 3 15 0 0 3
1 40 1 7 3 22 3
1 44 0 19 1 6 2
1 22 1 62 0 16 2
1 48 3 44 1 55 3
1 52 3 22 0 27 1
0 27 2 13 1 38 3
1 20 3 9 2 42 3
-1 28 0 20 1 40 1
