1 418 0 248 1 212 2
0 266 3 472 1 264 3
1 393 0 82 3 152 3
0 41 1 485 1 97 1
0 311 2 81 1 502 0
1 322 0 99 0 481 0
1 449 0 334 2 396 1
0 155 2 280 1 277 3
1 146 2 450 1 302 1
0 454 2 282 3 22 0
0 309 3 371 2 397 1
1 299 1 408 3 385 3
0 16 1 248 0 228 0
1 223 3 125 0 284 0
0 37 0 112 0 48 2
0 455 1 414 3 396 2
0 296 1 369 2 476 3
0 57 3 370 0 477 3
0 146 0 415 0 493 1
1 411 2 147 0 468 0
1 385 3 117 2 273 3
0 171 0 364 3 66 0
0 116 0 25 1 282 2
0 124 3 480 2 208 3
1 338 1 88 1 209 3
0 70 1 216 2 255 0
0 312 2 26 2 37 3
1 152 2 497 1 70 3
0 255 1 243 2 282 2
1 156 0 456 3 419 0
0 126 1 408 0 273 1
0 92 1 395 0 240 0
0 497 3 352 2 308 1
0 338 3 227 2 223 0
0 16 1 31 2 51 1
1 166 0 337 3 107 1
0 181 2 246 1 144 1
1 233 2 140 3 278 1
0 293 3 496 1 46 1
1 301 2 401 2 352 2
1 89 1 389 1 225 0
1 457 3 82 0 294 0
0 216 2 89 1 300 3
1 301 0 83 2 501 3
0 259 0 210 2 376 3
0 399 2 152 0 374 1
0 483 2 343 3 351 1
0 87 2 420 1 118 3
0 467 0 342 3 485 0
0 152 1 133 0 321 2
1 417 1 106 1 184 1
1 504 1 31 1 64 1
1 507 0 51 3 459 1
0 462 2 47 0 33 3
0 67 3 184 2 486 2
1 104 2 446 1 239 1
0 284 2 119 0 3 0
1 178 2 259 1 479 1
1 81 2 102 2 146 3
1 181 0 224 3 456 2
0 228 1 405 0 245 3
1 426 2 120 1 122 1
0 357 3 307 1 217 3
1 145 1 411 0 361 3
0 486 3 288 0 52 2
1 141 0 245 3 117 3
1 35 3 87 3 11 1
0 121 0 323 1 431 0
1 441 2 459 1 344 0
0 365 0 255 0 358 3
0 380 1 410 0 162 2
0 40 3 59 1 488 2
1 84 2 414 0 32 0
1 420 2 167 2 188 0
0 292 2 440 0 390 1
0 315 2 507 0 315 0
0 169 2 378 2 457 1
0 290 2 307 1 208 3
0 338 2 501 1 127 3
0 38 3 354 0 340 3
1 128 0 464 0 425 3
1 501 3 268 2 48 2
1 439 2 252 3 507 3
0 343 1 318 2 340 0
0 406 2 157 1 271 3
1 25 1 488 3 295 2
0 448 2 253 0 2 2
0 168 2 282 3 247 1
1 503 1 169 1 95 0
1 386 2 312 0 401 1
1 135 3 467 2 400 0
1 272 1 284 2 92 0
1 388 0 361 2 406 0
0 3 0 235 1 402 1
0 68 3 60 1 242 0
0 15 0 114 3 264 2
1 59 1 315 0 339 3
0 280 0 416 3 462 3
1 422 3 286 0 26 1
0 194 0 301 1 76 0
0 302 2 12 0 58 2
1 406 1 507 3 361 2
1 405 1 407 1 255 0
1 322 1 113 2 475 1
0 156 3 509 2 89 3
1 149 3 311 0 450 2
0 170 0 487 3 442 0
0 262 2 483 1 467 3
1 225 1 45 2 174 3
1 215 1 382 3 199 1
0 410 3 313 0 177 3
0 71 3 478 1 209 1
1 388 3 39 3 499 3
0 323 0 76 1 49 2
1 477 2 433 1 262 3
1 153 3 244 1 340 1
0 123 2 394 3 427 2
0 160 3 9 2 507 1
1 158 2 183 2 319 2
1 199 3 168 0 86 0
0 449 2 506 2 365 1
0 148 0 225 0 36 2
1 488 2 386 3 54 3
0 496 2 362 2 297 3
1 283 0 327 3 112 2
0 476 0 231 3 422 3
0 14 1 487 2 68 3
0 480 3 468 2 144 3
0 38 2 477 0 344 2
0 461 0 363 1 182 0
1 347 1 355 1 170 0
1 177 3 291 2 287 0
0 165 2 364 2 64 2
1 267 0 408 0 62 2
1 507 0 104 2 320 0
1 135 3 467 2 400 0
1 272 1 284 2 92 0
1 388 0 361 2 406 0
0 3 0 235 1 402 1
0 68 3 60 1 242 0
0 15 0 114 3 264 2
1 59 1 315 0 339 3
0 280 0 416 3 462 3
1 422 3 286 0 26 1
0 194 0 301 1 76 0
0 302 2 12 0 58 2
1 406 1 507 3 361 2
1 405 1 407 1 255 0
1 322 1 113 2 475 1
0 156 3 509 2 89 3
1 149 3 311 0 450 2
0 170 0 487 3 442 0
0 262 2 483 1 467 3
1 225 1 45 2 174 3
1 215 1 382 3 199 1
0 410 3 313 0 177 3
0 71 3 478 1 209 1
1 388 3 39 3 499 3
0 323 0 76 1 49 2
1 477 2 433 1 262 3
1 153 3 244 1 340 1
0 123 2 394 3 427 2
0 160 3 9 2 507 1
1 158 2 183 2 319 2
1 199 3 168 0 86 0
0 449 2 506 2 365 1
0 148 0 225 0 36 2
1 488 2 386 3 54 3
0 496 2 362 2 297 3
1 283 0 327 3 112 2
0 476 0 231 3 422 3
0 14 1 487 2 68 3
0 480 3 468 2 144 3
0 38 2 477 0 344 2
0 461 0 363 1 182 0
1 347 1 355 1 170 0
1 177 3 291 2 287 0
0 165 2 364 2 64 2
1 267 0 408 0 62 2
1 507 0 104 2 320 0
1 16 1 262 1 118 2
0 267 2 71 3 7 3
1 408 3 1 0 361 3
1 104 2 212 2 221 0
1 313 3 418 1 144 3
0 112 0 301 1 2 2
0 313 1 434 3 266 2
1 467 1 485 2 99 3
1 442 2 177 0 407 3
1 506 2 212 3 7 1
0 122 2 200 2 7 0
0 102 1 20 3 488 1
1 318 3 135 3 227 0
1 100 0 174 0 263 3
1 316 3 134 3 294 0
0 368 0 241 1 112 3
1 275 2 71 2 274 3
0 174 1 167 1 41 2
0 58 2 488 1 142 2
1 48 0 422 1 323 0
1 489 3 386 1 138 3
1 268 2 368 1 382 3
1 232 1 86 0 96 1
0 361 1 221 0 322 0
0 205 0 268 2 303 2
1 16 3 263 0 230 2
1 139 3 426 3 150 2
0 295 2 238 0 108 1
0 357 1 287 2 357 3
1 22 3 395 1 322 3
0 154 0 357 3 28 1
1 208 0 78 0 428 1
1 365 3 179 0 73 0
0 240 3 63 1 475 0
0 84 3 302 3 301 3
1 365 3 52 3 229 1
1 369 0 28 3 300 2
0 467 1 220 3 19 1
0 419 3 140 1 240 3
0 59 2 397 0 320 0
0 205 1 229 3 81 2
1 386 2 284 2 330 1
0 304 2 484 0 84 1
1 365 1 35 0 437 0
0 227 0 236 2 232 2
1 135 3 467 2 400 0
1 272 1 284 2 92 0
1 388 0 361 2 406 0
0 3 0 235 1 402 1
0 68 3 60 1 242 0
0 15 0 114 3 264 2
1 59 1 315 0 339 3
0 280 0 416 3 462 3
1 422 3 286 0 26 1
0 194 0 301 1 76 0
0 302 2 12 0 58 2
1 406 1 507 3 361 2
1 405 1 407 1 255 0
1 322 1 113 2 475 1
0 156 3 509 2 89 3
1 149 3 311 0 450 2
0 170 0 487 3 442 0
0 262 2 483 1 467 3
1 225 1 45 2 174 3
1 215 1 382 3 199 1
0 410 3 313 0 177 3
0 71 3 478 1 209 1
1 388 3 39 3 499 3
0 323 0 76 1 49 2
1 477 2 433 1 262 3
1 153 3 244 1 340 1
0 123 2 394 3 427 2
0 160 3 9 2 507 1
1 158 2 183 2 319 2
1 199 3 168 0 86 0
0 449 2 506 2 365 1
0 148 0 225 0 36 2
1 488 2 386 3 54 3
0 496 2 362 2 297 3
1 283 0 327 3 112 2
0 476 0 231 3 422 3
0 14 1 487 2 68 3
0 480 3 468 2 144 3
0 38 2 477 0 344 2
0 461 0 363 1 182 0
1 347 1 355 1 170 0
1 177 3 291 2 287 0
0 165 2 364 2 64 2
1 267 0 408 0 62 2
1 507 0 104 2 320 0
1 135 3 467 2 400 0
1 272 1 284 2 92 0
1 388 0 361 2 406 0
0 3 0 235 1 402 1
0 68 3 60 1 242 0
0 15 0 114 3 264 2
1 59 1 315 0 339 3
0 280 0 416 3 462 3
1 422 3 286 0 26 1
0 194 0 301 1 76 0
0 302 2 12 0 58 2
1 406 1 507 3 361 2
1 405 1 407 1 255 0
1 322 1 113 2 475 1
0 156 3 509 2 89 3
1 149 3 311 0 450 2
0 170 0 487 3 442 0
0 262 2 483 1 467 3
1 225 1 45 2 174 3
1 215 1 382 3 199 1
0 410 3 313 0 177 3
0 71 3 478 1 209 1
1 388 3 39 3 499 3
0 323 0 76 1 49 2
1 477 2 433 1 262 3
1 153 3 244 1 340 1
0 123 2 394 3 427 2
0 160 3 9 2 507 1
1 158 2 183 2 319 2
1 199 3 168 0 86 0
0 449 2 506 2 365 1
0 148 0 225 0 36 2
1 488 2 386 3 54 3
0 496 2 362 2 297 3
1 283 0 327 3 112 2
0 476 0 231 3 422 3
0 14 1 487 2 68 3
0 480 3 468 2 144 3
0 38 2 477 0 344 2
0 461 0 363 1 182 0
1 347 1 355 1 170 0
1 177 3 291 2 287 0
0 165 2 364 2 64 2
1 267 0 408 0 62 2
1 507 0 104 2 320 0
1 135 3 467 2 400 0
1 272 1 284 2 92 0
1 388 0 361 2 406 0
0 3 0 235 1 402 1
0 68 3 60 1 242 0
0 15 0 114 3 264 2
1 59 1 315 0 339 3
0 280 0 416 3 462 3
1 422 3 286 0 26 1
0 194 0 301 1 76 0
0 302 2 12 0 58 2
1 406 1 507 3 361 2
1 405 1 407 1 255 0
1 322 1 113 2 475 1
0 156 3 509 2 89 3
1 149 3 311 0 450 2
0 170 0 487 3 442 0
0 262 2 483 1 467 3
1 225 1 45 2 174 3
1 215 1 382 3 199 1
0 410 3 313 0 177 3
0 71 3 478 1 209 1
1 388 3 39 3 499 3
0 323 0 76 1 49 2
1 477 2 433 1 262 3
1 153 3 244 1 340 1
0 123 2 394 3 427 2
0 160 3 9 2 507 1
1 158 2 183 2 319 2
1 199 3 168 0 86 0
0 449 2 506 2 365 1
0 148 0 225 0 36 2
1 488 2 386 3 54 3
0 496 2 362 2 297 3
1 283 0 327 3 112 2
0 476 0 231 3 422 3
0 14 1 487 2 68 3
0 480 3 468 2 144 3
0 38 2 477 0 344 2
0 461 0 363 1 182 0
1 347 1 355 1 170 0
1 177 3 291 2 287 0
0 165 2 364 2 64 2
1 267 0 408 0 62 2
1 507 0 104 2 320 0
1 135 3 467 2 400 0
1 272 1 284 2 92 0
1 388 0 361 2 406 0
0 3 0 235 1 402 1
0 68 3 60 1 242 0
0 15 0 114 3 264 2
1 59 1 315 0 339 3
0 280 0 416 3 462 3
1 422 3 286 0 26 1
0 194 0 301 1 76 0
0 302 2 12 0 58 2
1 406 1 507 3 361 2
1 405 1 407 1 255 0
1 322 1 113 2 475 1
0 156 3 509 2 89 3
1 149 3 311 0 450 2
0 170 0 487 3 442 0
0 262 2 483 1 467 3
1 225 1 45 2 174 3
1 215 1 382 3 199 1
0 410 3 313 0 177 3
0 71 3 478 1 209 1
1 388 3 39 3 499 3
0 323 0 76 1 49 2
1 477 2 433 1 262 3
1 153 3 244 1 340 1
0 123 2 394 3 427 2
0 160 3 9 2 507 1
1 158 2 183 2 319 2
1 199 3 168 0 86 0
0 449 2 506 2 365 1
0 148 0 225 0 36 2
1 488 2 386 3 54 3
0 496 2 362 2 297 3
1 283 0 327 3 112 2
0 476 0 231 3 422 3
0 14 1 487 2 68 3
0 480 3 468 2 144 3
0 38 2 477 0 344 2
0 461 0 363 1 182 0
1 347 1 355 1 170 0
1 177 3 291 2 287 0
0 165 2 364 2 64 2
1 267 0 408 0 62 2
1 507 0 104 2 320 0
1 135 3 467 2 400 0
1 272 1 284 2 92 0
1 388 0 361 2 406 0
0 3 0 235 1 402 1
0 68 3 60 1 242 0
0 15 0 114 3 264 2
1 59 1 315 0 339 3
0 280 0 416 3 462 3
1 422 3 286 0 26 1
0 194 0 301 1 76 0
0 302 2 12 0 58 2
1 406 1 507 3 361 2
1 405 1 407 1 255 0
1 322 1 113 2 475 1
0 156 3 509 2 89 3
1 149 3 311 0 450 2
0 170 0 487 3 442 0
0 262 2 483 1 467 3
1 225 1 45 2 174 3
1 215 1 382 3 199 1
0 410 3 313 0 177 3
0 71 3 478 1 209 1
1 388 3 39 3 499 3
0 323 0 76 1 49 2
1 477 2 433 1 262 3
1 153 3 244 1 340 1
0 123 2 394 3 427 2
0 160 3 9 2 507 1
1 158 2 183 2 319 2
1 199 3 168 0 86 0
0 449 2 506 2 365 1
0 148 0 225 0 36 2
1 488 2 386 3 54 3
0 496 2 362 2 297 3
1 283 0 327 3 112 2
0 476 0 231 3 422 3
0 14 1 487 2 68 3
0 480 3 468 2 144 3
0 38 2 477 0 344 2
0 461 0 363 1 182 0
1 347 1 355 1 170 0
1 177 3 291 2 287 0
0 165 2 364 2 64 2
1 267 0 408 0 62 2
1 507 0 104 2 320 0
0 185 2 131 3 275 3
1 456 2 181 1 40 3
0 324 0 9 0 473 1
1 412 0 191 2 74 0
0 220 3 112 3 409 1
1 238 0 275 2 127 2
1 339 3 329 1 231 3
0 289 2 311 2 118 2
0 225 0 101 2 76 3
0 194 3 98 1 323 0
0 11 3 465 1 273 3
0 218 3 82 2 460 3
0 123 3 147 2 208 3
0 273 0 340 2 23 3
0 141 3 411 3 263 1
1 424 3 342 0 9 0
1 392 0 170 1 39 3
0 445 2 293 0 370 2
0 177 0 285 1 457 0
1 351 3 36 1 131 2
1 445 0 223 2 28 3
1 79 1 21 1 249 1
1 338 1 496 0 170 0
1 391 2 473 3 422 3
0 145 2 318 2 244 0
0 219 3 295 3 286 3
1 221 3 452 1 421 3
0 340 0 171 3 431 3
0 359 0 306 1 337 1
0 20 3 281 2 503 3
1 26 0 388 3 485 3
1 226 1 259 1 168 0
0 511 1 338 0 102 1
0 176 1 163 3 352 3
0 313 2 197 1 143 3
1 438 0 471 2 420 1
1 287 1 366 0 97 1
1 510 0 500 2 84 1
0 288 3 372 1 467 1
1 114 3 74 2 316 3
1 381 1 218 2 278 3
1 454 2 362 3 393 2
0 244 2 449 0 50 3
1 472 1 135 0 330 1
0 240 1 250 0 232 2
1 135 3 467 2 400 0
1 272 1 284 2 92 0
1 388 0 361 2 406 0
0 3 0 235 1 402 1
0 68 3 60 1 242 0
0 15 0 114 3 264 2
1 59 1 315 0 339 3
0 280 0 416 3 462 3
1 422 3 286 0 26 1
0 194 0 301 1 76 0
0 302 2 12 0 58 2
1 406 1 507 3 361 2
1 405 1 407 1 255 0
1 322 1 113 2 475 1
0 156 3 509 2 89 3
1 149 3 311 0 450 2
0 170 0 487 3 442 0
0 262 2 483 1 467 3
1 225 1 45 2 174 3
1 215 1 382 3 199 1
0 410 3 313 0 177 3
0 71 3 478 1 209 1
1 388 3 39 3 499 3
0 323 0 76 1 49 2
1 477 2 433 1 262 3
1 153 3 244 1 340 1
0 123 2 394 3 427 2
0 160 3 9 2 507 1
1 158 2 183 2 319 2
1 199 3 168 0 86 0
0 449 2 506 2 365 1
0 148 0 225 0 36 2
1 488 2 386 3 54 3
0 496 2 362 2 297 3
1 283 0 327 3 112 2
0 476 0 231 3 422 3
0 14 1 487 2 68 3
0 480 3 468 2 144 3
0 38 2 477 0 344 2
0 461 0 363 1 182 0
1 347 1 355 1 170 0
1 177 3 291 2 287 0
0 165 2 364 2 64 2
1 267 0 408 0 62 2
1 507 0 104 2 320 0
1 353 2 401 1 330 0
1 486 3 70 3 17 0
1 258 1 474 2 484 2
0 472 3 14 2 509 0
0 24 3 95 1 154 3
1 320 2 125 3 383 2
0 223 2 17 1 412 0
0 203 1 64 1 419 2
0 194 1 430 1 390 3
0 175 1 353 1 67 2
1 241 3 18 0 246 2
0 129 1 235 3 509 2
1 153 3 251 0 202 0
1 210 1 98 0 42 3
0 326 1 444 0 298 1
1 2 0 46 1 498 3
0 349 3 93 0 168 2
1 4 3 143 3 399 2
1 437 1 259 0 28 3
0 270 1 178 1 343 0
0 173 2 200 0 261 3
0 359 3 510 2 43 0
0 90 3 71 1 409 1
1 205 3 440 0 347 1
1 161 3 387 1 198 3
1 50 0 384 0 31 1
1 340 1 502 0 468 3
0 184 1 358 2 308 2
0 428 2 231 3 106 2
1 316 1 131 2 320 1
0 445 1 354 2 288 1
1 456 0 339 3 264 1
1 433 3 91 1 488 3
1 200 3 327 2 162 1
0 491 2 228 1 239 0
1 477 2 336 1 286 3
0 100 0 396 1 459 3
0 146 3 326 1 103 0
0 229 3 306 0 11 1
0 369 2 121 3 326 2
0 228 0 241 0 395 3
0 27 2 477 2 457 2
1 297 1 509 0 20 1
1 381 3 125 1 134 1
0 150 1 383 1 302 0
1 135 3 467 2 400 0
1 272 1 284 2 92 0
1 388 0 361 2 406 0
0 3 0 235 1 402 1
0 68 3 60 1 242 0
0 15 0 114 3 264 2
1 59 1 315 0 339 3
0 280 0 416 3 462 3
1 422 3 286 0 26 1
0 194 0 301 1 76 0
0 302 2 12 0 58 2
1 406 1 507 3 361 2
1 405 1 407 1 255 0
1 322 1 113 2 475 1
0 156 3 509 2 89 3
1 149 3 311 0 450 2
0 170 0 487 3 442 0
0 262 2 483 1 467 3
1 225 1 45 2 174 3
1 215 1 382 3 199 1
0 410 3 313 0 177 3
0 71 3 478 1 209 1
1 388 3 39 3 499 3
0 323 0 76 1 49 2
1 477 2 433 1 262 3
1 153 3 244 1 340 1
0 123 2 394 3 427 2
0 160 3 9 2 507 1
1 158 2 183 2 319 2
1 199 3 168 0 86 0
0 449 2 506 2 365 1
0 148 0 225 0 36 2
1 488 2 386 3 54 3
0 496 2 362 2 297 3
1 283 0 327 3 112 2
0 476 0 231 3 422 3
0 14 1 487 2 68 3
0 480 3 468 2 144 3
0 38 2 477 0 344 2
0 461 0 363 1 182 0
1 347 1 355 1 170 0
1 177 3 291 2 287 0
0 165 2 364 2 64 2
1 267 0 408 0 62 2
1 507 0 104 2 320 0
1 135 3 467 2 400 0
1 272 1 284 2 92 0
1 388 0 361 2 406 0
0 3 0 235 1 402 1
0 68 3 60 1 242 0
0 15 0 114 3 264 2
1 59 1 315 0 339 3
0 280 0 416 3 462 3
1 422 3 286 0 26 1
0 194 0 301 1 76 0
0 302 2 12 0 58 2
1 406 1 507 3 361 2
1 405 1 407 1 255 0
1 322 1 113 2 475 1
0 156 3 509 2 89 3
1 149 3 311 0 450 2
0 170 0 487 3 442 0
0 262 2 483 1 467 3
1 225 1 45 2 174 3
1 215 1 382 3 199 1
0 410 3 313 0 177 3
0 71 3 478 1 209 1
1 388 3 39 3 499 3
0 323 0 76 1 49 2
1 477 2 433 1 262 3
1 153 3 244 1 340 1
0 123 2 394 3 427 2
0 160 3 9 2 507 1
1 158 2 183 2 319 2
1 199 3 168 0 86 0
0 449 2 506 2 365 1
0 148 0 225 0 36 2
1 488 2 386 3 54 3
0 496 2 362 2 297 3
1 283 0 327 3 112 2
0 476 0 231 3 422 3
0 14 1 487 2 68 3
0 480 3 468 2 144 3
0 38 2 477 0 344 2
0 461 0 363 1 182 0
1 347 1 355 1 170 0
1 177 3 291 2 287 0
0 165 2 364 2 64 2
1 267 0 408 0 62 2
1 507 0 104 2 320 0
1 135 3 467 2 400 0
1 272 1 284 2 92 0
1 388 0 361 2 406 0
0 3 0 235 1 402 1
0 68 3 60 1 242 0
0 15 0 114 3 264 2
1 59 1 315 0 339 3
0 280 0 416 3 462 3
1 422 3 286 0 26 1
0 194 0 301 1 76 0
0 302 2 12 0 58 2
1 406 1 507 3 361 2
1 405 1 407 1 255 0
1 322 1 113 2 475 1
0 156 3 509 2 89 3
1 149 3 311 0 450 2
0 170 0 487 3 442 0
0 262 2 483 1 467 3
1 225 1 45 2 174 3
1 215 1 382 3 199 1
0 410 3 313 0 177 3
0 71 3 478 1 209 1
1 388 3 39 3 499 3
0 323 0 76 1 49 2
1 477 2 433 1 262 3
1 153 3 244 1 340 1
0 123 2 394 3 427 2
0 160 3 9 2 507 1
1 158 2 183 2 319 2
1 199 3 168 0 86 0
0 449 2 506 2 365 1
0 148 0 225 0 36 2
1 488 2 386 3 54 3
0 496 2 362 2 297 3
1 283 0 327 3 112 2
0 476 0 231 3 422 3
0 14 1 487 2 68 3
0 480 3 468 2 144 3
0 38 2 477 0 344 2
0 461 0 363 1 182 0
1 347 1 355 1 170 0
1 177 3 291 2 287 0
0 165 2 364 2 64 2
1 267 0 408 0 62 2
1 507 0 104 2 320 0
0 306 3 319 3 358 0
0 156 1 464 2 58 1
1 428 1 298 0 262 0
1 324 0 425 0 32 2
0 196 1 412 2 460 1
1 466 1 292 3 316 3
1 191 1 60 1 62 1
0 118 3 411 1 336 3
0 485 2 141 0 69 1
0 128 1 200 3 161 1
1 320 0 359 1 350 2
1 16 3 184 2 140 0
1 287 3 195 0 484 3
0 319 1 368 0 309 2
0 107 0 162 0 510 2
1 45 3 81 1 287 3
0 506 0 497 3 208 0
0 130 1 156 1 199 3
0 345 1 182 1 263 2
1 59 0 424 2 424 2
0 203 2 247 2 465 1
0 218 3 171 3 290 3
1 111 2 8 0 481 0
0 344 3 292 1 317 0
0 194 2 80 0 25 1
1 105 3 64 3 73 2
1 262 2 419 2 478 2
1 493 0 214 2 448 3
0 47 1 189 2 340 0
1 421 0 213 2 503 2
1 348 0 137 1 487 3
0 137 3 44 1 386 2
0 277 2 51 0 498 3
1 334 3 157 0 87 2
1 187 0 315 1 101 3
1 511 0 245 3 22 3
0 497 3 259 2 435 1
1 434 1 415 2 0 3
1 488 3 391 1 371 0
1 195 3 406 2 120 3
0 204 3 329 2 116 0
1 288 1 17 0 308 1
0 463 2 146 1 322 0
0 386 1 138 2 95 0
0 127 3 151 3 314 0
1 135 3 467 2 400 0
1 272 1 284 2 92 0
1 388 0 361 2 406 0
0 3 0 235 1 402 1
0 68 3 60 1 242 0
0 15 0 114 3 264 2
1 59 1 315 0 339 3
0 280 0 416 3 462 3
1 422 3 286 0 26 1
0 194 0 301 1 76 0
0 302 2 12 0 58 2
1 406 1 507 3 361 2
1 405 1 407 1 255 0
1 322 1 113 2 475 1
0 156 3 509 2 89 3
1 149 3 311 0 450 2
0 170 0 487 3 442 0
0 262 2 483 1 467 3
1 225 1 45 2 174 3
1 215 1 382 3 199 1
0 410 3 313 0 177 3
0 71 3 478 1 209 1
1 388 3 39 3 499 3
0 323 0 76 1 49 2
1 477 2 433 1 262 3
1 153 3 244 1 340 1
0 123 2 394 3 427 2
0 160 3 9 2 507 1
1 158 2 183 2 319 2
1 199 3 168 0 86 0
0 449 2 506 2 365 1
0 148 0 225 0 36 2
1 488 2 386 3 54 3
0 496 2 362 2 297 3
1 283 0 327 3 112 2
0 476 0 231 3 422 3
0 14 1 487 2 68 3
0 480 3 468 2 144 3
0 38 2 477 0 344 2
0 461 0 363 1 182 0
1 347 1 355 1 170 0
1 177 3 291 2 287 0
0 165 2 364 2 64 2
1 267 0 408 0 62 2
1 507 0 104 2 320 0
1 135 3 467 2 400 0
1 272 1 284 2 92 0
1 388 0 361 2 406 0
0 3 0 235 1 402 1
0 68 3 60 1 242 0
0 15 0 114 3 264 2
1 59 1 315 0 339 3
0 280 0 416 3 462 3
1 422 3 286 0 26 1
0 194 0 301 1 76 0
0 302 2 12 0 58 2
1 406 1 507 3 361 2
1 405 1 407 1 255 0
1 322 1 113 2 475 1
0 156 3 509 2 89 3
1 149 3 311 0 450 2
0 170 0 487 3 442 0
0 262 2 483 1 467 3
1 225 1 45 2 174 3
1 215 1 382 3 199 1
0 410 3 313 0 177 3
0 71 3 478 1 209 1
1 388 3 39 3 499 3
0 323 0 76 1 49 2
1 477 2 433 1 262 3
1 153 3 244 1 340 1
0 123 2 394 3 427 2
0 160 3 9 2 507 1
1 158 2 183 2 319 2
1 199 3 168 0 86 0
0 449 2 506 2 365 1
0 148 0 225 0 36 2
1 488 2 386 3 54 3
0 496 2 362 2 297 3
1 283 0 327 3 112 2
0 476 0 231 3 422 3
0 14 1 487 2 68 3
0 480 3 468 2 144 3
0 38 2 477 0 344 2
0 461 0 363 1 182 0
1 347 1 355 1 170 0
1 177 3 291 2 287 0
0 165 2 364 2 64 2
1 267 0 408 0 62 2
1 507 0 104 2 320 0
0 426 2 498 2 89 3
0 108 1 293 3 204 1
0 256 1 288 0 222 3
0 70 0 481 2 381 0
1 31 2 491 2 439 2
0 508 1 60 1 189 2
0 311 2 368 3 66 3
1 393 0 428 0 182 2
1 73 3 360 1 116 3
0 102 3 461 2 158 3
1 429 1 415 0 296 1
1 486 0 115 0 44 1
0 99 2 498 0 206 2
1 228 2 470 0 67 0
0 277 2 84 2 222 2
0 386 0 346 2 250 1
1 477 1 463 2 409 1
1 502 0 425 2 376 1
0 42 3 123 2 252 2
1 401 1 278 0 101 3
1 340 1 477 0 248 1
1 392 1 380 1 488 2
1 456 1 57 0 67 1
1 292 3 284 0 93 1
1 461 0 171 2 95 0
0 354 1 44 0 333 1
0 76 1 303 2 181 3
1 51 3 265 2 81 3
0 305 0 218 0 457 0
0 465 3 337 3 478 3
1 47 2 499 0 245 3
0 235 0 82 2 56 2
1 14 1 179 2 54 3
0 149 1 392 0 246 0
0 477 1 204 1 226 1
0 313 0 45 1 477 2
0 140 3 265 3 360 3
1 10 1 253 0 1 1
1 219 0 429 1 367 1
0 151 1 447 0 106 3
1 174 3 337 3 223 3
1 154 0 55 0 429 0
1 25 2 373 3 453 2
1 23 0 135 1 56 1
0 458 3 256 1 18 2
1 135 3 467 2 400 0
1 272 1 284 2 92 0
1 388 0 361 2 406 0
0 3 0 235 1 402 1
0 68 3 60 1 242 0
0 15 0 114 3 264 2
1 59 1 315 0 339 3
0 280 0 416 3 462 3
1 422 3 286 0 26 1
0 194 0 301 1 76 0
0 302 2 12 0 58 2
1 406 1 507 3 361 2
1 405 1 407 1 255 0
1 322 1 113 2 475 1
0 156 3 509 2 89 3
1 149 3 311 0 450 2
0 170 0 487 3 442 0
0 262 2 483 1 467 3
1 225 1 45 2 174 3
1 215 1 382 3 199 1
0 410 3 313 0 177 3
0 71 3 478 1 209 1
1 388 3 39 3 499 3
0 323 0 76 1 49 2
1 477 2 433 1 262 3
1 153 3 244 1 340 1
0 123 2 394 3 427 2
0 160 3 9 2 507 1
1 158 2 183 2 319 2
1 199 3 168 0 86 0
0 449 2 506 2 365 1
0 148 0 225 0 36 2
1 488 2 386 3 54 3
0 496 2 362 2 297 3
1 283 0 327 3 112 2
0 476 0 231 3 422 3
0 14 1 487 2 68 3
0 480 3 468 2 144 3
0 38 2 477 0 344 2
0 461 0 363 1 182 0
1 347 1 355 1 170 0
1 177 3 291 2 287 0
0 165 2 364 2 64 2
1 267 0 408 0 62 2
1 507 0 104 2 320 0
1 135 3 467 2 400 0
1 272 1 284 2 92 0
1 388 0 361 2 406 0
0 3 0 235 1 402 1
0 68 3 60 1 242 0
0 15 0 114 3 264 2
1 59 1 315 0 339 3
0 280 0 416 3 462 3
1 422 3 286 0 26 1
0 194 0 301 1 76 0
0 302 2 12 0 58 2
1 406 1 507 3 361 2
1 405 1 407 1 255 0
1 322 1 113 2 475 1
0 156 3 509 2 89 3
1 149 3 311 0 450 2
0 170 0 487 3 442 0
0 262 2 483 1 467 3
1 225 1 45 2 174 3
1 215 1 382 3 199 1
0 410 3 313 0 177 3
0 71 3 478 1 209 1
1 388 3 39 3 499 3
0 323 0 76 1 49 2
1 477 2 433 1 262 3
1 153 3 244 1 340 1
0 123 2 394 3 427 2
0 160 3 9 2 507 1
1 158 2 183 2 319 2
1 199 3 168 0 86 0
0 449 2 506 2 365 1
0 148 0 225 0 36 2
1 488 2 386 3 54 3
0 496 2 362 2 297 3
1 283 0 327 3 112 2
0 476 0 231 3 422 3
0 14 1 487 2 68 3
0 480 3 468 2 144 3
0 38 2 477 0 344 2
0 461 0 363 1 182 0
1 347 1 355 1 170 0
1 177 3 291 2 287 0
0 165 2 364 2 64 2
1 267 0 408 0 62 2
-1 507 0 104 2 320 0
