1 494 1 287 0 287 0
1 158 3 364 3 272 3
0 257 1 224 1 293 1
1 136 3 11 0 149 3
0 225 0 374 3 334 0
1 44 2 9 3 291 0
1 196 0 135 2 260 1
0 455 0 381 3 205 2
1 18 3 396 0 334 1
0 70 3 329 3 122 2
1 291 0 417 2 3 1
1 455 1 166 1 169 2
1 199 1 61 2 331 1
0 290 3 503 3 22 1
0 494 2 240 3 83 0
0 436 3 498 3 228 1
1 502 2 383 3 322 3
1 229 3 62 2 348 0
1 411 3 244 0 460 0
0 280 3 270 3 358 0
1 378 1 379 2 252 0
0 14 1 372 0 62 1
0 158 2 36 0 9 1
0 226 1 80 2 23 0
0 152 3 230 0 334 3
1 34 3 43 0 426 3
0 8 2 111 2 453 0
1 183 1 101 0 485 2
1 434 1 165 1 144 0
0 153 1 118 1 51 3
0 351 0 499 2 373 2
1 126 0 58 1 19 0
1 329 2 162 3 91 1
1 9 2 121 3 254 0
1 446 1 252 3 294 1
0 39 1 300 2 453 1
0 57 0 489 3 135 0
1 402 2 308 1 240 0
1 46 3 319 1 409 0
1 443 0 371 3 458 2
0 304 0 7 2 357 1
0 137 2 400 0 22 3
1 323 2 88 0 157 1
0 425 3 204 3 169 2
0 368 3 420 2 313 2
0 216 0 179 3 285 3
1 474 3 290 0 123 3
1 70 0 325 0 243 0
1 270 0 267 0 242 2
1 76 3 337 2 363 0
1 185 1 59 0 192 1
0 325 3 409 0 326 1
0 232 0 38 1 482 1
0 187 2 298 0 138 1
0 172 1 385 3 161 0
0 380 2 256 0 47 3
0 486 3 355 2 240 1
1 423 3 426 1 23 1
0 130 1 395 2 452 2
0 61 1 58 3 80 0
1 269 2 89 1 470 3
1 475 0 488 3 212 1
1 416 0 81 3 77 1
0 163 2 37 0 329 3
1 403 0 73 3 319 2
1 383 1 280 0 107 1
1 385 1 141 1 278 1
0 322 0 195 0 291 2
0 121 0 156 2 296 1
1 92 1 307 2 383 0
0 116 0 82 1 307 1
0 14 0 143 1 511 0
1 360 1 151 2 119 2
1 107 3 485 0 505 0
0 401 0 235 2 165 1
1 137 3 1 0 511 2
1 201 1 97 0 475 0
1 165 2 439 2 400 3
0 509 2 502 1 94 3
0 49 0 352 1 373 2
1 296 1 312 0 483 0
1 7 1 382 0 154 1
0 351 1 448 2 374 0
0 297 3 200 1 331 1
1 459 0 240 0 97 3
0 228 3 4 2 275 2
0 419 2 228 3 428 1
1 295 2 123 0 435 1
0 141 3 172 1 257 2
0 111 3 500 0 492 2
0 104 0 427 2 341 2
0 506 1 386 1 173 3
1 335 3 358 0 238 3
1 198 0 94 2 251 0
1 246 0 96 3 83 0
1 466 1 150 1 459 1
1 456 0 271 1 438 1
1 203 0 489 3 78 1
0 179 3 283 3 421 3
0 41 1 71 0 412 3
1 245 0 160 1 377 3
1 346 0 101 1 193 2
1 391 3 475 1 314 2
0 217 2 412 3 196 0
0 207 1 422 2 280 0
1 81 1 511 1 69 2
0 426 3 392 0 263 0
1 20 2 174 0 388 3
0 235 1 82 1 295 3
0 140 3 459 0 239 3
0 214 0 120 0 500 1
1 381 0 163 1 402 1
0 79 3 419 3 380 3
1 32 3 481 3 496 1
0 428 3 316 2 263 1
1 135 2 234 3 312 3
0 372 3 466 3 248 2
0 468 3 182 3 466 0
0 357 1 432 3 207 1
1 19 2 441 1 432 3
0 155 2 254 2 405 0
1 485 3 446 0 501 3
1 442 0 66 2 276 2
0 325 0 453 1 191 1
0 85 3 25 1 176 2
1 507 3 319 2 329 2
1 277 0 386 1 189 2
0 422 0 320 2 401 3
0 78 0 18 1 409 2
1 102 2 376 0 76 3
1 249 2 490 1 1 2
0 128 0 24 3 213 1
1 90 1 324 1 89 2
1 158 0 243 1 71 0
1 175 3 496 1 210 1
0 216 0 179 3 285 3
1 474 3 290 0 123 3
1 70 0 325 0 243 0
1 270 0 267 0 242 2
1 76 3 337 2 363 0
1 185 1 59 0 192 1
0 325 3 409 0 326 1
0 232 0 38 1 482 1
0 187 2 298 0 138 1
0 172 1 385 3 161 0
0 380 2 256 0 47 3
0 486 3 355 2 240 1
1 423 3 426 1 23 1
0 130 1 395 2 452 2
0 61 1 58 3 80 0
1 269 2 89 1 470 3
1 475 0 488 3 212 1
1 416 0 81 3 77 1
0 163 2 37 0 329 3
1 403 0 73 3 319 2
1 383 1 280 0 107 1
1 385 1 141 1 278 1
0 322 0 195 0 291 2
0 121 0 156 2 296 1
1 92 1 307 2 383 0
0 116 0 82 1 307 1
0 14 0 143 1 511 0
1 360 1 151 2 119 2
1 107 3 485 0 505 0
0 401 0 235 2 165 1
1 137 3 1 0 511 2
1 201 1 97 0 475 0
1 165 2 439 2 400 3
0 509 2 502 1 94 3
0 49 0 352 1 373 2
1 296 1 312 0 483 0
1 7 1 382 0 154 1
0 351 1 448 2 374 0
0 297 3 200 1 331 1
1 459 0 240 0 97 3
0 228 3 4 2 275 2
0 419 2 228 3 428 1
1 295 2 123 0 435 1
0 141 3 172 1 257 2
0 111 3 500 0 492 2
0 216 0 179 3 285 3
1 474 3 290 0 123 3
1 70 0 325 0 243 0
1 270 0 267 0 242 2
1 76 3 337 2 363 0
1 185 1 59 0 192 1
0 325 3 409 0 326 1
0 232 0 38 1 482 1
0 187 2 298 0 138 1
0 172 1 385 3 161 0
0 380 2 256 0 47 3
0 486 3 355 2 240 1
1 423 3 426 1 23 1
0 130 1 395 2 452 2
0 61 1 58 3 80 0
1 269 2 89 1 470 3
1 475 0 488 3 212 1
1 416 0 81 3 77 1
0 163 2 37 0 329 3
1 403 0 73 3 319 2
1 383 1 280 0 107 1
1 385 1 141 1 278 1
0 322 0 195 0 291 2
0 121 0 156 2 296 1
1 92 1 307 2 383 0
0 116 0 82 1 307 1
0 14 0 143 1 511 0
1 360 1 151 2 119 2
1 107 3 485 0 505 0
0 401 0 235 2 165 1
1 137 3 1 0 511 2
1 201 1 97 0 475 0
1 165 2 439 2 400 3
0 509 2 502 1 94 3
0 49 0 352 1 373 2
1 296 1 312 0 483 0
1 7 1 382 0 154 1
0 351 1 448 2 374 0
0 297 3 200 1 331 1
1 459 0 240 0 97 3
0 228 3 4 2 275 2
0 419 2 228 3 428 1
1 295 2 123 0 435 1
0 141 3 172 1 257 2
0 111 3 500 0 492 2
0 216 0 179 3 285 3
1 474 3 290 0 123 3
1 70 0 325 0 243 0
1 270 0 267 0 242 2
1 76 3 337 2 363 0
1 185 1 59 0 192 1
0 325 3 409 0 326 1
0 232 0 38 1 482 1
0 187 2 298 0 138 1
0 172 1 385 3 161 0
0 380 2 256 0 47 3
0 486 3 355 2 240 1
1 423 3 426 1 23 1
0 130 1 395 2 452 2
0 61 1 58 3 80 0
1 269 2 89 1 470 3
1 475 0 488 3 212 1
1 416 0 81 3 77 1
0 163 2 37 0 329 3
1 403 0 73 3 319 2
1 383 1 280 0 107 1
1 385 1 141 1 278 1
0 322 0 195 0 291 2
0 121 0 156 2 296 1
1 92 1 307 2 383 0
0 116 0 82 1 307 1
0 14 0 143 1 511 0
1 360 1 151 2 119 2
1 107 3 485 0 505 0
0 401 0 235 2 165 1
1 137 3 1 0 511 2
1 201 1 97 0 475 0
1 165 2 439 2 400 3
0 509 2 502 1 94 3
0 49 0 352 1 373 2
1 296 1 312 0 483 0
1 7 1 382 0 154 1
0 351 1 448 2 374 0
0 297 3 200 1 331 1
1 459 0 240 0 97 3
0 228 3 4 2 275 2
0 419 2 228 3 428 1
1 295 2 123 0 435 1
0 141 3 172 1 257 2
0 111 3 500 0 492 2
0 374 1 367 2 25 3
0 450 1 287 3 195 0
0 250 2 39 3 453 3
1 51 3 74 0 391 2
1 99 2 86 0 103 3
0 207 2 22 0 446 0
1 432 1 82 1 85 3
1 350 3 129 1 457 0
1 117 0 462 3 32 3
0 152 0 456 1 209 2
1 269 2 406 3 385 2
0 340 1 441 3 448 0
1 138 3 0 1 24 2
1 265 0 370 1 495 1
1 246 1 82 0 270 3
1 48 3 447 1 382 0
1 202 1 188 0 500 1
0 309 2 149 0 389 0
0 415 1 451 0 118 2
0 239 3 84 3 171 2
1 389 1 304 3 449 1
0 477 3 483 0 194 2
1 395 2 475 3 419 1
1 411 1 185 3 114 0
0 336 2 234 0 213 3
0 65 0 112 3 38 0
1 196 3 97 2 238 1
1 441 1 380 3 428 3
1 91 2 17 1 490 3
1 294 0 278 2 78 3
0 348 2 330 0 87 1
0 244 2 129 3 332 1
1 278 1 223 0 121 1
1 40 3 41 0 254 2
0 291 2 87 3 6 2
1 10 3 340 1 267 3
1 4 2 98 1 341 1
1 322 0 348 1 112 3
0 171 0 496 3 3 0
1 503 0 429 2 85 2
1 222 3 117 2 136 1
0 155 0 499 1 220 0
0 377 0 320 3 306 3
1 353 0 68 3 370 1
0 236 3 249 2 114 1
0 216 0 179 3 285 3
1 474 3 290 0 123 3
1 70 0 325 0 243 0
1 270 0 267 0 242 2
1 76 3 337 2 363 0
1 185 1 59 0 192 1
0 325 3 409 0 326 1
0 232 0 38 1 482 1
0 187 2 298 0 138 1
0 172 1 385 3 161 0
0 380 2 256 0 47 3
0 486 3 355 2 240 1
1 423 3 426 1 23 1
0 130 1 395 2 452 2
0 61 1 58 3 80 0
1 269 2 89 1 470 3
1 475 0 488 3 212 1
1 416 0 81 3 77 1
0 163 2 37 0 329 3
1 403 0 73 3 319 2
1 383 1 280 0 107 1
1 385 1 141 1 278 1
0 322 0 195 0 291 2
0 121 0 156 2 296 1
1 92 1 307 2 383 0
0 116 0 82 1 307 1
0 14 0 143 1 511 0
1 360 1 151 2 119 2
1 107 3 485 0 505 0
0 401 0 235 2 165 1
1 137 3 1 0 511 2
1 201 1 97 0 475 0
1 165 2 439 2 400 3
0 509 2 502 1 94 3
0 49 0 352 1 373 2
1 296 1 312 0 483 0
1 7 1 382 0 154 1
0 351 1 448 2 374 0
0 297 3 200 1 331 1
1 459 0 240 0 97 3
0 228 3 4 2 275 2
0 419 2 228 3 428 1
1 295 2 123 0 435 1
0 141 3 172 1 257 2
0 111 3 500 0 492 2
1 147 0 299 3 72 3
1 398 2 402 3 401 1
0 68 2 472 1 249 3
0 160 1 88 2 31 2
0 14 0 231 2 146 3
1 22 0 235 2 437 3
1 479 1 123 2 370 2
0 117 3 316 2 233 2
0 256 0 156 2 443 0
0 367 2 489 1 387 2
1 222 0 288 1 331 1
1 263 1 396 2 336 3
1 314 3 127 3 118 2
1 93 0 219 3 43 0
0 457 1 359 0 253 1
0 115 2 168 3 278 1
0 372 2 237 3 241 0
0 139 3 33 2 363 2
0 429 1 423 3 383 2
0 241 3 230 0 158 2
1 154 3 26 1 483 3
1 70 2 454 1 2 0
0 265 1 317 3 235 0
0 175 3 76 0 390 0
1 347 2 510 2 470 2
0 373 3 92 3 370 2
0 251 3 276 0 367 3
0 241 3 143 2 131 1
0 496 3 125 2 182 3
0 477 2 280 0 250 1
0 171 0 117 3 119 3
0 103 2 76 3 125 0
1 42 1 469 2 411 1
0 147 1 302 2 467 3
0 248 0 17 0 25 0
0 206 3 390 3 235 1
0 447 3 334 0 211 3
0 194 0 111 2 171 3
0 98 2 332 2 193 2
0 458 2 353 2 369 2
0 214 1 28 3 52 3
0 414 2 289 0 95 0
1 312 1 461 0 286 0
0 259 0 285 1 184 0
0 208 1 152 1 416 0
0 424 1 286 0 509 3
0 2 2 323 0 76 2
0 383 2 86 1 142 3
1 345 2 416 2 473 0
1 293 2 49 3 505 3
1 49 0 377 2 67 3
0 63 0 122 3 319 2
0 432 3 76 2 391 2
1 473 1 429 1 175 0
0 262 2 157 3 127 1
1 29 1 394 0 50 2
1 51 0 467 1 136 3
1 8 3 334 3 26 3
1 192 0 461 1 241 2
0 229 3 22 2 456 2
1 46 2 444 2 375 3
1 175 0 341 0 210 0
0 10 0 483 2 294 0
0 434 1 115 0 113 3
1 485 1 73 2 383 2
1 254 2 479 3 76 0
1 420 2 131 0 439 1
0 139 0 319 2 271 0
1 224 3 288 2 97 3
1 282 2 390 0 78 2
0 80 1 354 0 497 2
1 318 2 279 0 144 0
0 118 2 60 3 196 0
0 18 3 315 0 432 0
1 255 0 472 3 453 2
0 381 2 407 1 199 2
1 156 2 275 1 189 3
1 287 1 355 2 90 3
1 317 0 169 3 497 0
0 55 1 403 2 140 1
0 240 0 9 1 159 0
0 32 0 48 3 122 3
0 474 3 16 2 112 2
0 57 2 148 0 276 2
1 1 1 21 3 5 0
0 341 1 322 3 262 3
1 475 2 13 0 288 1
1 5 1 406 2 146 2
0 225 3 179 3 285 1
0 90 3 127 1 370 1
0 216 0 179 3 285 3
1 474 3 290 0 123 3
1 70 0 325 0 243 0
1 270 0 267 0 242 2
1 76 3 337 2 363 0
1 185 1 59 0 192 1
0 325 3 409 0 326 1
0 232 0 38 1 482 1
0 187 2 298 0 138 1
0 172 1 385 3 161 0
0 380 2 256 0 47 3
0 486 3 355 2 240 1
1 423 3 426 1 23 1
0 130 1 395 2 452 2
0 61 1 58 3 80 0
1 269 2 89 1 470 3
1 475 0 488 3 212 1
1 416 0 81 3 77 1
0 163 2 37 0 329 3
1 403 0 73 3 319 2
1 383 1 280 0 107 1
1 385 1 141 1 278 1
0 322 0 195 0 291 2
0 121 0 156 2 296 1
1 92 1 307 2 383 0
0 116 0 82 1 307 1
0 14 0 143 1 511 0
1 360 1 151 2 119 2
1 107 3 485 0 505 0
0 401 0 235 2 165 1
1 137 3 1 0 511 2
1 201 1 97 0 475 0
1 165 2 439 2 400 3
0 509 2 502 1 94 3
0 49 0 352 1 373 2
1 296 1 312 0 483 0
1 7 1 382 0 154 1
0 351 1 448 2 374 0
0 297 3 200 1 331 1
1 459 0 240 0 97 3
0 228 3 4 2 275 2
0 419 2 228 3 428 1
1 295 2 123 0 435 1
0 141 3 172 1 257 2
0 111 3 500 0 492 2
1 416 3 241 0 178 1
0 242 2 256 3 15 0
1 238 0 9 3 54 3
1 103 1 47 1 179 3
1 86 1 39 0 472 2
0 389 2 484 0 134 2
1 477 0 349 2 397 2
0 456 3 92 0 371 1
0 416 0 325 3 169 3
0 271 2 121 0 324 2
1 8 1 439 0 340 0
0 151 2 361 1 406 3
0 385 3 339 2 88 1
0 136 2 470 0 383 0
0 248 0 210 1 4 2
0 193 1 496 1 238 2
1 141 0 90 2 278 3
1 172 1 240 1 309 2
0 54 3 73 2 229 2
0 312 1 481 3 315 0
1 81 3 305 2 68 0
1 339 3 214 3 327 0
1 79 0 255 1 219 3
1 117 1 216 2 358 3
0 511 2 388 2 222 1
0 22 3 44 0 214 0
1 38 1 207 0 371 0
0 49 2 447 0 510 0
1 350 0 37 2 36 1
1 31 1 486 1 477 0
0 126 2 117 0 45 1
0 101 0 422 0 243 0
0 498 3 407 2 138 2
0 336 2 326 0 272 3
0 455 1 445 3 12 3
1 383 1 479 1 146 3
0 103 3 216 1 227 2
0 153 3 280 3 245 1
1 41 1 490 0 348 2
0 486 1 349 0 450 2
0 68 1 111 1 457 1
1 403 3 44 0 65 3
1 463 0 105 1 451 0
0 177 3 334 3 381 2
1 461 0 439 3 335 1
0 216 0 179 3 285 3
1 474 3 290 0 123 3
1 70 0 325 0 243 0
1 270 0 267 0 242 2
1 76 3 337 2 363 0
1 185 1 59 0 192 1
0 325 3 409 0 326 1
0 232 0 38 1 482 1
0 187 2 298 0 138 1
0 172 1 385 3 161 0
0 380 2 256 0 47 3
0 486 3 355 2 240 1
1 423 3 426 1 23 1
0 130 1 395 2 452 2
0 61 1 58 3 80 0
1 269 2 89 1 470 3
1 475 0 488 3 212 1
1 416 0 81 3 77 1
0 163 2 37 0 329 3
1 403 0 73 3 319 2
1 383 1 280 0 107 1
1 385 1 141 1 278 1
0 322 0 195 0 291 2
0 121 0 156 2 296 1
1 92 1 307 2 383 0
0 116 0 82 1 307 1
0 14 0 143 1 511 0
1 360 1 151 2 119 2
1 107 3 485 0 505 0
0 401 0 235 2 165 1
1 137 3 1 0 511 2
1 201 1 97 0 475 0
1 165 2 439 2 400 3
0 509 2 502 1 94 3
0 49 0 352 1 373 2
1 296 1 312 0 483 0
1 7 1 382 0 154 1
0 351 1 448 2 374 0
0 297 3 200 1 331 1
1 459 0 240 0 97 3
0 228 3 4 2 275 2
0 419 2 228 3 428 1
1 295 2 123 0 435 1
0 141 3 172 1 257 2
0 111 3 500 0 492 2
0 353 1 277 1 373 2
1 374 2 439 3 140 1
1 420 3 247 0 401 1
1 57 2 107 2 235 2
1 200 0 289 1 440 2
0 309 3 144 1 303 1
0 108 1 208 1 152 1
1 21 2 114 0 414 2
1 396 0 152 3 247 2
0 398 3 346 2 36 1
0 284 0 225 0 309 2
0 504 0 492 3 101 1
1 270 1 57 2 316 2
0 182 1 465 0 489 2
0 487 1 92 2 145 0
0 361 2 380 2 229 2
0 36 3 498 2 332 0
1 34 1 243 0 82 1
1 31 1 123 0 22 1
1 13 1 216 1 82 2
1 56 2 224 2 132 3
1 82 2 302 0 16 3
1 110 2 156 2 106 3
0 278 2 399 2 160 0
0 421 2 135 2 501 1
1 226 0 201 2 133 0
1 83 3 411 3 431 2
1 232 3 27 0 494 1
0 334 1 338 3 190 3
1 206 0 144 2 455 2
1 224 2 111 3 249 1
0 268 0 295 0 47 0
0 384 0 77 0 426 2
1 261 1 196 3 243 1
1 179 2 9 3 273 2
0 91 2 290 2 282 1
1 9 3 34 2 10 0
1 306 2 66 2 180 0
1 307 0 105 2 104 2
0 355 3 4 2 85 2
1 409 0 338 3 469 0
0 198 1 498 3 19 3
1 268 1 258 2 94 1
1 285 3 352 3 477 2
1 90 2 437 0 254 2
0 74 3 115 0 384 2
0 493 2 80 2 437 3
0 467 2 171 3 185 2
0 459 2 308 1 22 2
0 228 0 4 3 33 3
0 384 3 183 0 81 0
1 75 1 460 0 480 1
0 482 2 453 1 34 0
0 39 2 182 3 347 0
0 427 1 158 2 50 0
1 313 2 484 2 359 0
0 353 1 168 1 446 0
0 31 1 208 1 159 3
0 6 3 461 1 435 2
1 228 0 95 2 495 1
1 376 2 225 0 371 2
1 413 2 387 0 375 3
1 156 3 4 2 260 1
1 279 3 59 3 78 3
1 157 0 246 0 342 0
0 192 3 463 2 465 3
1 486 1 220 3 229 0
1 330 0 408 2 381 2
1 168 2 490 0 483 2
1 452 1 437 1 139 0
1 4 2 227 0 165 0
1 274 0 385 3 194 0
0 51 3 378 3 24 3
1 15 0 415 2 63 3
0 319 1 499 2 347 3
1 198 1 505 1 31 0
0 304 1 406 3 213 2
1 377 2 12 0 80 1
0 444 0 211 1 99 0
0 116 1 74 1 250 1
0 204 1 291 1 371 3
1 476 0 384 0 53 3
1 130 2 17 2 284 0
0 259 3 394 3 269 3
0 132 2 495 0 419 2
1 221 1 171 3 261 1
1 431 1 30 3 481 2
0 425 2 366 2 400 1
1 134 3 501 3 137 3
1 505 1 217 1 323 0
0 216 0 179 3 285 3
1 474 3 290 0 123 3
1 70 0 325 0 243 0
1 270 0 267 0 242 2
1 76 3 337 2 363 0
1 185 1 59 0 192 1
0 325 3 409 0 326 1
0 232 0 38 1 482 1
0 187 2 298 0 138 1
0 172 1 385 3 161 0
0 380 2 256 0 47 3
0 486 3 355 2 240 1
1 423 3 426 1 23 1
0 130 1 395 2 452 2
0 61 1 58 3 80 0
1 269 2 89 1 470 3
1 475 0 488 3 212 1
1 416 0 81 3 77 1
0 163 2 37 0 329 3
1 403 0 73 3 319 2
1 383 1 280 0 107 1
1 385 1 141 1 278 1
0 322 0 195 0 291 2
0 121 0 156 2 296 1
1 92 1 307 2 383 0
0 116 0 82 1 307 1
0 14 0 143 1 511 0
1 360 1 151 2 119 2
1 107 3 485 0 505 0
0 401 0 235 2 165 1
1 137 3 1 0 511 2
1 201 1 97 0 475 0
1 165 2 439 2 400 3
0 509 2 502 1 94 3
0 49 0 352 1 373 2
1 296 1 312 0 483 0
1 7 1 382 0 154 1
0 351 1 448 2 374 0
0 297 3 200 1 331 1
1 459 0 240 0 97 3
0 228 3 4 2 275 2
0 419 2 228 3 428 1
1 295 2 123 0 435 1
0 141 3 172 1 257 2
0 111 3 500 0 492 2
0 216 0 179 3 285 3
1 474 3 290 0 123 3
1 70 0 325 0 243 0
1 270 0 267 0 242 2
1 76 3 337 2 363 0
1 185 1 59 0 192 1
0 325 3 409 0 326 1
0 232 0 38 1 482 1
0 187 2 298 0 138 1
0 172 1 385 3 161 0
0 380 2 256 0 47 3
0 486 3 355 2 240 1
1 423 3 426 1 23 1
0 130 1 395 2 452 2
0 61 1 58 3 80 0
1 269 2 89 1 470 3
1 475 0 488 3 212 1
1 416 0 81 3 77 1
0 163 2 37 0 329 3
1 403 0 73 3 319 2
1 383 1 280 0 107 1
1 385 1 141 1 278 1
0 322 0 195 0 291 2
0 121 0 156 2 296 1
1 92 1 307 2 383 0
0 116 0 82 1 307 1
0 14 0 143 1 511 0
1 360 1 151 2 119 2
1 107 3 485 0 505 0
0 401 0 235 2 165 1
1 137 3 1 0 511 2
1 201 1 97 0 475 0
1 165 2 439 2 400 3
0 509 2 502 1 94 3
0 49 0 352 1 373 2
1 296 1 312 0 483 0
1 7 1 382 0 154 1
0 351 1 448 2 374 0
0 297 3 200 1 331 1
1 459 0 240 0 97 3
0 228 3 4 2 275 2
0 419 2 228 3 428 1
1 295 2 123 0 435 1
0 141 3 172 1 257 2
0 111 3 500 0 492 2
1 502 1 171 1 70 1
1 400 1 339 2 166 2
1 330 1 466 0 281 0
0 211 0 154 0 236 2
0 349 1 323 2 148 1
0 452 0 394 2 262 1
0 112 1 136 2 434 0
0 444 2 178 0 447 2
1 308 1 298 1 134 0
1 352 0 228 3 491 2
0 220 1 115 2 249 2
0 132 3 323 1 461 0
0 345 0 118 2 325 3
0 506 2 126 3 317 3
1 17 2 392 2 504 1
1 384 2 313 1 65 0
1 171 0 108 2 162 2
0 76 3 463 1 1 3
1 203 2 213 1 376 0
0 220 3 502 0 112 2
0 204 0 285 1 403 3
1 291 3 239 1 254 1
0 224 2 310 3 155 1
0 35 0 319 0 292 0
1 284 1 65 1 497 1
0 141 3 298 3 433 3
0 88 2 340 3 190 1
1 13 0 359 2 37 2
0 242 3 339 0 368 0
1 319 0 453 0 372 1
1 459 3 228 1 141 3
0 136 3 442 1 9 1
0 284 2 237 1 479 0
0 68 2 272 1 234 0
0 507 2 285 2 103 1
0 265 1 301 1 62 3
0 154 0 358 1 161 3
0 237 0 429 0 430 0
0 178 3 123 2 501 3
1 276 1 324 0 341 2
0 151 1 171 3 364 2
0 244 2 31 0 60 1
0 222 0 435 1 262 3
1 265 0 323 0 401 1
0 424 2 347 0 65 3
0 243 0 150 2 31 0
1 491 3 502 0 430 0
1 306 2 408 1 432 3
0 73 1 294 0 172 3
1 261 0 249 0 92 2
1 96 0 106 2 415 2
1 267 1 392 3 505 1
0 149 1 103 0 61 2
0 442 3 309 2 31 1
0 446 0 230 2 199 1
1 209 1 282 3 390 2
0 325 1 255 1 70 0
0 321 0 453 3 421 3
1 405 2 493 3 299 1
1 334 2 321 2 468 0
1 491 2 117 1 215 2
1 209 2 131 2 361 2
1 488 3 494 2 2 2
1 483 3 77 3 136 1
0 112 2 332 0 247 2
0 88 2 430 2 403 3
1 195 1 442 3 22 2
1 214 2 148 2 388 2
1 460 1 421 1 37 3
0 104 3 315 2 413 2
0 282 3 70 3 343 3
0 478 1 348 0 298 0
0 5 2 277 3 271 1
0 94 1 96 1 72 3
1 229 3 419 1 449 0
1 236 1 12 0 240 2
1 362 3 456 2 401 2
0 213 0 351 1 446 0
1 121 3 315 3 369 2
0 317 0 404 2 37 2
1 273 1 216 2 497 0
1 74 2 400 1 9 2
1 297 1 333 1 3 3
0 157 0 26 3 258 3
0 142 0 487 1 345 2
1 16 3 434 0 436 0
1 286 3 427 3 302 3
1 253 2 231 1 500 1
1 246 1 4 2 405 1
1 375 3 115 3 191 1
0 216 0 179 3 285 3
1 474 3 290 0 123 3
1 70 0 325 0 243 0
1 270 0 267 0 242 2
1 76 3 337 2 363 0
1 185 1 59 0 192 1
0 325 3 409 0 326 1
0 232 0 38 1 482 1
0 187 2 298 0 138 1
0 172 1 385 3 161 0
0 380 2 256 0 47 3
0 486 3 355 2 240 1
1 423 3 426 1 23 1
0 130 1 395 2 452 2
0 61 1 58 3 80 0
1 269 2 89 1 470 3
1 475 0 488 3 212 1
1 416 0 81 3 77 1
0 163 2 37 0 329 3
1 403 0 73 3 319 2
1 383 1 280 0 107 1
1 385 1 141 1 278 1
0 322 0 195 0 291 2
0 121 0 156 2 296 1
1 92 1 307 2 383 0
0 116 0 82 1 307 1
0 14 0 143 1 511 0
1 360 1 151 2 119 2
1 107 3 485 0 505 0
0 401 0 235 2 165 1
1 137 3 1 0 511 2
1 201 1 97 0 475 0
1 165 2 439 2 400 3
0 509 2 502 1 94 3
0 49 0 352 1 373 2
1 296 1 312 0 483 0
1 7 1 382 0 154 1
0 351 1 448 2 374 0
0 297 3 200 1 331 1
1 459 0 240 0 97 3
0 228 3 4 2 275 2
0 419 2 228 3 428 1
1 295 2 123 0 435 1
0 141 3 172 1 257 2
0 111 3 500 0 492 2
0 216 0 179 3 285 3
1 474 3 290 0 123 3
1 70 0 325 0 243 0
1 270 0 267 0 242 2
1 76 3 337 2 363 0
1 185 1 59 0 192 1
0 325 3 409 0 326 1
0 232 0 38 1 482 1
0 187 2 298 0 138 1
0 172 1 385 3 161 0
0 380 2 256 0 47 3
0 486 3 355 2 240 1
1 423 3 426 1 23 1
0 130 1 395 2 452 2
0 61 1 58 3 80 0
1 269 2 89 1 470 3
1 475 0 488 3 212 1
1 416 0 81 3 77 1
0 163 2 37 0 329 3
1 403 0 73 3 319 2
1 383 1 280 0 107 1
1 385 1 141 1 278 1
0 322 0 195 0 291 2
0 121 0 156 2 296 1
1 92 1 307 2 383 0
0 116 0 82 1 307 1
0 14 0 143 1 511 0
1 360 1 151 2 119 2
1 107 3 485 0 505 0
0 401 0 235 2 165 1
1 137 3 1 0 511 2
1 201 1 97 0 475 0
1 165 2 439 2 400 3
0 509 2 502 1 94 3
0 49 0 352 1 373 2
1 296 1 312 0 483 0
1 7 1 382 0 154 1
0 351 1 448 2 374 0
0 297 3 200 1 331 1
1 459 0 240 0 97 3
0 228 3 4 2 275 2
0 419 2 228 3 428 1
1 295 2 123 0 435 1
0 141 3 172 1 257 2
0 111 3 500 0 492 2
0 115 2 434 0 162 3
1 56 3 145 0 297 2
1 276 0 444 2 14 2
1 313 1 317 0 457 1
1 405 2 395 3 289 2
0 34 1 361 1 89 0
1 234 0 127 3 7 0
0 293 3 324 1 377 3
0 218 2 161 3 221 1
0 211 1 39 2 214 0
1 107 0 310 0 23 2
0 15 1 205 2 45 0
1 352 3 355 1 273 1
0 306 1 212 2 471 3
1 375 0 34 3 231 1
0 502 2 192 2 487 0
0 297 2 59 1 227 3
0 453 0 504 2 257 3
1 279 0 504 0 301 3
0 120 0 113 3 116 0
0 116 3 462 0 377 1
0 439 1 6 0 311 0
0 507 0 58 2 232 1
1 372 3 427 0 478 3
0 93 0 117 3 346 3
0 43 0 260 2 420 2
0 49 0 216 3 478 2
0 509 1 255 0 277 3
0 184 3 253 1 264 0
1 448 3 127 2 262 2
1 39 2 263 1 340 0
0 391 0 75 0 217 2
1 299 3 155 1 220 1
1 101 0 430 0 316 0
1 227 1 353 3 268 1
1 333 1 398 0 234 1
0 395 0 50 0 33 2
0 351 2 486 0 275 3
0 386 0 319 0 389 2
1 1 3 490 2 372 3
0 377 1 201 1 372 3
1 407 1 318 2 77 0
0 495 0 339 1 366 0
1 440 2 250 3 181 2
-1 93 1 164 0 1 2
