1 823 3 148 1 114 3
1 912 0 66 2 784 3
0 1015 3 847 3 625 1
0 37 3 418 0 52 1
0 682 3 437 1 116 2
0 51 1 722 0 101 2
0 267 1 558 2 474 2
1 630 3 740 0 553 0
0 651 3 441 0 375 1
1 339 3 938 2 895 0
1 684 1 1013 1 231 1
1 381 1 38 2 653 2
1 239 0 434 0 655 0
1 70 2 179 1 610 0
0 768 1 858 2 614 0
0 825 2 574 1 703 0
0 235 2 466 1 213 1
0 669 3 1008 0 547 1
0 119 2 935 2 83 0
1 739 2 781 3 908 3
1 1016 2 418 3 391 0
0 308 3 756 3 432 0
0 580 3 278 2 788 2
1 410 3 909 3 922 3
0 134 2 900 1 353 1
1 377 1 643 3 740 0
1 31 2 620 2 1011 3
0 848 1 27 1 534 0
1 479 3 871 3 314 3
1 252 3 648 3 459 1
0 314 2 981 0 732 3
1 1012 1 775 0 417 2
1 319 0 201 3 994 2
0 823 2 567 1 562 2
0 641 2 767 1 857 2
1 225 3 346 2 889 1
0 49 3 1011 3 315 3
0 416 1 131 3 883 3
0 22 0 122 1 202 1
0 647 0 487 0 740 0
1 44 0 624 1 663 1
0 493 2 194 3 639 3
0 524 1 591 1 490 2
0 600 0 661 3 226 1
1 878 1 719 0 82 3
0 679 3 927 0 556 0
1 99 3 992 3 895 1
0 246 0 1003 3 19 1
1 793 3 922 2 176 1
0 498 0 65 3 449 3
1 581 0 767 1 608 1
0 155 3 732 2 230 1
1 652 2 407 2 1016 0
1 668 1 442 2 448 3
0 127 3 594 3 173 0
1 968 2 213 0 516 1
0 4 2 317 0 466 2
0 867 2 179 0 755 1
0 834 0 229 2 585 0
1 50 1 517 1 252 0
0 627 0 890 2 989 0
0 139 1 341 0 954 3
0 795 0 785 3 156 2
1 489 3 492 2 816 0
0 160 1 419 1 405 1
1 929 0 378 2 915 1
0 305 0 141 3 392 2
0 715 0 551 0 767 3
0 384 2 188 0 356 3
1 393 3 789 3 234 2
1 702 2 979 3 425 3
0 552 2 890 2 308 2
1 468 0 1002 0 775 1
1 719 0 735 0 291 0
0 977 2 693 2 466 0
0 183 2 287 1 687 0
0 772 0 565 1 804 1
0 555 0 835 2 742 1
1 322 2 64 2 964 0
1 185 0 590 2 594 2
1 827 3 899 3 41 2
0 341 0 908 0 682 2
0 501 1 977 0 560 3
1 620 1 525 0 815 1
0 708 2 210 0 103 0
1 12 1 845 2 389 1
0 851 0 373 0 1008 1
1 179 0 314 2 752 0
1 676 0 949 1 367 2
1 354 1 530 0 562 1
1 262 3 902 0 642 2
0 515 3 726 3 134 0
0 121 2 273 3 172 0
1 842 3 837 1 100 2
1 1013 2 387 3 965 3
1 400 3 660 0 790 1
1 914 3 793 0 322 2
0 100 1 611 1 586 1
1 128 2 48 1 760 0
0 185 2 418 1 288 2
1 847 0 647 1 807 0
1 7 3 864 0 99 1
1 1021 2 752 1 239 1
0 178 3 439 3 1009 0
1 699 3 797 2 895 3
1 144 2 855 1 900 3
0 370 1 607 2 920 1
0 113 2 605 1 844 3
1 360 3 860 0 573 0
0 1002 1 374 3 295 0
0 404 2 50 2 174 1
0 730 2 128 1 340 1
1 395 3 899 1 248 0
0 606 0 41 3 502 1
1 513 2 83 3 957 2
1 302 0 56 2 702 2
1 856 0 972 2 779 0
1 925 3 646 2 663 3
1 954 1 825 0 854 2
0 433 2 211 3 820 0
1 416 0 482 1 752 0
0 523 1 505 3 698 2
0 227 3 390 0 404 0
1 667 0 807 2 524 0
1 937 1 421 1 222 1
0 79 2 49 0 609 2
1 447 1 228 1 975 1
1 322 0 534 2 810 1
0 77 0 290 3 673 3
1 280 1 330 1 368 1
1 230 0 545 3 415 1
1 389 0 354 1 51 0
0 598 1 974 2 186 1
0 305 1 571 2 373 0
1 713 1 137 1 788 3
1 823 3 148 1 114 3
1 912 0 66 2 784 3
0 1015 3 847 3 625 1
0 37 3 418 0 52 1
0 682 3 437 1 116 2
0 51 1 722 0 101 2
0 267 1 558 2 474 2
1 630 3 740 0 553 0
0 651 3 441 0 375 1
1 339 3 938 2 895 0
1 684 1 1013 1 231 1
1 381 1 38 2 653 2
1 239 0 434 0 655 0
1 70 2 179 1 610 0
0 768 1 858 2 614 0
0 825 2 574 1 703 0
0 235 2 466 1 213 1
0 669 3 1008 0 547 1
0 119 2 935 2 83 0
1 739 2 781 3 908 3
1 1016 2 418 3 391 0
0 308 3 756 3 432 0
0 580 3 278 2 788 2
1 410 3 909 3 922 3
0 134 2 900 1 353 1
1 377 1 643 3 740 0
1 31 2 620 2 1011 3
0 848 1 27 1 534 0
1 479 3 871 3 314 3
1 252 3 648 3 459 1
0 314 2 981 0 732 3
1 1012 1 775 0 417 2
1 319 0 201 3 994 2
0 823 2 567 1 562 2
0 641 2 767 1 857 2
1 225 3 346 2 889 1
0 49 3 1011 3 315 3
0 416 1 131 3 883 3
0 22 0 122 1 202 1
0 647 0 487 0 740 0
1 44 0 624 1 663 1
0 493 2 194 3 639 3
0 524 1 591 1 490 2
0 600 0 661 3 226 1
1 878 1 719 0 82 3
1 823 3 148 1 114 3
1 912 0 66 2 784 3
0 1015 3 847 3 625 1
0 37 3 418 0 52 1
0 682 3 437 1 116 2
0 51 1 722 0 101 2
0 267 1 558 2 474 2
1 630 3 740 0 553 0
0 651 3 441 0 375 1
1 339 3 938 2 895 0
1 684 1 1013 1 231 1
1 381 1 38 2 653 2
1 239 0 434 0 655 0
1 70 2 179 1 610 0
0 768 1 858 2 614 0
0 825 2 574 1 703 0
0 235 2 466 1 213 1
0 669 3 1008 0 547 1
0 119 2 935 2 83 0
1 739 2 781 3 908 3
1 1016 2 418 3 391 0
0 308 3 756 3 432 0
0 580 3 278 2 788 2
1 410 3 909 3 922 3
0 134 2 900 1 353 1
1 377 1 643 3 740 0
1 31 2 620 2 1011 3
0 848 1 27 1 534 0
1 479 3 871 3 314 3
1 252 3 648 3 459 1
0 314 2 981 0 732 3
1 1012 1 775 0 417 2
1 319 0 201 3 994 2
0 823 2 567 1 562 2
0 641 2 767 1 857 2
1 225 3 346 2 889 1
0 49 3 1011 3 315 3
0 416 1 131 3 883 3
0 22 0 122 1 202 1
0 647 0 487 0 740 0
1 44 0 624 1 663 1
0 493 2 194 3 639 3
0 524 1 591 1 490 2
0 600 0 661 3 226 1
1 878 1 719 0 82 3
1 823 3 148 1 114 3
1 912 0 66 2 784 3
0 1015 3 847 3 625 1
0 37 3 418 0 52 1
0 682 3 437 1 116 2
0 51 1 722 0 101 2
0 267 1 558 2 474 2
1 630 3 740 0 553 0
0 651 3 441 0 375 1
1 339 3 938 2 895 0
1 684 1 1013 1 231 1
1 381 1 38 2 653 2
1 239 0 434 0 655 0
1 70 2 179 1 610 0
0 768 1 858 2 614 0
0 825 2 574 1 703 0
0 235 2 466 1 213 1
0 669 3 1008 0 547 1
0 119 2 935 2 83 0
1 739 2 781 3 908 3
1 1016 2 418 3 391 0
0 308 3 756 3 432 0
0 580 3 278 2 788 2
1 410 3 909 3 922 3
0 134 2 900 1 353 1
1 377 1 643 3 740 0
1 31 2 620 2 1011 3
0 848 1 27 1 534 0
1 479 3 871 3 314 3
1 252 3 648 3 459 1
0 314 2 981 0 732 3
1 1012 1 775 0 417 2
1 319 0 201 3 994 2
0 823 2 567 1 562 2
0 641 2 767 1 857 2
1 225 3 346 2 889 1
0 49 3 1011 3 315 3
0 416 1 131 3 883 3
0 22 0 122 1 202 1
0 647 0 487 0 740 0
1 44 0 624 1 663 1
0 493 2 194 3 639 3
0 524 1 591 1 490 2
0 600 0 661 3 226 1
1 878 1 719 0 82 3
0 379 0 691 2 499 3
0 537 3 258 2 184 1
0 968 2 899 2 441 1
0 105 1 643 0 564 1
0 349 2 231 2 529 1
1 82 0 444 0 214 2
1 251 3 16 3 391 3
0 339 2 879 3 949 3
1 946 1 409 1 242 3
1 576 0 404 0 213 3
0 676 3 112 3 188 0
1 223 3 704 2 765 1
1 441 0 244 3 1002 2
1 769 2 764 0 28 3
1 871 0 571 3 656 0
1 682 0 85 3 343 3
0 28 3 954 3 938 0
0 559 2 701 0 270 3
1 1017 3 960 3 675 2
0 593 1 541 2 119 0
0 978 3 911 3 742 3
0 955 1 687 2 427 1
1 690 1 1007 2 75 3
0 624 1 747 3 49 1
1 853 0 395 1 326 3
0 266 1 951 3 363 2
1 342 0 647 0 28 1
0 731 1 663 1 886 0
0 6 3 768 1 655 3
0 846 1 775 2 87 2
0 288 2 128 0 953 1
0 539 2 854 0 143 0
0 989 0 137 0 531 3
0 807 1 657 1 873 1
0 272 3 187 2 987 1
1 556 3 91 0 158 3
1 853 0 852 0 598 0
1 379 2 204 2 550 1
0 631 1 233 1 159 1
0 117 3 431 0 593 3
1 919 3 176 0 258 0
0 402 0 940 3 377 3
0 960 1 697 1 21 3
1 264 3 333 2 1001 1
0 230 1 986 3 781 3
1 823 3 148 1 114 3
1 912 0 66 2 784 3
0 1015 3 847 3 625 1
0 37 3 418 0 52 1
0 682 3 437 1 116 2
0 51 1 722 0 101 2
0 267 1 558 2 474 2
1 630 3 740 0 553 0
0 651 3 441 0 375 1
1 339 3 938 2 895 0
1 684 1 1013 1 231 1
1 381 1 38 2 653 2
1 239 0 434 0 655 0
1 70 2 179 1 610 0
0 768 1 858 2 614 0
0 825 2 574 1 703 0
0 235 2 466 1 213 1
0 669 3 1008 0 547 1
0 119 2 935 2 83 0
1 739 2 781 3 908 3
1 1016 2 418 3 391 0
0 308 3 756 3 432 0
0 580 3 278 2 788 2
1 410 3 909 3 922 3
0 134 2 900 1 353 1
1 377 1 643 3 740 0
1 31 2 620 2 1011 3
0 848 1 27 1 534 0
1 479 3 871 3 314 3
1 252 3 648 3 459 1
0 314 2 981 0 732 3
1 1012 1 775 0 417 2
1 319 0 201 3 994 2
0 823 2 567 1 562 2
0 641 2 767 1 857 2
1 225 3 346 2 889 1
0 49 3 1011 3 315 3
0 416 1 131 3 883 3
0 22 0 122 1 202 1
0 647 0 487 0 740 0
1 44 0 624 1 663 1
0 493 2 194 3 639 3
0 524 1 591 1 490 2
0 600 0 661 3 226 1
1 878 1 719 0 82 3
1 118 3 732 1 979 3
1 385 3 326 1 773 0
0 284 2 386 1 107 3
0 330 1 516 0 297 2
1 393 2 318 1 640 0
1 450 1 704 3 4 0
1 200 1 132 2 37 3
0 897 2 167 1 108 2
1 104 2 420 3 76 3
1 396 0 601 3 184 2
1 1 1 337 2 101 3
0 546 1 523 3 833 0
0 0 3 720 0 343 1
1 182 3 626 0 359 1
0 726 2 458 3 629 3
0 788 3 20 0 654 0
1 750 1 683 2 53 3
1 1004 1 775 0 711 2
0 235 2 528 3 474 1
1 815 1 335 3 807 0
1 284 1 194 2 74 1
1 256 1 88 3 513 3
0 52 2 286 2 461 0
1 560 1 60 3 883 2
0 666 0 6 1 357 3
0 373 0 473 3 775 3
0 755 0 680 3 506 0
0 738 2 222 1 349 3
0 954 1 964 3 155 0
0 842 2 348 2 280 3
1 244 2 564 1 632 1
0 907 2 129 2 126 2
1 623 2 994 1 614 3
0 4 0 637 0 401 0
0 8 2 887 2 778 2
1 661 3 971 0 137 0
0 231 1 92 0 511 0
0 510 1 591 2 246 1
1 959 2 1009 0 405 0
0 894 3 775 0 1014 1
1 359 0 1023 2 504 2
0 1013 0 837 3 576 3
0 106 1 460 3 993 2
0 2 0 173 3 754 0
0 871 0 613 1 541 2
1 823 3 148 1 114 3
1 912 0 66 2 784 3
0 1015 3 847 3 625 1
0 37 3 418 0 52 1
0 682 3 437 1 116 2
0 51 1 722 0 101 2
0 267 1 558 2 474 2
1 630 3 740 0 553 0
0 651 3 441 0 375 1
1 339 3 938 2 895 0
1 684 1 1013 1 231 1
1 381 1 38 2 653 2
1 239 0 434 0 655 0
1 70 2 179 1 610 0
0 768 1 858 2 614 0
0 825 2 574 1 703 0
0 235 2 466 1 213 1
0 669 3 1008 0 547 1
0 119 2 935 2 83 0
1 739 2 781 3 908 3
1 1016 2 418 3 391 0
0 308 3 756 3 432 0
0 580 3 278 2 788 2
1 410 3 909 3 922 3
0 134 2 900 1 353 1
1 377 1 643 3 740 0
1 31 2 620 2 1011 3
0 848 1 27 1 534 0
1 479 3 871 3 314 3
1 252 3 648 3 459 1
0 314 2 981 0 732 3
1 1012 1 775 0 417 2
1 319 0 201 3 994 2
0 823 2 567 1 562 2
0 641 2 767 1 857 2
1 225 3 346 2 889 1
0 49 3 1011 3 315 3
0 416 1 131 3 883 3
0 22 0 122 1 202 1
0 647 0 487 0 740 0
1 44 0 624 1 663 1
0 493 2 194 3 639 3
0 524 1 591 1 490 2
0 600 0 661 3 226 1
1 878 1 719 0 82 3
1 823 3 148 1 114 3
1 912 0 66 2 784 3
0 1015 3 847 3 625 1
0 37 3 418 0 52 1
0 682 3 437 1 116 2
0 51 1 722 0 101 2
0 267 1 558 2 474 2
1 630 3 740 0 553 0
0 651 3 441 0 375 1
1 339 3 938 2 895 0
1 684 1 1013 1 231 1
1 381 1 38 2 653 2
1 239 0 434 0 655 0
1 70 2 179 1 610 0
0 768 1 858 2 614 0
0 825 2 574 1 703 0
0 235 2 466 1 213 1
0 669 3 1008 0 547 1
0 119 2 935 2 83 0
1 739 2 781 3 908 3
1 1016 2 418 3 391 0
0 308 3 756 3 432 0
0 580 3 278 2 788 2
1 410 3 909 3 922 3
0 134 2 900 1 353 1
1 377 1 643 3 740 0
1 31 2 620 2 1011 3
0 848 1 27 1 534 0
1 479 3 871 3 314 3
1 252 3 648 3 459 1
0 314 2 981 0 732 3
1 1012 1 775 0 417 2
1 319 0 201 3 994 2
0 823 2 567 1 562 2
0 641 2 767 1 857 2
1 225 3 346 2 889 1
0 49 3 1011 3 315 3
0 416 1 131 3 883 3
0 22 0 122 1 202 1
0 647 0 487 0 740 0
1 44 0 624 1 663 1
0 493 2 194 3 639 3
0 524 1 591 1 490 2
0 600 0 661 3 226 1
1 878 1 719 0 82 3
1 823 3 148 1 114 3
1 912 0 66 2 784 3
0 1015 3 847 3 625 1
0 37 3 418 0 52 1
0 682 3 437 1 116 2
0 51 1 722 0 101 2
0 267 1 558 2 474 2
1 630 3 740 0 553 0
0 651 3 441 0 375 1
1 339 3 938 2 895 0
1 684 1 1013 1 231 1
1 381 1 38 2 653 2
1 239 0 434 0 655 0
1 70 2 179 1 610 0
0 768 1 858 2 614 0
0 825 2 574 1 703 0
0 235 2 466 1 213 1
0 669 3 1008 0 547 1
0 119 2 935 2 83 0
1 739 2 781 3 908 3
1 1016 2 418 3 391 0
0 308 3 756 3 432 0
0 580 3 278 2 788 2
1 410 3 909 3 922 3
0 134 2 900 1 353 1
1 377 1 643 3 740 0
1 31 2 620 2 1011 3
0 848 1 27 1 534 0
1 479 3 871 3 314 3
1 252 3 648 3 459 1
0 314 2 981 0 732 3
1 1012 1 775 0 417 2
1 319 0 201 3 994 2
0 823 2 567 1 562 2
0 641 2 767 1 857 2
1 225 3 346 2 889 1
0 49 3 1011 3 315 3
0 416 1 131 3 883 3
0 22 0 122 1 202 1
0 647 0 487 0 740 0
1 44 0 624 1 663 1
0 493 2 194 3 639 3
0 524 1 591 1 490 2
0 600 0 661 3 226 1
1 878 1 719 0 82 3
1 719 1 355 2 105 2
1 337 2 1010 1 147 2
1 391 0 565 2 647 3
0 495 3 305 1 653 0
0 428 3 678 0 566 3
1 561 1 878 0 875 1
0 712 1 797 1 8 1
0 817 0 140 2 20 0
0 47 1 944 3 68 0
1 1017 3 517 2 186 0
1 454 0 569 0 192 0
0 359 0 736 2 460 3
0 782 3 184 3 342 3
0 197 2 532 3 40 3
1 492 3 314 1 475 2
1 239 1 979 3 1012 2
1 728 3 689 3 222 3
1 795 1 940 0 676 2
1 641 0 642 1 149 2
1 933 1 647 1 16 3
0 263 0 186 3 969 3
1 101 1 748 2 939 1
1 340 0 295 2 673 3
1 384 1 785 3 577 3
0 838 3 454 1 912 3
0 687 1 927 0 446 3
0 418 3 838 0 732 0
0 624 3 823 3 999 0
0 260 0 653 1 892 0
1 419 2 534 0 542 3
1 843 1 650 2 563 3
1 376 2 622 2 886 0
1 825 3 946 2 57 3
1 706 2 328 0 970 3
0 566 2 764 3 210 0
1 263 0 275 0 406 1
0 632 3 54 1 414 2
0 228 2 552 1 443 1
0 514 1 12 2 911 3
1 156 0 745 1 894 1
0 822 2 29 3 700 3
0 754 2 70 0 94 2
0 495 3 992 2 405 2
1 922 1 211 1 658 1
0 90 2 862 2 37 0
0 483 1 938 0 594 0
1 267 2 221 2 597 3
0 361 2 467 0 315 1
0 5 3 273 3 126 3
1 501 0 1005 0 99 3
1 673 3 373 3 938 1
1 718 3 835 1 262 3
1 675 2 724 0 840 1
0 813 2 153 1 200 0
0 735 1 559 3 75 2
0 140 3 83 3 512 1
1 50 1 126 0 491 1
0 273 1 707 2 409 2
1 966 2 508 2 631 3
1 828 0 195 1 850 0
0 978 0 8 3 772 3
0 420 0 999 3 659 1
0 599 0 185 2 731 1
1 106 0 738 0 281 2
0 398 3 440 3 1008 1
0 930 2 515 2 528 3
0 1019 0 0 0 967 2
0 240 1 199 3 904 2
0 617 1 143 3 153 1
0 1021 1 247 0 321 0
1 52 1 564 0 146 2
1 151 2 207 2 832 2
1 685 0 757 3 384 0
0 665 2 284 0 943 2
0 643 0 972 2 331 3
0 748 3 343 1 751 1
0 624 1 932 3 11 3
0 580 0 803 3 497 2
0 153 3 735 3 673 3
0 353 3 954 2 552 2
1 103 2 722 1 273 3
1 1017 2 304 3 943 1
0 193 3 241 1 533 1
1 677 0 654 0 386 0
0 751 2 931 1 420 2
0 342 2 311 3 215 2
1 141 2 764 2 606 3
0 836 0 795 3 1012 3
0 857 1 462 3 542 0
0 602 3 151 2 542 3
1 823 3 148 1 114 3
1 912 0 66 2 784 3
0 1015 3 847 3 625 1
0 37 3 418 0 52 1
0 682 3 437 1 116 2
0 51 1 722 0 101 2
0 267 1 558 2 474 2
1 630 3 740 0 553 0
0 651 3 441 0 375 1
1 339 3 938 2 895 0
1 684 1 1013 1 231 1
1 381 1 38 2 653 2
1 239 0 434 0 655 0
1 70 2 179 1 610 0
0 768 1 858 2 614 0
0 825 2 574 1 703 0
0 235 2 466 1 213 1
0 669 3 1008 0 547 1
0 119 2 935 2 83 0
1 739 2 781 3 908 3
1 1016 2 418 3 391 0
0 308 3 756 3 432 0
0 580 3 278 2 788 2
1 410 3 909 3 922 3
0 134 2 900 1 353 1
1 377 1 643 3 740 0
1 31 2 620 2 1011 3
0 848 1 27 1 534 0
1 479 3 871 3 314 3
1 252 3 648 3 459 1
0 314 2 981 0 732 3
1 1012 1 775 0 417 2
1 319 0 201 3 994 2
0 823 2 567 1 562 2
0 641 2 767 1 857 2
1 225 3 346 2 889 1
0 49 3 1011 3 315 3
0 416 1 131 3 883 3
0 22 0 122 1 202 1
0 647 0 487 0 740 0
1 44 0 624 1 663 1
0 493 2 194 3 639 3
0 524 1 591 1 490 2
0 600 0 661 3 226 1
1 878 1 719 0 82 3
1 823 3 148 1 114 3
1 912 0 66 2 784 3
0 1015 3 847 3 625 1
0 37 3 418 0 52 1
0 682 3 437 1 116 2
0 51 1 722 0 101 2
0 267 1 558 2 474 2
1 630 3 740 0 553 0
0 651 3 441 0 375 1
1 339 3 938 2 895 0
1 684 1 1013 1 231 1
1 381 1 38 2 653 2
1 239 0 434 0 655 0
1 70 2 179 1 610 0
0 768 1 858 2 614 0
0 825 2 574 1 703 0
0 235 2 466 1 213 1
0 669 3 1008 0 547 1
0 119 2 935 2 83 0
1 739 2 781 3 908 3
1 1016 2 418 3 391 0
0 308 3 756 3 432 0
0 580 3 278 2 788 2
1 410 3 909 3 922 3
0 134 2 900 1 353 1
1 377 1 643 3 740 0
1 31 2 620 2 1011 3
0 848 1 27 1 534 0
1 479 3 871 3 314 3
1 252 3 648 3 459 1
0 314 2 981 0 732 3
1 1012 1 775 0 417 2
1 319 0 201 3 994 2
0 823 2 567 1 562 2
0 641 2 767 1 857 2
1 225 3 346 2 889 1
0 49 3 1011 3 315 3
0 416 1 131 3 883 3
0 22 0 122 1 202 1
0 647 0 487 0 740 0
1 44 0 624 1 663 1
0 493 2 194 3 639 3
0 524 1 591 1 490 2
0 600 0 661 3 226 1
1 878 1 719 0 82 3
1 823 3 148 1 114 3
1 912 0 66 2 784 3
0 1015 3 847 3 625 1
0 37 3 418 0 52 1
0 682 3 437 1 116 2
0 51 1 722 0 101 2
0 267 1 558 2 474 2
1 630 3 740 0 553 0
0 651 3 441 0 375 1
1 339 3 938 2 895 0
1 684 1 1013 1 231 1
1 381 1 38 2 653 2
1 239 0 434 0 655 0
1 70 2 179 1 610 0
0 768 1 858 2 614 0
0 825 2 574 1 703 0
0 235 2 466 1 213 1
0 669 3 1008 0 547 1
0 119 2 935 2 83 0
1 739 2 781 3 908 3
1 1016 2 418 3 391 0
0 308 3 756 3 432 0
0 580 3 278 2 788 2
1 410 3 909 3 922 3
0 134 2 900 1 353 1
1 377 1 643 3 740 0
1 31 2 620 2 1011 3
0 848 1 27 1 534 0
1 479 3 871 3 314 3
1 252 3 648 3 459 1
0 314 2 981 0 732 3
1 1012 1 775 0 417 2
1 319 0 201 3 994 2
0 823 2 567 1 562 2
0 641 2 767 1 857 2
1 225 3 346 2 889 1
0 49 3 1011 3 315 3
0 416 1 131 3 883 3
0 22 0 122 1 202 1
0 647 0 487 0 740 0
1 44 0 624 1 663 1
0 493 2 194 3 639 3
0 524 1 591 1 490 2
0 600 0 661 3 226 1
1 878 1 719 0 82 3
0 961 0 962 1 29 2
1 898 1 540 1 368 2
1 886 0 909 3 879 3
1 612 2 245 3 186 1
1 893 1 83 2 706 1
1 629 1 954 3 702 2
0 356 3 971 3 677 2
0 105 1 603 1 350 0
0 430 3 730 0 446 2
0 610 0 710 1 667 3
0 407 1 137 1 700 0
1 629 3 658 3 631 3
0 182 1 940 1 491 2
1 602 3 823 1 19 2
1 811 0 402 2 168 0
1 100 0 444 2 421 1
0 858 0 147 2 824 1
1 277 2 995 2 539 3
0 616 1 864 0 417 3
0 482 3 53 2 125 2
1 237 1 599 0 665 2
1 269 3 897 0 115 3
0 407 1 589 0 943 0
0 928 0 428 2 126 0
0 443 0 142 2 46 0
0 479 0 223 3 443 0
1 4 1 510 3 117 3
1 985 0 381 0 593 0
1 952 2 934 3 434 0
1 735 2 609 1 724 3
1 852 3 269 1 578 2
0 517 3 82 0 68 2
1 874 1 304 1 295 0
1 762 0 186 3 889 2
1 777 1 246 2 853 1
0 476 1 762 3 9 3
1 276 3 623 3 960 1
1 465 3 238 3 29 3
1 595 3 580 0 881 0
1 398 3 649 3 940 2
0 549 3 289 0 271 0
0 531 3 392 2 264 0
0 25 0 253 0 930 1
0 833 0 433 1 467 2
0 736 1 653 1 624 3
1 823 3 148 1 114 3
1 912 0 66 2 784 3
0 1015 3 847 3 625 1
0 37 3 418 0 52 1
0 682 3 437 1 116 2
0 51 1 722 0 101 2
0 267 1 558 2 474 2
1 630 3 740 0 553 0
0 651 3 441 0 375 1
1 339 3 938 2 895 0
1 684 1 1013 1 231 1
1 381 1 38 2 653 2
1 239 0 434 0 655 0
1 70 2 179 1 610 0
0 768 1 858 2 614 0
0 825 2 574 1 703 0
0 235 2 466 1 213 1
0 669 3 1008 0 547 1
0 119 2 935 2 83 0
1 739 2 781 3 908 3
1 1016 2 418 3 391 0
0 308 3 756 3 432 0
0 580 3 278 2 788 2
1 410 3 909 3 922 3
0 134 2 900 1 353 1
1 377 1 643 3 740 0
1 31 2 620 2 1011 3
0 848 1 27 1 534 0
1 479 3 871 3 314 3
1 252 3 648 3 459 1
0 314 2 981 0 732 3
1 1012 1 775 0 417 2
1 319 0 201 3 994 2
0 823 2 567 1 562 2
0 641 2 767 1 857 2
1 225 3 346 2 889 1
0 49 3 1011 3 315 3
0 416 1 131 3 883 3
0 22 0 122 1 202 1
0 647 0 487 0 740 0
1 44 0 624 1 663 1
0 493 2 194 3 639 3
0 524 1 591 1 490 2
0 600 0 661 3 226 1
1 878 1 719 0 82 3
1 823 3 148 1 114 3
1 912 0 66 2 784 3
0 1015 3 847 3 625 1
0 37 3 418 0 52 1
0 682 3 437 1 116 2
0 51 1 722 0 101 2
0 267 1 558 2 474 2
1 630 3 740 0 553 0
0 651 3 441 0 375 1
1 339 3 938 2 895 0
1 684 1 1013 1 231 1
1 381 1 38 2 653 2
1 239 0 434 0 655 0
1 70 2 179 1 610 0
0 768 1 858 2 614 0
0 825 2 574 1 703 0
0 235 2 466 1 213 1
0 669 3 1008 0 547 1
0 119 2 935 2 83 0
1 739 2 781 3 908 3
1 1016 2 418 3 391 0
0 308 3 756 3 432 0
0 580 3 278 2 788 2
1 410 3 909 3 922 3
0 134 2 900 1 353 1
1 377 1 643 3 740 0
1 31 2 620 2 1011 3
0 848 1 27 1 534 0
1 479 3 871 3 314 3
1 252 3 648 3 459 1
0 314 2 981 0 732 3
1 1012 1 775 0 417 2
1 319 0 201 3 994 2
0 823 2 567 1 562 2
0 641 2 767 1 857 2
1 225 3 346 2 889 1
0 49 3 1011 3 315 3
0 416 1 131 3 883 3
0 22 0 122 1 202 1
0 647 0 487 0 740 0
1 44 0 624 1 663 1
0 493 2 194 3 639 3
0 524 1 591 1 490 2
0 600 0 661 3 226 1
1 878 1 719 0 82 3
1 823 3 148 1 114 3
1 912 0 66 2 784 3
0 1015 3 847 3 625 1
0 37 3 418 0 52 1
0 682 3 437 1 116 2
0 51 1 722 0 101 2
0 267 1 558 2 474 2
1 630 3 740 0 553 0
0 651 3 441 0 375 1
1 339 3 938 2 895 0
1 684 1 1013 1 231 1
1 381 1 38 2 653 2
1 239 0 434 0 655 0
1 70 2 179 1 610 0
0 768 1 858 2 614 0
0 825 2 574 1 703 0
0 235 2 466 1 213 1
0 669 3 1008 0 547 1
0 119 2 935 2 83 0
1 739 2 781 3 908 3
1 1016 2 418 3 391 0
0 308 3 756 3 432 0
0 580 3 278 2 788 2
1 410 3 909 3 922 3
0 134 2 900 1 353 1
1 377 1 643 3 740 0
1 31 2 620 2 1011 3
0 848 1 27 1 534 0
1 479 3 871 3 314 3
1 252 3 648 3 459 1
0 314 2 981 0 732 3
1 1012 1 775 0 417 2
1 319 0 201 3 994 2
0 823 2 567 1 562 2
0 641 2 767 1 857 2
1 225 3 346 2 889 1
0 49 3 1011 3 315 3
0 416 1 131 3 883 3
0 22 0 122 1 202 1
0 647 0 487 0 740 0
1 44 0 624 1 663 1
0 493 2 194 3 639 3
0 524 1 591 1 490 2
0 600 0 661 3 226 1
1 878 1 719 0 82 3
1 823 3 148 1 114 3
1 912 0 66 2 784 3
0 1015 3 847 3 625 1
0 37 3 418 0 52 1
0 682 3 437 1 116 2
0 51 1 722 0 101 2
0 267 1 558 2 474 2
1 630 3 740 0 553 0
0 651 3 441 0 375 1
1 339 3 938 2 895 0
1 684 1 1013 1 231 1
1 381 1 38 2 653 2
1 239 0 434 0 655 0
1 70 2 179 1 610 0
0 768 1 858 2 614 0
0 825 2 574 1 703 0
0 235 2 466 1 213 1
0 669 3 1008 0 547 1
0 119 2 935 2 83 0
1 739 2 781 3 908 3
1 1016 2 418 3 391 0
0 308 3 756 3 432 0
0 580 3 278 2 788 2
1 410 3 909 3 922 3
0 134 2 900 1 353 1
1 377 1 643 3 740 0
1 31 2 620 2 1011 3
0 848 1 27 1 534 0
1 479 3 871 3 314 3
1 252 3 648 3 459 1
0 314 2 981 0 732 3
1 1012 1 775 0 417 2
1 319 0 201 3 994 2
0 823 2 567 1 562 2
0 641 2 767 1 857 2
1 225 3 346 2 889 1
0 49 3 1011 3 315 3
0 416 1 131 3 883 3
0 22 0 122 1 202 1
0 647 0 487 0 740 0
1 44 0 624 1 663 1
0 493 2 194 3 639 3
0 524 1 591 1 490 2
0 600 0 661 3 226 1
-1 878 1 719 0 82 3
