0 62 1 10 2 84 0
0 47 1 94 2 31 2
1 88 1 31 2 10 3
1 87 3 83 3 77 2
0 55 1 83 0 27 2
1 80 1 25 2 7 3
1 67 3 58 0 88 2
0 50 2 66 1 76 3
1 80 3 94 0 79 2
0 35 3 57 1 51 2
0 16 2 17 0 10 2
0 12 3 99 3 98 3
0 76 3 49 3 33 0
0 53 0 7 0 98 0
1 39 0 37 1 76 3
1 21 0 72 3 52 3
0 91 0 37 2 19 0
1 76 3 16 0 19 2
1 37 1 36 2 95 3
1 56 1 59 2 82 1
0 47 3 78 1 17 2
0 66 0 87 2 60 1
1 54 0 62 0 49 1
0 88 3 39 3 29 1
0 13 1 40 0 93 3
1 96 1 62 0 32 2
0 49 3 3 1 98 0
0 89 1 6 2 16 0
0 69 0 38 3 12 0
1 93 0 95 0 40 3
1 96 0 30 3 30 1
1 87 1 76 2 22 0
1 93 0 53 3 18 1
1 58 0 54 0 10 0
1 71 0 40 0 85 0
0 92 1 81 0 95 2
0 98 3 96 1 70 1
0 56 2 69 1 8 3
1 4 2 33 3 53 2
0 47 3 75 1 92 2
1 67 2 19 3 91 0
1 55 2 84 0 86 2
0 8 1 20 3 99 2
0 31 3 83 1 95 2
1 99 1 73 0 94 1
0 62 1 10 2 84 0
0 47 1 94 2 31 2
1 88 1 31 2 10 3
1 87 3 83 3 77 2
0 55 1 83 0 27 2
1 80 1 25 2 7 3
1 67 3 58 0 88 2
0 50 2 66 1 76 3
1 80 3 94 0 79 2
0 35 3 57 1 51 2
0 16 2 17 0 10 2
0 12 3 99 3 98 3
0 76 3 49 3 33 0
0 53 0 7 0 98 0
1 39 0 37 1 76 3
1 21 0 72 3 52 3
0 91 0 37 2 19 0
1 76 3 16 0 19 2
1 37 1 36 2 95 3
1 56 1 59 2 82 1
0 47 3 78 1 17 2
0 66 0 87 2 60 1
1 54 0 62 0 49 1
0 88 3 39 3 29 1
0 13 1 40 0 93 3
1 96 1 62 0 32 2
0 49 3 3 1 98 0
0 89 1 6 2 16 0
0 69 0 38 3 12 0
1 93 0 95 0 40 3
1 96 0 30 3 30 1
1 87 1 76 2 22 0
1 93 0 53 3 18 1
1 58 0 54 0 10 0
1 71 0 40 0 85 0
0 92 1 81 0 95 2
0 98 3 96 1 70 1
0 56 2 69 1 8 3
1 4 2 33 3 53 2
0 47 3 75 1 92 2
1 67 2 19 3 91 0
1 55 2 84 0 86 2
0 8 1 20 3 99 2
0 31 3 83 1 95 2
1 99 1 73 0 94 1
0 62 1 10 2 84 0
0 47 1 94 2 31 2
1 88 1 31 2 10 3
1 87 3 83 3 77 2
0 55 1 83 0 27 2
1 80 1 25 2 7 3
1 67 3 58 0 88 2
0 50 2 66 1 76 3
1 80 3 94 0 79 2
0 35 3 57 1 51 2
0 16 2 17 0 10 2
0 12 3 99 3 98 3
0 76 3 49 3 33 0
0 53 0 7 0 98 0
1 39 0 37 1 76 3
1 21 0 72 3 52 3
0 91 0 37 2 19 0
1 76 3 16 0 19 2
1 37 1 36 2 95 3
1 56 1 59 2 82 1
0 47 3 78 1 17 2
0 66 0 87 2 60 1
1 54 0 62 0 49 1
0 88 3 39 3 29 1
0 13 1 40 0 93 3
1 96 1 62 0 32 2
0 49 3 3 1 98 0
0 89 1 6 2 16 0
0 69 0 38 3 12 0
1 93 0 95 0 40 3
1 96 0 30 3 30 1
1 87 1 76 2 22 0
1 93 0 53 3 18 1
1 58 0 54 0 10 0
1 71 0 40 0 85 0
0 92 1 81 0 95 2
0 98 3 96 1 70 1
0 56 2 69 1 8 3
1 4 2 33 3 53 2
0 47 3 75 1 92 2
1 67 2 19 3 91 0
1 55 2 84 0 86 2
0 8 1 20 3 99 2
0 31 3 83 1 95 2
1 99 1 73 0 94 1
0 62 1 10 2 84 0
0 47 1 94 2 31 2
1 88 1 31 2 10 3
1 87 3 83 3 77 2
0 55 1 83 0 27 2
1 80 1 25 2 7 3
1 67 3 58 0 88 2
0 50 2 66 1 76 3
1 80 3 94 0 79 2
0 35 3 57 1 51 2
0 16 2 17 0 10 2
0 12 3 99 3 98 3
0 76 3 49 3 33 0
0 53 0 7 0 98 0
1 39 0 37 1 76 3
1 21 0 72 3 52 3
0 91 0 37 2 19 0
1 76 3 16 0 19 2
1 37 1 36 2 95 3
1 56 1 59 2 82 1
0 47 3 78 1 17 2
0 66 0 87 2 60 1
1 54 0 62 0 49 1
0 88 3 39 3 29 1
0 13 1 40 0 93 3
1 96 1 62 0 32 2
0 49 3 3 1 98 0
0 89 1 6 2 16 0
0 69 0 38 3 12 0
1 93 0 95 0 40 3
1 96 0 30 3 30 1
1 87 1 76 2 22 0
1 93 0 53 3 18 1
1 58 0 54 0 10 0
1 71 0 40 0 85 0
0 92 1 81 0 95 2
0 98 3 96 1 70 1
0 56 2 69 1 8 3
1 4 2 33 3 53 2
0 47 3 75 1 92 2
1 67 2 19 3 91 0
1 55 2 84 0 86 2
0 8 1 20 3 99 2
0 31 3 83 1 95 2
1 99 1 73 0 94 1
0 45 2 5 2 74 3
1 4 2 81 1 40 1
0 42 1 54 0 83 2
1 65 0 10 1 25 0
1 12 2 22 0 40 1
0 97 2 75 3 81 3
0 7 3 6 1 36 1
1 38 3 87 0 95 2
0 16 2 46 3 98 2
1 93 1 74 0 36 2
0 93 3 2 1 86 3
1 62 1 96 3 56 0
1 92 0 45 3 48 2
1 7 3 22 2 77 3
1 97 3 70 2 4 1
1 86 0 96 2 68 1
1 97 1 0 3 55 2
1 77 3 82 3 81 2
1 45 3 72 1 54 1
0 9 3 57 1 74 3
0 91 1 8 3 75 2
0 60 0 40 3 48 3
1 19 0 8 0 43 0
0 46 0 4 1 90 0
1 85 2 77 2 40 3
0 7 0 73 1 61 1
1 29 0 64 3 32 1
0 5 3 85 0 84 1
0 80 2 54 2 18 1
1 1 2 78 0 70 1
1 33 2 51 1 4 1
1 13 0 53 3 67 3
0 36 0 71 0 91 0
1 8 1 55 3 18 0
1 64 3 46 2 62 3
1 61 1 62 0 30 2
0 73 1 90 1 79 1
0 9 2 96 1 63 1
1 71 1 19 0 91 3
0 25 3 32 3 51 2
0 94 2 58 0 53 3
0 14 2 31 2 55 2
1 14 2 7 2 0 2
0 91 2 2 1 16 3
0 75 0 85 3 13 1
0 62 1 10 2 84 0
0 47 1 94 2 31 2
1 88 1 31 2 10 3
1 87 3 83 3 77 2
0 55 1 83 0 27 2
1 80 1 25 2 7 3
1 67 3 58 0 88 2
0 50 2 66 1 76 3
1 80 3 94 0 79 2
0 35 3 57 1 51 2
0 16 2 17 0 10 2
0 12 3 99 3 98 3
0 76 3 49 3 33 0
0 53 0 7 0 98 0
1 39 0 37 1 76 3
1 21 0 72 3 52 3
0 91 0 37 2 19 0
1 76 3 16 0 19 2
1 37 1 36 2 95 3
1 56 1 59 2 82 1
0 47 3 78 1 17 2
0 66 0 87 2 60 1
1 54 0 62 0 49 1
0 88 3 39 3 29 1
0 13 1 40 0 93 3
1 96 1 62 0 32 2
0 49 3 3 1 98 0
0 89 1 6 2 16 0
0 69 0 38 3 12 0
1 93 0 95 0 40 3
1 96 0 30 3 30 1
1 87 1 76 2 22 0
1 93 0 53 3 18 1
1 58 0 54 0 10 0
1 71 0 40 0 85 0
0 92 1 81 0 95 2
0 98 3 96 1 70 1
0 56 2 69 1 8 3
1 4 2 33 3 53 2
0 47 3 75 1 92 2
1 67 2 19 3 91 0
1 55 2 84 0 86 2
0 8 1 20 3 99 2
0 31 3 83 1 95 2
1 99 1 73 0 94 1
0 62 1 10 2 84 0
0 47 1 94 2 31 2
1 88 1 31 2 10 3
1 87 3 83 3 77 2
0 55 1 83 0 27 2
1 80 1 25 2 7 3
1 67 3 58 0 88 2
0 50 2 66 1 76 3
1 80 3 94 0 79 2
0 35 3 57 1 51 2
0 16 2 17 0 10 2
0 12 3 99 3 98 3
0 76 3 49 3 33 0
0 53 0 7 0 98 0
1 39 0 37 1 76 3
1 21 0 72 3 52 3
0 91 0 37 2 19 0
1 76 3 16 0 19 2
1 37 1 36 2 95 3
1 56 1 59 2 82 1
0 47 3 78 1 17 2
0 66 0 87 2 60 1
1 54 0 62 0 49 1
0 88 3 39 3 29 1
0 13 1 40 0 93 3
1 96 1 62 0 32 2
0 49 3 3 1 98 0
0 89 1 6 2 16 0
0 69 0 38 3 12 0
1 93 0 95 0 40 3
1 96 0 30 3 30 1
1 87 1 76 2 22 0
1 93 0 53 3 18 1
1 58 0 54 0 10 0
1 71 0 40 0 85 0
0 92 1 81 0 95 2
0 98 3 96 1 70 1
0 56 2 69 1 8 3
1 4 2 33 3 53 2
0 47 3 75 1 92 2
1 67 2 19 3 91 0
1 55 2 84 0 86 2
0 8 1 20 3 99 2
0 31 3 83 1 95 2
1 99 1 73 0 94 1
0 62 1 10 2 84 0
0 47 1 94 2 31 2
1 88 1 31 2 10 3
1 87 3 83 3 77 2
0 55 1 83 0 27 2
1 80 1 25 2 7 3
1 67 3 58 0 88 2
0 50 2 66 1 76 3
1 80 3 94 0 79 2
0 35 3 57 1 51 2
0 16 2 17 0 10 2
0 12 3 99 3 98 3
0 76 3 49 3 33 0
0 53 0 7 0 98 0
1 39 0 37 1 76 3
1 21 0 72 3 52 3
0 91 0 37 2 19 0
1 76 3 16 0 19 2
1 37 1 36 2 95 3
1 56 1 59 2 82 1
0 47 3 78 1 17 2
0 66 0 87 2 60 1
1 54 0 62 0 49 1
0 88 3 39 3 29 1
0 13 1 40 0 93 3
1 96 1 62 0 32 2
0 49 3 3 1 98 0
0 89 1 6 2 16 0
0 69 0 38 3 12 0
1 93 0 95 0 40 3
1 96 0 30 3 30 1
1 87 1 76 2 22 0
1 93 0 53 3 18 1
1 58 0 54 0 10 0
1 71 0 40 0 85 0
0 92 1 81 0 95 2
0 98 3 96 1 70 1
0 56 2 69 1 8 3
1 4 2 33 3 53 2
0 47 3 75 1 92 2
1 67 2 19 3 91 0
1 55 2 84 0 86 2
0 8 1 20 3 99 2
0 31 3 83 1 95 2
1 99 1 73 0 94 1
0 53 3 5 1 21 0
0 20 0 31 3 40 3
0 78 0 56 3 75 3
0 4 2 60 0 63 3
0 11 3 28 0 59 1
0 5 0 22 3 25 1
0 35 3 72 3 21 3
0 6 2 28 1 23 0
1 72 3 16 1 39 1
0 50 0 36 3 48 1
1 38 3 66 1 40 3
0 26 0 11 3 60 3
0 4 1 76 2 48 0
0 82 1 6 0 2 2
1 43 3 24 0 13 1
1 36 0 64 1 26 2
1 42 1 83 2 90 3
1 27 0 33 1 21 3
0 52 0 66 0 62 0
1 17 2 75 3 78 2
0 88 0 36 1 80 0
0 56 3 0 0 16 3
0 22 1 86 3 17 0
1 71 2 76 1 45 0
1 28 2 10 2 13 3
0 83 0 26 1 93 3
1 80 1 14 2 92 2
0 28 0 39 3 5 3
0 29 1 28 3 16 2
1 70 2 52 0 4 1
0 83 1 10 1 25 2
0 45 1 36 2 39 3
1 32 2 83 2 52 0
0 69 0 86 2 20 0
0 96 2 20 1 53 0
1 17 3 51 0 29 0
1 36 3 25 2 99 1
0 16 2 55 2 40 0
1 69 2 91 2 90 3
1 67 3 50 0 73 3
0 75 2 38 3 34 1
0 14 0 51 2 4 2
1 46 2 63 1 83 2
0 72 0 45 0 71 1
1 99 0 4 2 74 2
0 28 1 32 3 57 3
1 35 0 10 3 94 0
1 63 3 71 3 83 2
0 5 1 44 3 69 3
0 63 0 4 0 78 1
1 83 1 43 2 1 3
0 69 1 35 2 42 1
0 16 3 26 1 83 2
1 15 2 57 2 28 2
0 72 2 38 3 30 0
0 27 3 1 1 6 0
1 33 1 6 3 78 1
0 33 0 94 3 81 1
1 39 2 56 1 71 2
1 35 0 89 2 39 2
1 93 2 57 0 20 1
0 83 1 61 1 44 2
0 34 2 7 0 29 0
0 80 0 59 1 25 2
0 72 2 37 1 60 2
0 74 3 13 2 40 1
0 84 1 46 1 58 3
1 65 1 33 0 99 3
0 93 0 92 1 84 3
0 28 2 58 2 21 1
0 25 2 73 1 6 0
1 13 3 78 1 38 2
1 89 0 13 1 13 0
0 24 1 7 3 34 2
1 34 0 60 0 95 1
1 98 3 73 3 10 3
1 27 2 44 1 78 1
1 18 1 95 0 37 1
1 55 3 81 0 72 3
0 6 3 97 1 52 3
0 76 3 76 3 13 2
0 46 3 74 3 68 3
0 63 0 66 2 15 0
1 31 3 81 0 29 2
0 36 3 95 1 39 2
0 39 2 13 1 92 0
0 48 2 13 0 41 1
1 97 0 15 0 81 0
0 57 0 82 0 72 1
0 56 0 36 3 31 1
0 95 2 69 2 87 2
0 23 3 92 2 19 1
1 28 2 2 3 23 0
1 36 0 87 1 82 3
0 89 2 19 2 38 0
1 94 0 43 0 31 0
1 57 3 22 2 74 3
1 14 0 28 3 28 2
1 51 1 8 3 67 0
0 64 3 46 1 89 3
1 25 1 9 1 49 3
1 87 0 72 1 37 1
1 26 2 16 1 88 2
0 56 2 49 3 85 1
1 58 1 65 0 91 1
0 38 3 68 1 94 0
0 63 1 42 3 64 0
1 9 0 66 2 60 1
1 66 2 13 3 93 2
1 4 1 42 3 26 3
0 47 1 15 0 54 0
1 85 1 0 3 22 0
1 96 2 12 0 3 3
1 97 1 64 0 17 1
1 14 3 73 3 85 2
0 0 3 31 0 91 3
0 92 0 3 3 44 3
1 26 3 91 3 55 1
1 25 3 13 1 87 3
1 84 0 39 1 54 0
0 84 3 16 2 45 0
1 4 2 67 3 15 2
1 7 2 80 0 48 2
0 87 0 80 3 76 2
1 60 1 11 2 61 2
0 81 3 2 2 96 1
1 31 3 8 2 23 0
1 7 1 42 3 38 1
0 86 3 6 2 26 3
0 81 1 23 1 44 2
1 95 2 70 2 59 3
1 89 1 15 2 23 1
0 82 3 84 2 55 0
1 7 3 65 1 9 1
0 9 1 18 2 20 2
0 62 1 10 2 84 0
0 47 1 94 2 31 2
1 88 1 31 2 10 3
1 87 3 83 3 77 2
0 55 1 83 0 27 2
1 80 1 25 2 7 3
1 67 3 58 0 88 2
0 50 2 66 1 76 3
1 80 3 94 0 79 2
0 35 3 57 1 51 2
0 16 2 17 0 10 2
0 12 3 99 3 98 3
0 76 3 49 3 33 0
0 53 0 7 0 98 0
1 39 0 37 1 76 3
1 21 0 72 3 52 3
0 91 0 37 2 19 0
1 76 3 16 0 19 2
1 37 1 36 2 95 3
1 56 1 59 2 82 1
0 47 3 78 1 17 2
0 66 0 87 2 60 1
1 54 0 62 0 49 1
0 88 3 39 3 29 1
0 13 1 40 0 93 3
1 96 1 62 0 32 2
0 49 3 3 1 98 0
0 89 1 6 2 16 0
0 69 0 38 3 12 0
1 93 0 95 0 40 3
1 96 0 30 3 30 1
1 87 1 76 2 22 0
1 93 0 53 3 18 1
1 58 0 54 0 10 0
1 71 0 40 0 85 0
0 92 1 81 0 95 2
0 98 3 96 1 70 1
0 56 2 69 1 8 3
1 4 2 33 3 53 2
0 47 3 75 1 92 2
1 67 2 19 3 91 0
1 55 2 84 0 86 2
0 8 1 20 3 99 2
0 31 3 83 1 95 2
1 99 1 73 0 94 1
0 62 1 10 2 84 0
0 47 1 94 2 31 2
1 88 1 31 2 10 3
1 87 3 83 3 77 2
0 55 1 83 0 27 2
1 80 1 25 2 7 3
1 67 3 58 0 88 2
0 50 2 66 1 76 3
1 80 3 94 0 79 2
0 35 3 57 1 51 2
0 16 2 17 0 10 2
0 12 3 99 3 98 3
0 76 3 49 3 33 0
0 53 0 7 0 98 0
1 39 0 37 1 76 3
1 21 0 72 3 52 3
0 91 0 37 2 19 0
1 76 3 16 0 19 2
1 37 1 36 2 95 3
1 56 1 59 2 82 1
0 47 3 78 1 17 2
0 66 0 87 2 60 1
1 54 0 62 0 49 1
0 88 3 39 3 29 1
0 13 1 40 0 93 3
1 96 1 62 0 32 2
0 49 3 3 1 98 0
0 89 1 6 2 16 0
0 69 0 38 3 12 0
1 93 0 95 0 40 3
1 96 0 30 3 30 1
1 87 1 76 2 22 0
1 93 0 53 3 18 1
1 58 0 54 0 10 0
1 71 0 40 0 85 0
0 92 1 81 0 95 2
0 98 3 96 1 70 1
0 56 2 69 1 8 3
1 4 2 33 3 53 2
0 47 3 75 1 92 2
1 67 2 19 3 91 0
1 55 2 84 0 86 2
0 8 1 20 3 99 2
0 31 3 83 1 95 2
1 99 1 73 0 94 1
0 62 1 10 2 84 0
0 47 1 94 2 31 2
1 88 1 31 2 10 3
1 87 3 83 3 77 2
0 55 1 83 0 27 2
1 80 1 25 2 7 3
1 67 3 58 0 88 2
0 50 2 66 1 76 3
1 80 3 94 0 79 2
0 35 3 57 1 51 2
0 16 2 17 0 10 2
0 12 3 99 3 98 3
0 76 3 49 3 33 0
0 53 0 7 0 98 0
1 39 0 37 1 76 3
1 21 0 72 3 52 3
0 91 0 37 2 19 0
1 76 3 16 0 19 2
1 37 1 36 2 95 3
1 56 1 59 2 82 1
0 47 3 78 1 17 2
0 66 0 87 2 60 1
1 54 0 62 0 49 1
0 88 3 39 3 29 1
0 13 1 40 0 93 3
1 96 1 62 0 32 2
0 49 3 3 1 98 0
0 89 1 6 2 16 0
0 69 0 38 3 12 0
1 93 0 95 0 40 3
1 96 0 30 3 30 1
1 87 1 76 2 22 0
1 93 0 53 3 18 1
1 58 0 54 0 10 0
1 71 0 40 0 85 0
0 92 1 81 0 95 2
0 98 3 96 1 70 1
0 56 2 69 1 8 3
1 4 2 33 3 53 2
0 47 3 75 1 92 2
1 67 2 19 3 91 0
1 55 2 84 0 86 2
0 8 1 20 3 99 2
0 31 3 83 1 95 2
1 99 1 73 0 94 1
0 62 1 10 2 84 0
0 47 1 94 2 31 2
1 88 1 31 2 10 3
1 87 3 83 3 77 2
0 55 1 83 0 27 2
1 80 1 25 2 7 3
1 67 3 58 0 88 2
0 50 2 66 1 76 3
1 80 3 94 0 79 2
0 35 3 57 1 51 2
0 16 2 17 0 10 2
0 12 3 99 3 98 3
0 76 3 49 3 33 0
0 53 0 7 0 98 0
1 39 0 37 1 76 3
1 21 0 72 3 52 3
0 91 0 37 2 19 0
1 76 3 16 0 19 2
1 37 1 36 2 95 3
1 56 1 59 2 82 1
0 47 3 78 1 17 2
0 66 0 87 2 60 1
1 54 0 62 0 49 1
0 88 3 39 3 29 1
0 13 1 40 0 93 3
1 96 1 62 0 32 2
0 49 3 3 1 98 0
0 89 1 6 2 16 0
0 69 0 38 3 12 0
1 93 0 95 0 40 3
1 96 0 30 3 30 1
1 87 1 76 2 22 0
1 93 0 53 3 18 1
1 58 0 54 0 10 0
1 71 0 40 0 85 0
0 92 1 81 0 95 2
0 98 3 96 1 70 1
0 56 2 69 1 8 3
1 4 2 33 3 53 2
0 47 3 75 1 92 2
1 67 2 19 3 91 0
1 55 2 84 0 86 2
0 8 1 20 3 99 2
0 31 3 83 1 95 2
1 99 1 73 0 94 1
0 62 1 10 2 84 0
0 47 1 94 2 31 2
1 88 1 31 2 10 3
1 87 3 83 3 77 2
0 55 1 83 0 27 2
1 80 1 25 2 7 3
1 67 3 58 0 88 2
0 50 2 66 1 76 3
1 80 3 94 0 79 2
0 35 3 57 1 51 2
0 16 2 17 0 10 2
0 12 3 99 3 98 3
0 76 3 49 3 33 0
0 53 0 7 0 98 0
1 39 0 37 1 76 3
1 21 0 72 3 52 3
0 91 0 37 2 19 0
1 76 3 16 0 19 2
1 37 1 36 2 95 3
1 56 1 59 2 82 1
0 47 3 78 1 17 2
0 66 0 87 2 60 1
1 54 0 62 0 49 1
0 88 3 39 3 29 1
0 13 1 40 0 93 3
1 96 1 62 0 32 2
0 49 3 3 1 98 0
0 89 1 6 2 16 0
0 69 0 38 3 12 0
1 93 0 95 0 40 3
1 96 0 30 3 30 1
1 87 1 76 2 22 0
1 93 0 53 3 18 1
1 58 0 54 0 10 0
1 71 0 40 0 85 0
0 92 1 81 0 95 2
0 98 3 96 1 70 1
0 56 2 69 1 8 3
1 4 2 33 3 53 2
0 47 3 75 1 92 2
1 67 2 19 3 91 0
1 55 2 84 0 86 2
0 8 1 20 3 99 2
0 31 3 83 1 95 2
1 99 1 73 0 94 1
0 62 1 10 2 84 0
0 47 1 94 2 31 2
1 88 1 31 2 10 3
1 87 3 83 3 77 2
0 55 1 83 0 27 2
1 80 1 25 2 7 3
1 67 3 58 0 88 2
0 50 2 66 1 76 3
1 80 3 94 0 79 2
0 35 3 57 1 51 2
0 16 2 17 0 10 2
0 12 3 99 3 98 3
0 76 3 49 3 33 0
0 53 0 7 0 98 0
1 39 0 37 1 76 3
1 21 0 72 3 52 3
0 91 0 37 2 19 0
1 76 3 16 0 19 2
1 37 1 36 2 95 3
1 56 1 59 2 82 1
0 47 3 78 1 17 2
0 66 0 87 2 60 1
1 54 0 62 0 49 1
0 88 3 39 3 29 1
0 13 1 40 0 93 3
1 96 1 62 0 32 2
0 49 3 3 1 98 0
0 89 1 6 2 16 0
0 69 0 38 3 12 0
1 93 0 95 0 40 3
1 96 0 30 3 30 1
1 87 1 76 2 22 0
1 93 0 53 3 18 1
1 58 0 54 0 10 0
1 71 0 40 0 85 0
0 92 1 81 0 95 2
0 98 3 96 1 70 1
0 56 2 69 1 8 3
1 4 2 33 3 53 2
0 47 3 75 1 92 2
1 67 2 19 3 91 0
1 55 2 84 0 86 2
0 8 1 20 3 99 2
0 31 3 83 1 95 2
1 99 1 73 0 94 1
1 85 0 61 0 7 1
1 41 3 95 2 21 2
1 2 2 7 1 8 3
0 52 1 16 1 55 3
1 64 3 15 2 75 1
0 54 1 21 0 68 3
1 2 1 6 1 28 3
1 37 0 22 3 41 0
0 91 0 34 1 68 2
1 29 3 23 3 87 3
1 15 2 33 2 54 2
1 51 0 86 2 98 3
1 27 2 48 3 26 3
0 67 1 36 1 18 2
0 70 3 36 3 77 0
1 63 0 68 3 64 2
0 61 3 21 3 95 1
0 50 1 0 3 18 0
0 13 0 12 2 37 1
0 91 0 70 1 10 2
1 52 0 34 0 87 0
1 50 2 93 0 29 0
1 34 2 69 2 79 0
0 60 3 71 1 17 3
0 20 0 14 2 22 3
0 16 3 37 3 80 1
1 51 0 57 1 81 3
1 83 0 50 2 99 0
1 4 0 74 2 63 0
1 78 2 54 0 10 2
1 66 1 60 2 71 2
1 53 1 84 3 42 2
0 28 2 15 2 88 1
1 87 0 46 1 91 3
0 6 2 0 1 64 0
0 18 0 73 3 11 2
1 80 1 26 3 51 1
0 76 3 42 0 72 0
0 96 1 46 1 27 3
0 63 2 55 3 27 0
1 93 0 53 2 59 3
1 91 2 61 0 53 1
0 15 2 49 1 3 0
1 50 1 47 2 22 2
0 93 2 12 1 99 3
0 62 1 10 2 84 0
0 47 1 94 2 31 2
1 88 1 31 2 10 3
1 87 3 83 3 77 2
0 55 1 83 0 27 2
1 80 1 25 2 7 3
1 67 3 58 0 88 2
0 50 2 66 1 76 3
1 80 3 94 0 79 2
0 35 3 57 1 51 2
0 16 2 17 0 10 2
0 12 3 99 3 98 3
0 76 3 49 3 33 0
0 53 0 7 0 98 0
1 39 0 37 1 76 3
1 21 0 72 3 52 3
0 91 0 37 2 19 0
1 76 3 16 0 19 2
1 37 1 36 2 95 3
1 56 1 59 2 82 1
0 47 3 78 1 17 2
0 66 0 87 2 60 1
1 54 0 62 0 49 1
0 88 3 39 3 29 1
0 13 1 40 0 93 3
1 96 1 62 0 32 2
0 49 3 3 1 98 0
0 89 1 6 2 16 0
0 69 0 38 3 12 0
1 93 0 95 0 40 3
1 96 0 30 3 30 1
1 87 1 76 2 22 0
1 93 0 53 3 18 1
1 58 0 54 0 10 0
1 71 0 40 0 85 0
0 92 1 81 0 95 2
0 98 3 96 1 70 1
0 56 2 69 1 8 3
1 4 2 33 3 53 2
0 47 3 75 1 92 2
1 67 2 19 3 91 0
1 55 2 84 0 86 2
0 8 1 20 3 99 2
0 31 3 83 1 95 2
1 99 1 73 0 94 1
0 78 3 48 1 28 3
0 69 0 51 2 66 2
1 98 0 51 1 58 2
0 76 1 46 0 66 2
0 15 2 64 1 83 1
1 64 3 38 1 37 3
1 96 2 43 2 6 3
1 61 1 80 3 67 0
0 30 2 84 0 72 2
0 10 1 45 1 76 0
0 85 0 76 2 11 1
0 68 0 42 0 10 0
1 55 2 72 2 76 2
0 49 2 38 2 97 3
0 68 3 82 1 58 3
0 35 3 80 0 52 0
0 34 1 50 3 46 2
0 75 0 41 2 9 3
1 14 1 18 0 95 3
1 52 3 12 2 35 1
0 96 0 42 3 29 1
1 60 2 34 0 15 3
0 4 2 24 0 89 2
1 33 1 86 1 89 0
0 80 3 76 3 28 1
1 98 0 15 0 91 0
0 73 1 65 3 6 2
1 30 2 76 3 22 2
1 13 2 90 0 52 2
0 67 0 22 2 89 1
1 84 0 52 0 33 3
0 29 2 19 2 52 1
0 49 2 82 2 31 1
0 14 3 97 2 83 0
1 43 1 38 0 91 3
0 51 3 60 2 51 0
1 54 3 58 2 64 3
0 23 3 50 2 83 1
0 29 2 87 2 11 3
0 87 1 99 2 41 0
0 36 0 82 0 59 3
0 92 3 41 1 10 0
0 93 0 94 2 61 2
0 64 1 45 3 23 3
0 31 1 46 3 85 1
0 13 3 11 0 82 3
1 40 3 56 0 52 0
0 91 3 38 1 64 1
1 74 1 96 0 10 0
0 10 1 45 3 54 3
0 65 1 32 3 78 2
1 34 3 46 0 77 1
0 88 0 52 2 27 0
1 19 0 34 2 79 0
1 82 3 2 1 51 1
0 86 3 63 0 69 3
0 54 1 18 2 79 0
1 92 0 53 1 68 2
1 93 3 42 1 62 0
0 19 1 22 1 38 3
0 52 3 87 1 14 2
1 82 1 97 0 34 2
1 52 3 19 0 92 2
0 64 3 45 1 69 0
1 72 1 79 0 39 0
1 65 0 90 2 98 3
1 25 2 37 3 10 1
0 49 0 81 1 63 1
0 1 0 2 0 92 0
0 71 3 27 3 44 2
1 26 2 10 1 17 3
0 21 0 20 2 37 3
0 72 1 13 3 4 0
0 57 1 58 0 20 2
1 16 2 67 0 16 2
1 92 3 77 1 8 1
1 60 3 75 3 52 3
0 68 2 96 0 90 3
1 10 0 46 2 13 3
0 47 2 30 1 23 0
0 58 1 49 1 76 3
0 46 0 68 1 53 1
0 17 1 2 1 15 1
0 89 3 51 0 5 2
1 39 3 55 0 84 3
1 55 2 67 0 77 3
1 52 3 23 2 47 0
1 63 3 77 3 6 1
0 85 2 24 3 52 0
0 54 3 23 0 58 1
0 62 1 10 2 84 0
0 47 1 94 2 31 2
1 88 1 31 2 10 3
1 87 3 83 3 77 2
0 55 1 83 0 27 2
1 80 1 25 2 7 3
1 67 3 58 0 88 2
0 50 2 66 1 76 3
1 80 3 94 0 79 2
0 35 3 57 1 51 2
0 16 2 17 0 10 2
0 12 3 99 3 98 3
0 76 3 49 3 33 0
0 53 0 7 0 98 0
1 39 0 37 1 76 3
1 21 0 72 3 52 3
0 91 0 37 2 19 0
1 76 3 16 0 19 2
1 37 1 36 2 95 3
1 56 1 59 2 82 1
0 47 3 78 1 17 2
0 66 0 87 2 60 1
1 54 0 62 0 49 1
0 88 3 39 3 29 1
0 13 1 40 0 93 3
1 96 1 62 0 32 2
0 49 3 3 1 98 0
0 89 1 6 2 16 0
0 69 0 38 3 12 0
1 93 0 95 0 40 3
1 96 0 30 3 30 1
1 87 1 76 2 22 0
1 93 0 53 3 18 1
1 58 0 54 0 10 0
1 71 0 40 0 85 0
0 92 1 81 0 95 2
0 98 3 96 1 70 1
0 56 2 69 1 8 3
1 4 2 33 3 53 2
0 47 3 75 1 92 2
1 67 2 19 3 91 0
1 55 2 84 0 86 2
0 8 1 20 3 99 2
0 31 3 83 1 95 2
-1 99 1 73 0 94 1
