1 14 3 6 2 8 1
1 18 2 5 2 18 3
1 14 3 58 1 18 1
1 31 2 9 2 10 1
1 10 0 47 0 21 2
1 50 2 11 2 20 2
1 44 3 63 3 27 1
1 10 2 21 3 18 0
0 37 3 57 0 63 1
1 32 1 49 3 48 0
0 6 2 37 2 40 1
0 0 0 29 0 26 2
1 49 2 60 3 50 3
1 7 3 25 2 42 1
0 23 0 40 1 48 3
1 41 3 31 1 44 0
0 5 2 35 0 16 3
0 25 1 36 1 18 1
1 44 0 21 3 11 3
1 26 3 48 2 39 1
1 38 3 56 1 30 1
0 42 0 49 1 34 2
1 44 2 55 1 4 1
1 14 3 24 3 51 0
0 51 1 52 0 46 1
0 17 3 25 2 20 1
0 41 2 5 3 34 2
0 41 1 46 1 4 0
1 17 1 6 3 14 2
1 59 1 41 3 2 0
0 40 3 12 3 52 2
1 46 3 54 0 19 1
1 25 2 34 0 49 0
0 17 0 33 0 3 0
0 46 0 25 0 27 1
1 63 3 57 2 26 2
0 63 1 12 1 29 1
0 12 2 43 0 3 3
1 12 2 41 3 28 0
0 23 3 37 0 16 1
1 3 1 36 3 21 2
1 23 1 30 3 34 0
0 43 0 20 3 38 2
0 3 2 37 3 37 3
1 29 2 52 1 7 1
0 58 2 63 1 41 3
0 59 3 45 1 55 0
0 58 1 26 3 60 1
0 42 0 9 3 26 1
1 3 3 5 3 40 1
0 58 2 3 2 17 2
0 38 3 22 0 3 0
1 50 2 20 2 53 0
1 0 0 41 2 13 0
0 34 3 18 1 56 2
1 33 1 23 0 5 3
0 42 2 63 1 54 3
0 63 2 23 0 27 2
1 9 1 42 1 27 2
0 61 1 39 3 4 1
1 53 1 23 2 29 3
0 46 0 8 3 26 1
0 32 2 44 3 61 2
1 33 2 62 0 24 3
0 62 3 19 1 9 3
1 19 1 19 1 12 0
0 35 3 19 0 27 3
1 34 0 63 3 15 1
1 13 3 8 2 5 3
1 11 1 17 0 45 1
1 4 2 5 3 34 1
0 33 2 47 2 2 3
1 11 3 13 1 20 1
0 1 1 55 2 47 0
1 24 2 26 1 16 1
1 38 2 54 3 58 3
1 18 0 47 3 63 1
0 48 0 46 3 53 1
1 2 2 43 3 41 3
1 60 1 26 0 4 1
0 56 3 23 3 30 3
0 27 0 54 1 15 2
1 30 3 31 0 28 0
0 13 1 56 1 17 3
0 29 1 58 0 37 1
1 11 1 59 2 55 1
1 48 0 50 3 55 3
1 0 2 5 0 17 2
1 51 0 1 0 49 1
1 10 0 55 1 10 0
1 36 2 53 2 17 1
0 26 3 55 1 32 0
0 39 2 3 1 63 3
0 36 0 55 0 56 1
0 18 0 11 0 42 2
1 24 1 34 2 54 2
1 47 2 60 2 53 2
1 0 2 44 3 46 2
1 62 3 24 2 14 0
0 29 0 1 0 37 3
0 19 3 35 1 10 2
1 17 0 28 0 30 3
1 40 3 49 2 4 0
1 46 2 14 0 6 2
1 16 3 57 2 44 0
0 31 2 39 1 23 2
0 9 3 59 1 15 1
1 33 3 54 2 23 1
0 35 0 12 1 46 0
1 3 1 21 0 46 2
0 51 3 49 3 15 2
0 44 2 10 1 15 1
1 8 2 15 3 4 1
1 21 0 28 3 44 2
0 40 3 23 3 27 1
0 53 1 41 0 36 3
0 50 3 57 1 62 2
1 23 3 45 2 52 0
0 61 0 63 2 30 0
1 21 0 44 0 21 3
1 12 2 34 2 8 3
0 34 2 4 1 57 0
0 49 3 59 3 49 1
1 46 3 19 0 61 3
0 49 3 25 0 32 1
1 15 1 47 1 32 2
0 10 1 34 1 57 1
1 47 2 46 3 25 2
0 40 2 10 2 24 1
0 40 2 30 2 49 2
1 48 3 7 1 1 3
0 36 1 13 1 25 1
0 35 2 15 3 13 1
0 16 0 44 3 4 3
0 12 3 55 2 25 3
1 3 0 43 1 38 1
1 57 3 21 3 39 3
1 49 2 45 2 41 2
1 35 2 51 1 48 1
0 53 1 24 0 51 2
1 32 3 50 0 19 1
0 36 3 56 1 23 0
1 46 3 46 0 47 3
0 33 1 39 0 7 3
1 48 1 3 2 62 2
1 37 0 54 1 25 2
0 61 3 7 2 22 3
1 63 3 23 3 10 3
1 21 3 11 2 20 0
0 56 2 44 0 54 0
1 12 2 9 1 28 0
1 27 2 5 3 13 3
1 19 1 10 3 57 3
0 22 1 5 0 32 3
0 37 2 35 0 2 0
1 40 0 18 0 30 0
0 0 2 28 1 6 0
1 29 1 35 3 32 3
1 56 3 34 3 55 1
0 8 0 17 3 12 0
1 61 2 18 0 7 1
1 55 0 39 1 63 1
0 54 2 54 3 50 3
1 25 1 51 0 55 0
0 54 0 21 1 52 0
0 9 0 63 2 56 1
0 53 2 36 2 12 2
0 1 0 54 2 29 0
0 27 3 57 3 45 1
1 30 3 47 0 27 3
1 0 3 9 0 29 0
0 60 0 11 2 32 1
1 31 3 30 1 57 1
1 21 3 35 3 4 2
0 60 0 15 2 25 2
1 37 3 6 3 27 2
0 48 1 14 1 1 0
0 8 2 52 3 62 1
1 3 0 51 3 44 3
0 3 0 12 0 38 3
1 54 2 19 3 10 3
0 62 2 56 1 50 2
1 60 0 55 3 18 0
1 23 2 56 2 39 2
1 16 3 23 3 49 2
0 19 1 15 1 21 0
0 57 0 36 3 58 1
1 35 3 13 3 28 0
0 12 2 1 0 43 3
1 38 0 42 3 16 0
0 20 2 4 3 29 0
1 60 2 35 3 38 2
0 38 3 13 3 60 3
0 3 0 31 1 49 2
1 10 2 29 3 26 1
1 18 1 12 1 24 3
1 4 3 44 3 54 0
0 18 1 43 0 17 1
0 25 3 49 1 20 1
0 63 3 6 1 0 2
0 48 0 29 2 53 3
0 0 3 6 2 7 1
1 24 3 52 1 15 2
1 15 0 37 1 53 3
1 22 1 11 0 26 0
0 44 2 45 2 14 0
0 21 2 14 2 8 3
0 15 2 1 1 34 3
0 63 1 39 2 5 0
0 20 2 43 1 50 3
1 51 0 19 3 19 0
1 25 0 30 3 17 3
0 14 1 8 1 23 2
0 1 2 42 1 0 1
0 4 0 0 1 58 0
0 30 1 27 2 59 1
0 58 3 1 3 40 1
1 48 0 57 1 46 1
0 35 3 55 0 19 2
0 52 3 29 2 15 2
0 13 3 2 2 5 0
0 2 1 29 0 8 1
1 22 1 62 1 34 1
0 34 0 60 0 0 3
1 27 1 50 3 45 2
1 38 2 29 0 29 3
0 36 2 52 3 47 3
0 42 0 46 0 20 2
0 5 0 12 2 12 0
0 5 3 8 1 41 2
1 50 0 20 0 42 0
1 22 0 50 0 42 3
0 46 1 57 0 56 1
1 46 3 9 1 4 3
0 35 0 45 1 61 0
0 6 2 0 2 11 3
0 62 0 46 1 44 1
0 3 0 46 3 11 2
0 47 2 33 3 49 2
1 56 2 47 1 52 1
0 23 2 6 3 2 1
0 35 0 53 0 13 0
0 4 1 30 0 5 1
1 24 0 38 3 35 3
0 21 0 34 2 53 2
1 25 0 25 1 56 3
1 28 3 27 3 11 0
1 10 2 7 3 32 3
0 11 1 62 2 22 3
1 5 3 27 2 5 3
1 29 0 20 0 4 2
0 54 0 25 1 14 2
1 58 2 22 1 13 3
1 9 2 20 2 33 2
0 55 2 8 0 62 0
1 19 2 52 1 49 0
0 19 3 58 1 19 3
0 55 2 57 0 29 2
0 58 1 50 3 43 2
1 55 2 50 0 2 2
1 48 2 46 0 47 1
1 56 2 47 1 23 2
0 55 0 5 2 5 3
1 29 3 20 0 49 3
0 15 0 6 2 47 2
0 0 3 17 3 42 3
1 26 3 44 3 31 0
1 56 1 50 0 57 2
0 15 1 1 0 40 1
0 48 1 0 1 20 0
0 58 2 63 1 41 3
0 59 3 45 1 55 0
0 58 1 26 3 60 1
0 42 0 9 3 26 1
1 3 3 5 3 40 1
0 58 2 3 2 17 2
0 38 3 22 0 3 0
1 50 2 20 2 53 0
1 0 0 41 2 13 0
0 34 3 18 1 56 2
1 33 1 23 0 5 3
0 42 2 63 1 54 3
0 63 2 23 0 27 2
1 9 1 42 1 27 2
0 61 1 39 3 4 1
1 53 1 23 2 29 3
0 46 0 8 3 26 1
0 32 2 44 3 61 2
1 33 2 62 0 24 3
0 62 3 19 1 9 3
1 19 1 19 1 12 0
0 35 3 19 0 27 3
1 34 0 63 3 15 1
1 13 3 8 2 5 3
1 11 1 17 0 45 1
1 4 2 5 3 34 1
0 33 2 47 2 2 3
1 11 3 13 1 20 1
0 1 1 55 2 47 0
1 24 2 26 1 16 1
1 38 2 54 3 58 3
1 18 0 47 3 63 1
0 48 0 46 3 53 1
1 2 2 43 3 41 3
1 60 1 26 0 4 1
0 56 3 23 3 30 3
0 27 0 54 1 15 2
1 30 3 31 0 28 0
0 13 1 56 1 17 3
0 29 1 58 0 37 1
1 11 1 59 2 55 1
1 48 0 50 3 55 3
1 0 2 5 0 17 2
1 51 0 1 0 49 1
1 10 0 55 1 10 0
0 58 2 63 1 41 3
0 59 3 45 1 55 0
0 58 1 26 3 60 1
0 42 0 9 3 26 1
1 3 3 5 3 40 1
0 58 2 3 2 17 2
0 38 3 22 0 3 0
1 50 2 20 2 53 0
1 0 0 41 2 13 0
0 34 3 18 1 56 2
1 33 1 23 0 5 3
0 42 2 63 1 54 3
0 63 2 23 0 27 2
1 9 1 42 1 27 2
0 61 1 39 3 4 1
1 53 1 23 2 29 3
0 46 0 8 3 26 1
0 32 2 44 3 61 2
1 33 2 62 0 24 3
0 62 3 19 1 9 3
1 19 1 19 1 12 0
0 35 3 19 0 27 3
1 34 0 63 3 15 1
1 13 3 8 2 5 3
1 11 1 17 0 45 1
1 4 2 5 3 34 1
0 33 2 47 2 2 3
1 11 3 13 1 20 1
0 1 1 55 2 47 0
1 24 2 26 1 16 1
1 38 2 54 3 58 3
1 18 0 47 3 63 1
0 48 0 46 3 53 1
1 2 2 43 3 41 3
1 60 1 26 0 4 1
0 56 3 23 3 30 3
0 27 0 54 1 15 2
1 30 3 31 0 28 0
0 13 1 56 1 17 3
0 29 1 58 0 37 1
1 11 1 59 2 55 1
1 48 0 50 3 55 3
1 0 2 5 0 17 2
1 51 0 1 0 49 1
1 10 0 55 1 10 0
0 58 2 63 1 41 3
0 59 3 45 1 55 0
0 58 1 26 3 60 1
0 42 0 9 3 26 1
1 3 3 5 3 40 1
0 58 2 3 2 17 2
0 38 3 22 0 3 0
1 50 2 20 2 53 0
1 0 0 41 2 13 0
0 34 3 18 1 56 2
1 33 1 23 0 5 3
0 42 2 63 1 54 3
0 63 2 23 0 27 2
1 9 1 42 1 27 2
0 61 1 39 3 4 1
1 53 1 23 2 29 3
0 46 0 8 3 26 1
0 32 2 44 3 61 2
1 33 2 62 0 24 3
0 62 3 19 1 9 3
1 19 1 19 1 12 0
0 35 3 19 0 27 3
1 34 0 63 3 15 1
1 13 3 8 2 5 3
1 11 1 17 0 45 1
1 4 2 5 3 34 1
0 33 2 47 2 2 3
1 11 3 13 1 20 1
0 1 1 55 2 47 0
1 24 2 26 1 16 1
1 38 2 54 3 58 3
1 18 0 47 3 63 1
0 48 0 46 3 53 1
1 2 2 43 3 41 3
1 60 1 26 0 4 1
0 56 3 23 3 30 3
0 27 0 54 1 15 2
1 30 3 31 0 28 0
0 13 1 56 1 17 3
0 29 1 58 0 37 1
1 11 1 59 2 55 1
1 48 0 50 3 55 3
1 0 2 5 0 17 2
1 51 0 1 0 49 1
1 10 0 55 1 10 0
1 4 2 2 2 14 2
0 55 1 40 0 42 0
0 46 3 36 2 48 0
0 12 3 42 3 39 3
1 46 2 13 2 57 0
0 25 3 61 2 51 0
1 3 2 25 0 26 2
1 30 2 30 0 50 2
1 60 2 1 0 61 0
0 51 1 20 0 47 0
0 57 3 8 3 50 1
0 42 2 14 2 48 2
0 31 0 51 3 6 1
1 63 3 24 3 49 1
0 12 3 53 2 59 2
0 19 1 37 2 49 2
1 46 0 28 0 41 1
0 39 1 36 1 18 3
1 8 1 28 3 38 2
1 13 3 12 1 7 3
0 6 1 16 0 6 3
0 18 0 49 3 58 1
1 62 2 9 3 21 3
0 5 2 56 1 52 3
0 33 3 62 0 29 3
0 45 1 3 1 45 3
1 9 1 59 2 15 3
0 14 2 54 3 17 3
0 52 1 41 0 46 3
0 62 1 21 2 24 3
1 1 0 59 1 5 0
0 13 1 56 1 2 1
0 12 0 39 2 22 1
0 37 1 3 2 28 0
0 62 1 56 2 6 1
1 38 1 34 3 24 1
0 42 3 25 0 40 0
0 51 1 57 2 26 1
0 16 3 38 1 63 3
1 40 1 16 3 6 3
1 29 3 42 0 9 1
1 48 3 27 3 63 1
0 61 2 22 0 53 3
1 55 0 42 1 9 2
0 31 2 12 0 16 3
1 39 3 52 2 17 2
1 59 1 24 1 6 2
1 56 3 43 3 17 3
1 52 3 48 3 28 0
0 53 0 34 3 59 3
0 48 0 16 2 30 2
0 2 3 46 1 53 0
0 63 1 6 2 54 0
1 18 1 1 3 21 2
1 39 3 21 1 54 1
1 3 2 58 0 22 2
1 39 1 53 1 42 2
0 30 0 23 3 55 3
1 20 1 17 1 19 3
0 48 2 15 2 17 0
0 41 1 28 3 33 2
0 47 3 0 3 0 2
0 11 0 20 1 61 1
1 49 3 49 1 43 2
0 61 2 8 0 2 3
1 26 1 26 3 33 2
1 61 3 58 2 61 2
0 11 0 51 3 56 3
0 47 0 55 3 9 1
0 63 3 51 0 47 2
1 51 0 0 3 27 0
0 15 1 8 1 13 2
0 54 0 14 1 38 1
1 26 3 50 2 41 0
0 15 1 33 0 24 0
1 4 3 6 1 38 2
0 23 1 23 0 26 0
1 7 0 4 0 6 1
1 63 1 54 3 40 1
1 17 0 60 2 26 3
0 0 3 62 2 14 1
0 22 3 7 0 3 0
1 4 0 14 2 51 0
0 45 0 54 2 61 0
1 30 1 12 0 53 3
1 15 2 59 1 43 2
1 35 3 11 0 12 3
1 9 0 13 3 22 3
0 1 2 35 2 37 1
0 7 3 40 2 39 1
0 58 2 63 1 41 3
0 59 3 45 1 55 0
0 58 1 26 3 60 1
0 42 0 9 3 26 1
1 3 3 5 3 40 1
0 58 2 3 2 17 2
0 38 3 22 0 3 0
1 50 2 20 2 53 0
1 0 0 41 2 13 0
0 34 3 18 1 56 2
1 33 1 23 0 5 3
0 42 2 63 1 54 3
0 63 2 23 0 27 2
1 9 1 42 1 27 2
0 61 1 39 3 4 1
1 53 1 23 2 29 3
0 46 0 8 3 26 1
0 32 2 44 3 61 2
1 33 2 62 0 24 3
0 62 3 19 1 9 3
1 19 1 19 1 12 0
0 35 3 19 0 27 3
1 34 0 63 3 15 1
1 13 3 8 2 5 3
1 11 1 17 0 45 1
1 4 2 5 3 34 1
0 33 2 47 2 2 3
1 11 3 13 1 20 1
0 1 1 55 2 47 0
1 24 2 26 1 16 1
1 38 2 54 3 58 3
1 18 0 47 3 63 1
0 48 0 46 3 53 1
1 2 2 43 3 41 3
1 60 1 26 0 4 1
0 56 3 23 3 30 3
0 27 0 54 1 15 2
1 30 3 31 0 28 0
0 13 1 56 1 17 3
0 29 1 58 0 37 1
1 11 1 59 2 55 1
1 48 0 50 3 55 3
1 0 2 5 0 17 2
1 51 0 1 0 49 1
1 10 0 55 1 10 0
0 58 2 63 1 41 3
0 59 3 45 1 55 0
0 58 1 26 3 60 1
0 42 0 9 3 26 1
1 3 3 5 3 40 1
0 58 2 3 2 17 2
0 38 3 22 0 3 0
1 50 2 20 2 53 0
1 0 0 41 2 13 0
0 34 3 18 1 56 2
1 33 1 23 0 5 3
0 42 2 63 1 54 3
0 63 2 23 0 27 2
1 9 1 42 1 27 2
0 61 1 39 3 4 1
1 53 1 23 2 29 3
0 46 0 8 3 26 1
0 32 2 44 3 61 2
1 33 2 62 0 24 3
0 62 3 19 1 9 3
1 19 1 19 1 12 0
0 35 3 19 0 27 3
1 34 0 63 3 15 1
1 13 3 8 2 5 3
1 11 1 17 0 45 1
1 4 2 5 3 34 1
0 33 2 47 2 2 3
1 11 3 13 1 20 1
0 1 1 55 2 47 0
1 24 2 26 1 16 1
1 38 2 54 3 58 3
1 18 0 47 3 63 1
0 48 0 46 3 53 1
1 2 2 43 3 41 3
1 60 1 26 0 4 1
0 56 3 23 3 30 3
0 27 0 54 1 15 2
1 30 3 31 0 28 0
0 13 1 56 1 17 3
0 29 1 58 0 37 1
1 11 1 59 2 55 1
1 48 0 50 3 55 3
1 0 2 5 0 17 2
1 51 0 1 0 49 1
1 10 0 55 1 10 0
0 58 2 63 1 41 3
0 59 3 45 1 55 0
0 58 1 26 3 60 1
0 42 0 9 3 26 1
1 3 3 5 3 40 1
0 58 2 3 2 17 2
0 38 3 22 0 3 0
1 50 2 20 2 53 0
1 0 0 41 2 13 0
0 34 3 18 1 56 2
1 33 1 23 0 5 3
0 42 2 63 1 54 3
0 63 2 23 0 27 2
1 9 1 42 1 27 2
0 61 1 39 3 4 1
1 53 1 23 2 29 3
0 46 0 8 3 26 1
0 32 2 44 3 61 2
1 33 2 62 0 24 3
0 62 3 19 1 9 3
1 19 1 19 1 12 0
0 35 3 19 0 27 3
1 34 0 63 3 15 1
1 13 3 8 2 5 3
1 11 1 17 0 45 1
1 4 2 5 3 34 1
0 33 2 47 2 2 3
1 11 3 13 1 20 1
0 1 1 55 2 47 0
1 24 2 26 1 16 1
1 38 2 54 3 58 3
1 18 0 47 3 63 1
0 48 0 46 3 53 1
1 2 2 43 3 41 3
1 60 1 26 0 4 1
0 56 3 23 3 30 3
0 27 0 54 1 15 2
1 30 3 31 0 28 0
0 13 1 56 1 17 3
0 29 1 58 0 37 1
1 11 1 59 2 55 1
1 48 0 50 3 55 3
1 0 2 5 0 17 2
1 51 0 1 0 49 1
1 10 0 55 1 10 0
1 42 0 62 3 50 3
0 62 1 52 2 3 2
1 49 2 60 1 49 3
1 36 2 11 0 8 3
1 39 1 5 2 6 0
0 51 0 0 3 41 3
1 17 2 31 0 9 2
1 45 2 4 2 18 1
1 36 2 35 0 13 2
1 18 1 56 3 31 2
0 53 0 34 3 20 3
0 21 0 4 0 11 0
1 38 1 31 0 40 2
0 44 1 29 2 29 3
1 63 0 37 0 13 1
0 8 2 51 2 4 0
1 38 1 32 3 17 1
1 41 1 59 0 33 0
1 63 3 11 2 28 0
0 55 3 31 2 40 3
0 16 3 8 2 23 3
1 52 3 49 1 34 3
0 10 1 60 0 56 0
0 33 3 44 0 2 3
1 59 0 15 0 28 3
0 38 3 61 3 57 2
1 26 1 25 3 59 2
0 35 1 56 1 19 3
0 42 2 34 3 13 3
0 49 2 11 0 12 1
0 39 2 0 2 5 1
1 1 3 14 1 20 3
1 2 1 60 1 35 3
1 16 0 62 1 61 1
1 5 2 3 2 20 0
1 52 2 13 1 8 3
1 11 0 5 2 25 2
1 45 0 0 3 18 0
0 0 3 35 1 35 3
1 54 2 25 1 7 2
1 42 2 42 3 46 3
1 19 0 7 3 38 1
1 52 1 17 3 1 2
0 12 0 3 2 6 2
1 31 1 59 2 28 0
0 58 2 63 1 41 3
0 59 3 45 1 55 0
0 58 1 26 3 60 1
0 42 0 9 3 26 1
1 3 3 5 3 40 1
0 58 2 3 2 17 2
0 38 3 22 0 3 0
1 50 2 20 2 53 0
1 0 0 41 2 13 0
0 34 3 18 1 56 2
1 33 1 23 0 5 3
0 42 2 63 1 54 3
0 63 2 23 0 27 2
1 9 1 42 1 27 2
0 61 1 39 3 4 1
1 53 1 23 2 29 3
0 46 0 8 3 26 1
0 32 2 44 3 61 2
1 33 2 62 0 24 3
0 62 3 19 1 9 3
1 19 1 19 1 12 0
0 35 3 19 0 27 3
1 34 0 63 3 15 1
1 13 3 8 2 5 3
1 11 1 17 0 45 1
1 4 2 5 3 34 1
0 33 2 47 2 2 3
1 11 3 13 1 20 1
0 1 1 55 2 47 0
1 24 2 26 1 16 1
1 38 2 54 3 58 3
1 18 0 47 3 63 1
0 48 0 46 3 53 1
1 2 2 43 3 41 3
1 60 1 26 0 4 1
0 56 3 23 3 30 3
0 27 0 54 1 15 2
1 30 3 31 0 28 0
0 13 1 56 1 17 3
0 29 1 58 0 37 1
1 11 1 59 2 55 1
1 48 0 50 3 55 3
1 0 2 5 0 17 2
1 51 0 1 0 49 1
1 10 0 55 1 10 0
0 58 2 63 1 41 3
0 59 3 45 1 55 0
0 58 1 26 3 60 1
0 42 0 9 3 26 1
1 3 3 5 3 40 1
0 58 2 3 2 17 2
0 38 3 22 0 3 0
1 50 2 20 2 53 0
1 0 0 41 2 13 0
0 34 3 18 1 56 2
1 33 1 23 0 5 3
0 42 2 63 1 54 3
0 63 2 23 0 27 2
1 9 1 42 1 27 2
0 61 1 39 3 4 1
1 53 1 23 2 29 3
0 46 0 8 3 26 1
0 32 2 44 3 61 2
1 33 2 62 0 24 3
0 62 3 19 1 9 3
1 19 1 19 1 12 0
0 35 3 19 0 27 3
1 34 0 63 3 15 1
1 13 3 8 2 5 3
1 11 1 17 0 45 1
1 4 2 5 3 34 1
0 33 2 47 2 2 3
1 11 3 13 1 20 1
0 1 1 55 2 47 0
1 24 2 26 1 16 1
1 38 2 54 3 58 3
1 18 0 47 3 63 1
0 48 0 46 3 53 1
1 2 2 43 3 41 3
1 60 1 26 0 4 1
0 56 3 23 3 30 3
0 27 0 54 1 15 2
1 30 3 31 0 28 0
0 13 1 56 1 17 3
0 29 1 58 0 37 1
1 11 1 59 2 55 1
1 48 0 50 3 55 3
1 0 2 5 0 17 2
1 51 0 1 0 49 1
1 10 0 55 1 10 0
0 58 2 63 1 41 3
0 59 3 45 1 55 0
0 58 1 26 3 60 1
0 42 0 9 3 26 1
1 3 3 5 3 40 1
0 58 2 3 2 17 2
0 38 3 22 0 3 0
1 50 2 20 2 53 0
1 0 0 41 2 13 0
0 34 3 18 1 56 2
1 33 1 23 0 5 3
0 42 2 63 1 54 3
0 63 2 23 0 27 2
1 9 1 42 1 27 2
0 61 1 39 3 4 1
1 53 1 23 2 29 3
0 46 0 8 3 26 1
0 32 2 44 3 61 2
1 33 2 62 0 24 3
0 62 3 19 1 9 3
1 19 1 19 1 12 0
0 35 3 19 0 27 3
1 34 0 63 3 15 1
1 13 3 8 2 5 3
1 11 1 17 0 45 1
1 4 2 5 3 34 1
0 33 2 47 2 2 3
1 11 3 13 1 20 1
0 1 1 55 2 47 0
1 24 2 26 1 16 1
1 38 2 54 3 58 3
1 18 0 47 3 63 1
0 48 0 46 3 53 1
1 2 2 43 3 41 3
1 60 1 26 0 4 1
0 56 3 23 3 30 3
0 27 0 54 1 15 2
1 30 3 31 0 28 0
0 13 1 56 1 17 3
0 29 1 58 0 37 1
1 11 1 59 2 55 1
1 48 0 50 3 55 3
1 0 2 5 0 17 2
1 51 0 1 0 49 1
1 10 0 55 1 10 0
0 58 2 63 1 41 3
0 59 3 45 1 55 0
0 58 1 26 3 60 1
0 42 0 9 3 26 1
1 3 3 5 3 40 1
0 58 2 3 2 17 2
0 38 3 22 0 3 0
1 50 2 20 2 53 0
1 0 0 41 2 13 0
0 34 3 18 1 56 2
1 33 1 23 0 5 3
0 42 2 63 1 54 3
0 63 2 23 0 27 2
1 9 1 42 1 27 2
0 61 1 39 3 4 1
1 53 1 23 2 29 3
0 46 0 8 3 26 1
0 32 2 44 3 61 2
1 33 2 62 0 24 3
0 62 3 19 1 9 3
1 19 1 19 1 12 0
0 35 3 19 0 27 3
1 34 0 63 3 15 1
1 13 3 8 2 5 3
1 11 1 17 0 45 1
1 4 2 5 3 34 1
0 33 2 47 2 2 3
1 11 3 13 1 20 1
0 1 1 55 2 47 0
1 24 2 26 1 16 1
1 38 2 54 3 58 3
1 18 0 47 3 63 1
0 48 0 46 3 53 1
1 2 2 43 3 41 3
1 60 1 26 0 4 1
0 56 3 23 3 30 3
0 27 0 54 1 15 2
1 30 3 31 0 28 0
0 13 1 56 1 17 3
0 29 1 58 0 37 1
1 11 1 59 2 55 1
1 48 0 50 3 55 3
1 0 2 5 0 17 2
1 51 0 1 0 49 1
1 10 0 55 1 10 0
0 21 3 40 2 15 1
1 48 2 38 0 52 2
0 19 2 52 3 41 2
0 59 1 11 1 24 1
0 62 3 33 1 17 2
0 13 3 33 3 15 3
1 14 3 31 0 13 2
0 37 2 4 0 12 0
1 58 2 33 2 3 2
1 10 3 35 3 16 1
0 47 3 40 3 18 3
0 15 1 10 2 18 0
1 5 3 26 1 0 3
1 43 1 39 2 62 3
1 36 0 15 2 38 0
0 51 1 18 1 51 2
1 18 1 9 2 17 2
0 18 2 4 3 2 0
0 35 2 33 1 23 0
1 19 1 3 1 31 2
0 62 3 5 3 24 1
1 29 0 39 1 4 0
1 56 0 32 2 26 1
1 48 1 12 3 46 3
1 54 3 7 3 0 1
1 0 0 11 0 8 2
0 14 0 49 2 22 3
1 9 2 7 3 24 2
1 38 0 57 0 35 3
0 37 3 59 3 9 3
1 61 0 7 1 55 0
1 22 1 13 0 48 3
0 35 1 1 2 60 1
0 2 0 10 2 21 2
0 19 1 15 0 48 0
0 7 3 27 1 39 1
0 27 1 15 1 14 1
1 59 0 17 3 42 1
1 37 0 27 2 16 1
1 56 2 36 3 63 3
0 60 3 37 0 20 2
1 57 2 42 3 17 0
0 23 3 18 1 8 1
1 54 2 55 2 13 3
1 34 2 38 3 42 3
1 9 1 44 2 56 1
1 42 2 23 2 59 2
1 55 0 20 0 52 3
1 4 0 34 2 59 0
1 57 0 39 2 21 0
1 6 3 57 2 7 1
1 22 3 9 1 30 0
1 32 2 32 3 45 1
0 47 0 33 3 56 2
0 8 2 27 2 19 1
0 13 3 19 3 61 2
1 38 1 45 1 9 1
0 11 3 16 0 49 3
0 13 1 37 2 26 2
0 55 2 50 0 2 2
0 35 3 37 1 47 3
1 63 0 25 1 35 0
0 63 3 42 2 54 3
1 5 1 13 2 28 3
1 47 0 63 1 58 0
1 45 1 9 1 40 3
0 31 2 26 3 48 1
0 0 3 6 2 52 0
1 24 2 29 3 48 1
1 0 0 19 1 38 2
1 19 2 43 3 7 1
1 63 0 32 1 40 0
1 16 3 20 0 44 1
1 14 2 11 1 48 2
0 50 0 4 1 63 3
1 42 0 15 2 5 3
0 21 2 56 1 15 2
0 45 1 33 2 33 3
1 14 0 42 3 43 0
0 47 2 31 3 9 0
0 31 1 44 2 36 0
0 20 1 32 1 53 3
0 1 2 46 0 61 0
0 3 0 8 3 24 3
0 15 1 40 1 18 2
1 53 2 40 3 41 0
1 59 3 22 3 14 0
1 28 3 17 0 62 0
1 21 1 11 0 7 1
0 24 3 42 2 21 3
1 10 3 11 1 41 3
0 45 0 36 2 37 0
0 34 3 35 2 35 2
1 59 1 35 2 8 2
1 43 1 3 2 29 2
0 35 0 49 0 24 3
0 15 0 59 3 35 0
1 39 1 27 3 35 0
1 16 2 47 2 2 1
0 30 3 7 1 56 3
0 14 0 36 3 15 1
1 21 2 31 1 57 3
0 49 2 39 1 10 0
0 51 0 46 0 62 0
0 16 2 7 1 37 0
1 1 0 60 1 39 1
1 24 1 21 0 12 3
0 33 3 9 0 50 0
1 54 0 41 0 7 3
1 14 1 62 3 47 3
1 39 1 31 2 14 2
1 16 0 43 2 41 1
1 59 2 63 1 34 2
0 28 2 41 0 26 3
0 45 0 24 3 17 3
0 17 3 56 1 5 0
1 33 3 53 1 32 0
1 38 2 54 2 14 1
0 42 0 41 3 32 1
0 19 1 62 0 40 0
1 27 0 57 1 17 1
0 32 0 16 1 44 0
1 30 1 60 2 28 0
1 35 1 20 1 57 3
1 59 1 13 0 21 0
0 15 2 17 0 46 1
0 24 3 42 2 1 1
1 39 2 51 2 28 0
1 29 1 12 1 13 1
1 42 0 56 0 0 0
1 61 0 37 2 61 1
0 27 0 19 3 43 1
0 19 1 60 1 3 3
0 49 2 44 1 29 2
-1 43 3 27 3 38 3
