1 114 3 9 3 168 1
0 102 0 233 2 93 2
0 157 1 216 3 248 1
0 241 1 239 3 103 2
1 110 3 122 3 191 1
1 183 3 198 2 85 1
1 167 0 129 2 188 1
0 97 2 67 1 248 3
1 75 0 222 0 13 1
0 33 1 188 0 61 3
1 99 3 237 1 226 0
1 221 1 118 1 32 0
1 83 1 65 1 81 1
0 35 3 40 2 47 3
1 0 1 34 3 8 1
0 20 3 128 0 105 1
1 113 0 53 1 15 2
1 219 3 245 0 90 0
1 191 3 211 3 227 3
0 63 2 69 2 191 0
0 102 1 239 0 134 2
1 113 1 108 2 40 3
1 83 1 158 2 91 0
1 47 2 4 0 58 0
0 75 2 163 0 237 2
1 196 3 62 0 175 1
1 121 3 134 0 232 0
0 154 1 2 0 41 0
0 71 3 34 2 242 0
1 84 3 208 1 93 2
1 211 0 175 1 44 2
0 167 2 119 1 95 2
1 146 0 178 2 117 0
0 112 0 198 1 224 1
1 10 0 89 2 209 2
0 183 3 184 1 193 1
0 170 0 45 0 128 0
0 161 0 210 3 84 2
1 35 0 31 0 165 3
1 119 2 167 3 16 3
1 212 3 93 1 139 2
0 86 0 190 2 177 1
1 34 0 113 0 243 1
1 35 2 88 2 244 3
1 214 0 151 1 238 1
1 114 3 9 3 168 1
0 102 0 233 2 93 2
0 157 1 216 3 248 1
0 241 1 239 3 103 2
1 110 3 122 3 191 1
1 183 3 198 2 85 1
1 167 0 129 2 188 1
0 97 2 67 1 248 3
1 75 0 222 0 13 1
0 33 1 188 0 61 3
1 99 3 237 1 226 0
1 221 1 118 1 32 0
1 83 1 65 1 81 1
0 35 3 40 2 47 3
1 0 1 34 3 8 1
0 20 3 128 0 105 1
1 113 0 53 1 15 2
1 219 3 245 0 90 0
1 191 3 211 3 227 3
0 63 2 69 2 191 0
0 102 1 239 0 134 2
1 113 1 108 2 40 3
1 83 1 158 2 91 0
1 47 2 4 0 58 0
0 75 2 163 0 237 2
1 196 3 62 0 175 1
1 121 3 134 0 232 0
0 154 1 2 0 41 0
0 71 3 34 2 242 0
1 84 3 208 1 93 2
1 211 0 175 1 44 2
0 167 2 119 1 95 2
1 146 0 178 2 117 0
0 112 0 198 1 224 1
1 10 0 89 2 209 2
0 183 3 184 1 193 1
0 170 0 45 0 128 0
0 161 0 210 3 84 2
1 35 0 31 0 165 3
1 119 2 167 3 16 3
1 212 3 93 1 139 2
0 86 0 190 2 177 1
1 34 0 113 0 243 1
1 35 2 88 2 244 3
1 214 0 151 1 238 1
1 208 0 184 2 116 0
0 222 0 80 3 37 2
0 28 1 5 3 75 2
0 244 0 151 2 167 2
0 80 0 222 2 140 0
1 35 3 73 3 152 0
1 173 1 52 2 176 0
1 40 3 156 0 78 1
0 128 2 10 0 135 0
1 14 3 180 3 191 3
1 26 2 39 3 78 0
1 166 0 196 2 86 0
0 32 1 224 1 253 2
0 166 0 46 3 124 2
1 235 2 132 2 231 3
0 144 2 169 1 133 3
1 242 3 21 2 61 1
0 183 0 85 3 187 0
0 119 3 70 1 31 3
1 245 1 60 2 182 0
1 231 3 1 0 55 3
1 243 3 194 2 80 0
1 180 1 228 0 14 3
1 16 0 226 2 206 0
0 139 2 104 2 169 0
1 76 3 76 1 18 2
0 61 1 191 2 6 3
0 191 1 205 1 252 2
1 174 3 133 3 142 0
1 139 2 123 1 57 0
1 164 0 210 3 162 0
0 66 0 157 3 53 0
0 85 3 88 3 196 1
0 54 3 75 1 245 2
0 250 3 149 1 16 0
1 54 0 56 3 240 0
0 224 2 50 0 253 3
1 161 2 35 0 79 2
1 157 3 49 3 159 3
1 209 0 230 1 30 0
0 124 3 126 3 232 2
0 82 0 22 3 69 2
1 66 1 235 0 140 1
0 95 0 177 2 109 1
0 204 3 210 0 159 0
1 154 2 88 1 33 0
0 67 3 203 3 9 1
0 253 1 251 1 190 0
1 211 1 54 1 84 1
1 113 1 3 3 25 0
1 42 1 140 3 143 0
1 149 2 97 3 228 1
0 37 0 179 3 56 0
0 146 1 12 2 45 0
0 125 1 201 1 102 2
0 26 0 208 3 159 1
0 79 0 32 1 172 0
0 216 1 128 2 62 0
1 204 1 101 2 114 2
1 4 2 229 0 216 2
1 131 1 41 2 172 3
1 216 3 3 1 106 2
1 249 3 59 3 64 0
1 15 1 138 0 30 1
1 136 2 160 1 120 1
0 192 3 139 0 176 0
1 199 2 7 2 80 3
0 48 1 206 2 97 3
1 226 3 8 3 133 0
1 111 2 90 1 193 1
1 167 0 149 2 165 3
1 217 1 6 1 238 0
0 61 1 96 0 163 2
1 213 1 58 2 36 1
1 190 1 40 1 139 0
0 110 3 34 2 171 1
0 32 1 45 1 111 3
1 142 3 252 1 141 1
1 58 2 46 1 168 1
0 7 3 81 3 149 3
1 207 2 202 1 251 0
1 185 3 51 0 127 2
1 215 3 34 0 71 3
1 104 0 216 2 119 0
0 129 2 244 3 189 0
0 30 0 44 2 33 0
0 172 1 192 1 224 2
0 62 0 47 1 235 2
0 195 0 145 3 182 2
0 129 2 50 2 94 2
1 114 3 9 3 168 1
0 102 0 233 2 93 2
0 157 1 216 3 248 1
0 241 1 239 3 103 2
1 110 3 122 3 191 1
1 183 3 198 2 85 1
1 167 0 129 2 188 1
0 97 2 67 1 248 3
1 75 0 222 0 13 1
0 33 1 188 0 61 3
1 99 3 237 1 226 0
1 221 1 118 1 32 0
1 83 1 65 1 81 1
0 35 3 40 2 47 3
1 0 1 34 3 8 1
0 20 3 128 0 105 1
1 113 0 53 1 15 2
1 219 3 245 0 90 0
1 191 3 211 3 227 3
0 63 2 69 2 191 0
0 102 1 239 0 134 2
1 113 1 108 2 40 3
1 83 1 158 2 91 0
1 47 2 4 0 58 0
0 75 2 163 0 237 2
1 196 3 62 0 175 1
1 121 3 134 0 232 0
0 154 1 2 0 41 0
0 71 3 34 2 242 0
1 84 3 208 1 93 2
1 211 0 175 1 44 2
0 167 2 119 1 95 2
1 146 0 178 2 117 0
0 112 0 198 1 224 1
1 10 0 89 2 209 2
0 183 3 184 1 193 1
0 170 0 45 0 128 0
0 161 0 210 3 84 2
1 35 0 31 0 165 3
1 119 2 167 3 16 3
1 212 3 93 1 139 2
0 86 0 190 2 177 1
1 34 0 113 0 243 1
1 35 2 88 2 244 3
1 214 0 151 1 238 1
0 59 0 112 3 235 0
0 155 1 94 3 151 1
1 44 0 193 0 227 3
0 65 2 1 0 65 0
0 185 0 237 0 230 2
0 180 0 150 2 161 1
1 67 3 39 1 233 1
1 53 1 136 1 142 0
1 155 1 53 2 165 0
1 218 3 20 2 115 0
1 174 1 121 1 252 0
0 199 2 227 3 165 1
1 97 1 182 3 218 0
1 183 1 51 2 182 0
1 156 0 70 1 16 0
1 81 0 152 1 148 1
0 167 0 183 3 228 3
1 203 0 207 1 136 1
1 116 2 8 1 68 2
1 184 2 18 0 123 1
1 105 3 4 2 220 3
1 38 1 226 0 1 2
0 191 2 106 2 139 3
1 72 2 91 3 36 2
0 150 1 222 1 222 0
1 103 3 89 1 230 1
1 83 2 219 2 156 3
0 208 3 29 3 227 2
1 217 1 34 2 149 1
1 244 3 56 3 172 3
1 193 0 84 0 29 2
0 254 2 219 2 172 0
0 164 1 184 1 10 1
1 124 2 238 0 176 0
1 1 2 101 3 11 0
0 252 2 108 1 115 0
0 125 2 63 0 173 3
0 171 1 250 2 181 0
1 93 0 134 2 109 1
1 76 0 186 0 200 3
0 141 1 246 0 165 2
0 44 1 191 3 158 3
1 155 1 157 1 58 3
1 224 2 185 2 179 2
1 102 1 238 2 84 0
0 228 0 165 2 109 1
1 111 0 203 1 135 3
1 126 3 170 0 205 0
0 20 2 110 3 47 1
0 109 0 113 3 124 1
0 32 3 124 3 245 3
0 83 2 145 1 160 0
1 104 0 167 3 189 0
1 210 2 230 2 251 3
1 121 0 174 1 90 2
0 213 2 244 3 65 0
1 129 0 154 0 236 2
1 137 2 157 1 171 3
0 243 0 129 3 175 0
0 223 2 214 1 43 0
1 155 3 69 0 156 1
1 182 1 33 0 216 2
0 32 1 0 1 58 3
1 7 2 243 2 95 3
0 28 1 21 3 102 2
0 158 3 79 0 156 3
0 91 0 46 2 253 2
1 67 1 62 0 185 0
1 221 1 137 0 173 1
0 106 3 237 1 83 1
1 174 3 85 0 94 1
1 189 3 152 0 149 3
1 181 1 34 2 232 2
1 30 3 137 0 90 3
1 3 3 139 0 23 1
1 243 2 211 1 163 0
0 76 0 148 3 46 1
1 216 0 148 3 13 3
0 143 0 133 0 97 1
0 18 1 230 2 8 0
1 30 1 39 2 3 3
1 78 2 191 0 255 0
0 124 0 160 3 92 0
0 148 1 114 1 182 2
0 206 3 110 0 97 2
0 130 0 150 2 123 2
1 214 2 45 1 194 1
1 25 3 118 1 13 1
0 174 3 44 1 10 1
1 200 2 91 3 60 3
1 184 0 253 3 205 0
1 131 1 78 3 178 0
1 139 1 131 1 14 1
0 251 3 37 2 105 0
1 184 3 46 1 102 3
0 85 0 242 1 175 1
0 190 2 95 3 152 2
1 251 1 57 0 212 1
1 144 2 52 2 143 0
0 77 2 109 2 204 3
0 112 1 34 3 253 2
0 106 3 168 1 115 1
0 14 0 43 0 18 1
1 64 0 155 2 46 1
0 44 1 146 2 7 2
1 167 2 41 3 31 0
1 61 2 91 0 107 1
1 54 2 40 0 46 3
0 172 3 255 1 126 3
0 11 3 57 0 140 1
0 213 1 13 3 244 0
0 199 2 198 0 124 3
0 221 3 185 3 248 0
1 100 3 114 0 137 3
1 224 1 141 1 80 2
1 181 2 173 0 116 0
0 52 3 177 1 227 0
0 175 3 41 1 121 0
0 175 2 128 2 26 3
1 203 1 88 1 192 3
1 53 2 110 2 208 1
0 26 2 75 1 18 1
1 252 1 104 0 206 3
1 244 0 126 2 47 1
1 65 3 51 3 2 2
0 58 1 121 0 85 0
0 97 2 117 1 247 0
0 159 1 80 3 213 0
0 159 3 110 3 55 2
0 137 3 98 2 206 2
0 249 0 142 1 154 0
0 83 1 242 3 100 0
0 206 3 100 3 182 2
0 34 0 97 0 13 3
0 84 1 160 1 227 0
1 142 2 60 1 202 1
0 10 1 28 1 153 0
0 192 2 88 3 100 0
1 161 0 38 0 15 0
1 228 2 177 0 11 0
1 29 0 137 2 93 0
1 245 1 204 1 227 0
1 23 0 250 1 153 1
0 84 1 192 2 97 3
1 104 3 251 0 167 0
0 168 3 65 3 145 1
1 165 2 91 2 169 1
0 237 1 58 1 146 0
1 49 1 200 1 89 3
1 210 0 215 2 237 0
0 218 1 62 1 185 2
1 163 1 20 2 146 3
1 47 2 54 1 213 3
0 121 3 38 1 165 0
1 22 1 217 1 138 1
0 107 3 95 2 90 3
1 84 3 173 3 145 2
1 236 2 87 2 149 0
0 243 1 110 3 70 3
0 158 1 132 2 8 2
0 218 1 27 3 220 0
1 64 2 132 0 2 3
0 238 2 85 2 247 0
1 140 2 197 3 55 1
1 144 2 166 2 239 3
0 12 3 82 1 24 0
0 91 1 77 3 40 3
0 94 1 240 2 161 0
1 102 2 153 3 55 0
0 98 2 205 1 162 0
0 135 3 4 0 217 3
0 50 2 102 1 243 1
1 56 2 137 0 226 2
1 14 3 131 2 10 3
1 47 2 228 2 169 0
0 114 0 76 3 240 2
1 216 2 199 3 168 3
1 18 1 228 1 144 3
1 33 2 33 2 63 0
1 117 2 17 0 201 3
0 94 0 11 2 219 1
1 97 3 217 0 206 3
1 49 3 0 1 249 0
1 89 1 32 0 188 2
0 179 2 94 0 178 2
1 219 1 163 1 108 0
1 95 2 105 3 217 1
1 31 3 230 2 236 1
0 92 3 72 2 210 3
1 137 3 246 0 32 0
0 70 2 176 1 172 0
1 8 1 7 3 128 1
0 133 2 60 1 30 3
0 26 1 87 0 234 0
1 200 3 161 1 124 1
1 48 0 221 0 255 1
1 78 3 65 2 193 3
0 158 3 178 3 142 3
1 248 3 202 2 57 2
1 105 1 50 0 235 0
1 89 3 225 3 121 0
1 130 3 64 3 81 3
1 71 0 12 1 163 0
0 90 3 63 2 156 3
1 148 2 87 0 38 1
1 205 1 152 3 248 2
0 243 2 101 3 123 1
0 216 2 228 3 96 2
0 68 3 244 2 146 2
0 153 2 19 2 254 1
0 173 3 247 3 234 1
1 132 1 41 2 208 2
0 83 0 210 2 131 1
0 212 3 102 1 22 1
1 138 0 94 2 49 2
0 166 3 245 0 117 2
0 219 2 189 1 255 2
1 56 3 122 3 225 3
0 45 1 48 1 147 1
1 73 2 14 2 156 1
0 242 2 94 1 222 1
1 137 3 143 2 240 1
1 50 3 212 3 128 3
1 151 3 82 1 118 0
1 184 1 170 0 150 0
1 114 3 9 3 168 1
0 102 0 233 2 93 2
0 157 1 216 3 248 1
0 241 1 239 3 103 2
1 110 3 122 3 191 1
1 183 3 198 2 85 1
1 167 0 129 2 188 1
0 97 2 67 1 248 3
1 75 0 222 0 13 1
0 33 1 188 0 61 3
1 99 3 237 1 226 0
1 221 1 118 1 32 0
1 83 1 65 1 81 1
0 35 3 40 2 47 3
1 0 1 34 3 8 1
0 20 3 128 0 105 1
1 113 0 53 1 15 2
1 219 3 245 0 90 0
1 191 3 211 3 227 3
0 63 2 69 2 191 0
0 102 1 239 0 134 2
1 113 1 108 2 40 3
1 83 1 158 2 91 0
1 47 2 4 0 58 0
0 75 2 163 0 237 2
1 196 3 62 0 175 1
1 121 3 134 0 232 0
0 154 1 2 0 41 0
0 71 3 34 2 242 0
1 84 3 208 1 93 2
1 211 0 175 1 44 2
0 167 2 119 1 95 2
1 146 0 178 2 117 0
0 112 0 198 1 224 1
1 10 0 89 2 209 2
0 183 3 184 1 193 1
0 170 0 45 0 128 0
0 161 0 210 3 84 2
1 35 0 31 0 165 3
1 119 2 167 3 16 3
1 212 3 93 1 139 2
0 86 0 190 2 177 1
1 34 0 113 0 243 1
1 35 2 88 2 244 3
1 214 0 151 1 238 1
0 14 2 145 0 252 0
0 221 0 137 3 3 3
1 119 2 51 1 115 0
0 159 1 139 1 67 1
1 82 1 186 0 101 1
1 4 0 174 3 110 1
0 102 2 121 0 225 3
1 251 1 205 3 246 2
1 27 0 105 2 233 3
0 58 3 87 2 67 3
0 147 3 51 0 192 3
0 202 2 75 1 64 3
1 171 2 66 0 167 3
0 61 3 19 3 102 0
1 62 3 255 3 233 2
0 197 2 90 2 254 0
0 55 1 135 2 83 2
0 162 3 247 3 130 2
1 82 2 123 3 96 3
0 167 1 117 2 102 3
1 165 1 182 0 187 1
0 191 3 239 1 185 0
0 65 1 11 2 245 1
0 188 2 43 0 83 0
0 138 2 100 2 122 2
0 217 1 69 3 144 3
0 31 1 205 3 34 2
0 174 1 70 3 205 3
1 99 3 89 0 251 3
0 143 1 114 3 25 3
1 3 1 218 2 32 3
0 140 2 62 3 220 1
1 19 1 236 3 178 0
0 135 1 37 3 98 1
1 154 1 192 0 76 2
0 28 0 221 3 142 2
1 158 1 161 3 150 1
1 87 0 146 1 30 0
1 13 0 60 2 186 3
1 99 2 51 1 71 2
0 36 2 1 2 226 0
1 182 0 253 3 147 2
0 21 3 60 3 23 3
0 113 1 189 1 73 2
0 32 2 186 1 13 0
1 114 3 9 3 168 1
0 102 0 233 2 93 2
0 157 1 216 3 248 1
0 241 1 239 3 103 2
1 110 3 122 3 191 1
1 183 3 198 2 85 1
1 167 0 129 2 188 1
0 97 2 67 1 248 3
1 75 0 222 0 13 1
0 33 1 188 0 61 3
1 99 3 237 1 226 0
1 221 1 118 1 32 0
1 83 1 65 1 81 1
0 35 3 40 2 47 3
1 0 1 34 3 8 1
0 20 3 128 0 105 1
1 113 0 53 1 15 2
1 219 3 245 0 90 0
1 191 3 211 3 227 3
0 63 2 69 2 191 0
0 102 1 239 0 134 2
1 113 1 108 2 40 3
1 83 1 158 2 91 0
1 47 2 4 0 58 0
0 75 2 163 0 237 2
1 196 3 62 0 175 1
1 121 3 134 0 232 0
0 154 1 2 0 41 0
0 71 3 34 2 242 0
1 84 3 208 1 93 2
1 211 0 175 1 44 2
0 167 2 119 1 95 2
1 146 0 178 2 117 0
0 112 0 198 1 224 1
1 10 0 89 2 209 2
0 183 3 184 1 193 1
0 170 0 45 0 128 0
0 161 0 210 3 84 2
1 35 0 31 0 165 3
1 119 2 167 3 16 3
1 212 3 93 1 139 2
0 86 0 190 2 177 1
1 34 0 113 0 243 1
1 35 2 88 2 244 3
1 214 0 151 1 238 1
1 114 3 9 3 168 1
0 102 0 233 2 93 2
0 157 1 216 3 248 1
0 241 1 239 3 103 2
1 110 3 122 3 191 1
1 183 3 198 2 85 1
1 167 0 129 2 188 1
0 97 2 67 1 248 3
1 75 0 222 0 13 1
0 33 1 188 0 61 3
1 99 3 237 1 226 0
1 221 1 118 1 32 0
1 83 1 65 1 81 1
0 35 3 40 2 47 3
1 0 1 34 3 8 1
0 20 3 128 0 105 1
1 113 0 53 1 15 2
1 219 3 245 0 90 0
1 191 3 211 3 227 3
0 63 2 69 2 191 0
0 102 1 239 0 134 2
1 113 1 108 2 40 3
1 83 1 158 2 91 0
1 47 2 4 0 58 0
0 75 2 163 0 237 2
1 196 3 62 0 175 1
1 121 3 134 0 232 0
0 154 1 2 0 41 0
0 71 3 34 2 242 0
1 84 3 208 1 93 2
1 211 0 175 1 44 2
0 167 2 119 1 95 2
1 146 0 178 2 117 0
0 112 0 198 1 224 1
1 10 0 89 2 209 2
0 183 3 184 1 193 1
0 170 0 45 0 128 0
0 161 0 210 3 84 2
1 35 0 31 0 165 3
1 119 2 167 3 16 3
1 212 3 93 1 139 2
0 86 0 190 2 177 1
1 34 0 113 0 243 1
1 35 2 88 2 244 3
1 214 0 151 1 238 1
1 114 3 9 3 168 1
0 102 0 233 2 93 2
0 157 1 216 3 248 1
0 241 1 239 3 103 2
1 110 3 122 3 191 1
1 183 3 198 2 85 1
1 167 0 129 2 188 1
0 97 2 67 1 248 3
1 75 0 222 0 13 1
0 33 1 188 0 61 3
1 99 3 237 1 226 0
1 221 1 118 1 32 0
1 83 1 65 1 81 1
0 35 3 40 2 47 3
1 0 1 34 3 8 1
0 20 3 128 0 105 1
1 113 0 53 1 15 2
1 219 3 245 0 90 0
1 191 3 211 3 227 3
0 63 2 69 2 191 0
0 102 1 239 0 134 2
1 113 1 108 2 40 3
1 83 1 158 2 91 0
1 47 2 4 0 58 0
0 75 2 163 0 237 2
1 196 3 62 0 175 1
1 121 3 134 0 232 0
0 154 1 2 0 41 0
0 71 3 34 2 242 0
1 84 3 208 1 93 2
1 211 0 175 1 44 2
0 167 2 119 1 95 2
1 146 0 178 2 117 0
0 112 0 198 1 224 1
1 10 0 89 2 209 2
0 183 3 184 1 193 1
0 170 0 45 0 128 0
0 161 0 210 3 84 2
1 35 0 31 0 165 3
1 119 2 167 3 16 3
1 212 3 93 1 139 2
0 86 0 190 2 177 1
1 34 0 113 0 243 1
1 35 2 88 2 244 3
1 214 0 151 1 238 1
1 228 0 134 2 196 0
0 92 3 20 3 195 1
0 114 0 209 2 131 1
1 226 3 247 1 7 2
0 86 3 55 1 223 0
0 23 1 255 2 47 0
0 242 0 77 1 159 0
0 74 0 2 1 182 0
0 167 1 75 0 233 1
1 226 1 218 1 117 1
1 112 3 128 3 70 3
1 199 1 24 2 176 3
0 187 0 193 1 168 0
0 219 1 29 1 54 0
0 39 3 88 2 182 1
0 144 3 140 2 58 1
1 53 0 33 3 209 1
1 2 1 26 2 185 1
1 25 2 206 3 135 1
1 34 3 31 1 130 0
1 28 2 142 1 115 1
0 208 2 122 1 65 3
0 92 0 143 2 186 1
0 250 2 159 0 25 0
1 201 3 13 1 163 2
1 22 3 244 1 174 2
1 169 0 236 2 3 2
0 148 1 191 0 179 3
0 20 2 21 1 106 3
1 25 0 80 2 87 1
1 34 0 5 2 88 1
0 164 3 54 2 35 1
1 191 2 87 1 236 2
1 235 2 156 2 39 1
0 100 0 49 0 186 2
1 147 3 28 0 145 3
1 35 2 207 1 217 3
1 12 2 173 0 247 3
0 205 0 176 1 67 3
1 61 1 128 0 254 1
1 25 3 11 2 25 3
0 66 1 218 2 44 0
1 15 0 148 1 113 3
1 233 1 78 3 251 2
1 44 1 187 0 179 0
0 181 0 244 3 145 3
0 246 0 236 0 178 3
1 137 2 96 0 165 3
0 253 3 122 2 255 2
1 78 1 137 2 118 0
0 118 0 52 0 48 0
0 51 0 227 2 228 3
0 246 3 220 1 13 1
0 82 1 89 2 10 3
1 248 2 250 1 222 2
0 224 1 237 3 229 2
0 50 0 184 2 85 1
0 58 3 25 1 245 2
0 230 3 209 2 195 0
0 100 0 91 2 214 0
1 173 2 183 3 160 0
0 214 0 104 1 58 3
1 117 2 123 1 134 1
1 174 2 240 3 225 3
0 168 1 30 3 54 2
0 162 1 15 1 76 1
0 178 2 82 2 59 2
0 66 2 172 1 106 2
1 96 2 216 0 73 3
0 104 1 125 1 111 2
0 208 1 247 0 109 0
0 244 3 107 1 141 1
1 239 2 199 0 161 0
0 23 3 130 1 82 0
0 177 2 63 1 108 0
0 230 1 190 1 211 3
0 130 3 76 3 138 2
0 227 0 75 2 234 0
1 178 0 91 3 216 2
0 196 0 14 2 52 3
0 189 0 20 1 251 3
0 158 0 158 2 145 3
0 188 0 70 2 110 3
0 62 3 239 1 82 1
0 107 3 38 0 8 2
1 86 2 87 0 95 2
1 136 1 116 3 19 1
1 198 1 193 0 244 2
1 107 0 43 0 138 3
1 48 0 35 0 200 1
1 50 1 185 1 30 3
0 140 3 142 1 193 2
0 215 1 252 1 12 3
1 132 1 124 1 120 3
1 1 3 119 2 235 1
1 184 2 32 0 62 2
0 118 1 114 0 249 0
0 58 2 229 3 107 1
1 117 2 12 1 157 1
0 230 3 97 2 11 2
1 100 1 105 1 5 3
0 100 3 102 0 80 3
0 146 0 123 3 51 0
1 231 3 248 0 89 0
1 0 1 22 0 217 1
1 28 2 75 1 32 3
0 108 0 89 0 206 3
1 183 2 33 0 175 1
1 23 3 139 2 3 0
1 159 3 25 1 250 1
1 244 0 251 0 65 1
1 185 2 205 1 223 2
0 78 1 136 3 29 3
1 171 2 210 1 65 2
1 2 3 222 0 218 1
1 58 1 251 0 67 3
1 213 3 133 2 60 0
1 23 2 106 1 249 0
0 163 1 86 1 112 3
1 38 3 86 3 60 1
0 74 0 253 3 155 1
1 177 3 137 3 95 2
0 164 0 123 2 173 0
0 4 3 15 2 237 2
1 236 0 252 3 136 0
1 92 2 131 2 199 0
0 95 3 81 1 158 1
0 56 1 253 2 52 1
0 1 2 235 0 143 0
1 105 2 149 1 187 1
0 197 1 55 1 121 0
1 121 3 243 1 233 1
0 137 0 155 1 230 0
1 54 2 98 1 81 0
0 172 0 146 2 173 2
1 114 3 9 3 168 1
0 102 0 233 2 93 2
0 157 1 216 3 248 1
0 241 1 239 3 103 2
1 110 3 122 3 191 1
1 183 3 198 2 85 1
1 167 0 129 2 188 1
0 97 2 67 1 248 3
1 75 0 222 0 13 1
0 33 1 188 0 61 3
1 99 3 237 1 226 0
1 221 1 118 1 32 0
1 83 1 65 1 81 1
0 35 3 40 2 47 3
1 0 1 34 3 8 1
0 20 3 128 0 105 1
1 113 0 53 1 15 2
1 219 3 245 0 90 0
1 191 3 211 3 227 3
0 63 2 69 2 191 0
0 102 1 239 0 134 2
1 113 1 108 2 40 3
1 83 1 158 2 91 0
1 47 2 4 0 58 0
0 75 2 163 0 237 2
1 196 3 62 0 175 1
1 121 3 134 0 232 0
0 154 1 2 0 41 0
0 71 3 34 2 242 0
1 84 3 208 1 93 2
1 211 0 175 1 44 2
0 167 2 119 1 95 2
1 146 0 178 2 117 0
0 112 0 198 1 224 1
1 10 0 89 2 209 2
0 183 3 184 1 193 1
0 170 0 45 0 128 0
0 161 0 210 3 84 2
1 35 0 31 0 165 3
1 119 2 167 3 16 3
1 212 3 93 1 139 2
0 86 0 190 2 177 1
1 34 0 113 0 243 1
1 35 2 88 2 244 3
1 214 0 151 1 238 1
1 114 3 9 3 168 1
0 102 0 233 2 93 2
0 157 1 216 3 248 1
0 241 1 239 3 103 2
1 110 3 122 3 191 1
1 183 3 198 2 85 1
1 167 0 129 2 188 1
0 97 2 67 1 248 3
1 75 0 222 0 13 1
0 33 1 188 0 61 3
1 99 3 237 1 226 0
1 221 1 118 1 32 0
1 83 1 65 1 81 1
0 35 3 40 2 47 3
1 0 1 34 3 8 1
0 20 3 128 0 105 1
1 113 0 53 1 15 2
1 219 3 245 0 90 0
1 191 3 211 3 227 3
0 63 2 69 2 191 0
0 102 1 239 0 134 2
1 113 1 108 2 40 3
1 83 1 158 2 91 0
1 47 2 4 0 58 0
0 75 2 163 0 237 2
1 196 3 62 0 175 1
1 121 3 134 0 232 0
0 154 1 2 0 41 0
0 71 3 34 2 242 0
1 84 3 208 1 93 2
1 211 0 175 1 44 2
0 167 2 119 1 95 2
1 146 0 178 2 117 0
0 112 0 198 1 224 1
1 10 0 89 2 209 2
0 183 3 184 1 193 1
0 170 0 45 0 128 0
0 161 0 210 3 84 2
1 35 0 31 0 165 3
1 119 2 167 3 16 3
1 212 3 93 1 139 2
0 86 0 190 2 177 1
1 34 0 113 0 243 1
1 35 2 88 2 244 3
1 214 0 151 1 238 1
1 114 3 9 3 168 1
0 102 0 233 2 93 2
0 157 1 216 3 248 1
0 241 1 239 3 103 2
1 110 3 122 3 191 1
1 183 3 198 2 85 1
1 167 0 129 2 188 1
0 97 2 67 1 248 3
1 75 0 222 0 13 1
0 33 1 188 0 61 3
1 99 3 237 1 226 0
1 221 1 118 1 32 0
1 83 1 65 1 81 1
0 35 3 40 2 47 3
1 0 1 34 3 8 1
0 20 3 128 0 105 1
1 113 0 53 1 15 2
1 219 3 245 0 90 0
1 191 3 211 3 227 3
0 63 2 69 2 191 0
0 102 1 239 0 134 2
1 113 1 108 2 40 3
1 83 1 158 2 91 0
1 47 2 4 0 58 0
0 75 2 163 0 237 2
1 196 3 62 0 175 1
1 121 3 134 0 232 0
0 154 1 2 0 41 0
0 71 3 34 2 242 0
1 84 3 208 1 93 2
1 211 0 175 1 44 2
0 167 2 119 1 95 2
1 146 0 178 2 117 0
0 112 0 198 1 224 1
1 10 0 89 2 209 2
0 183 3 184 1 193 1
0 170 0 45 0 128 0
0 161 0 210 3 84 2
1 35 0 31 0 165 3
1 119 2 167 3 16 3
1 212 3 93 1 139 2
0 86 0 190 2 177 1
1 34 0 113 0 243 1
1 35 2 88 2 244 3
1 214 0 151 1 238 1
1 114 3 9 3 168 1
0 102 0 233 2 93 2
0 157 1 216 3 248 1
0 241 1 239 3 103 2
1 110 3 122 3 191 1
1 183 3 198 2 85 1
1 167 0 129 2 188 1
0 97 2 67 1 248 3
1 75 0 222 0 13 1
0 33 1 188 0 61 3
1 99 3 237 1 226 0
1 221 1 118 1 32 0
1 83 1 65 1 81 1
0 35 3 40 2 47 3
1 0 1 34 3 8 1
0 20 3 128 0 105 1
1 113 0 53 1 15 2
1 219 3 245 0 90 0
1 191 3 211 3 227 3
0 63 2 69 2 191 0
0 102 1 239 0 134 2
1 113 1 108 2 40 3
1 83 1 158 2 91 0
1 47 2 4 0 58 0
0 75 2 163 0 237 2
1 196 3 62 0 175 1
1 121 3 134 0 232 0
0 154 1 2 0 41 0
0 71 3 34 2 242 0
1 84 3 208 1 93 2
1 211 0 175 1 44 2
0 167 2 119 1 95 2
1 146 0 178 2 117 0
0 112 0 198 1 224 1
1 10 0 89 2 209 2
0 183 3 184 1 193 1
0 170 0 45 0 128 0
0 161 0 210 3 84 2
1 35 0 31 0 165 3
1 119 2 167 3 16 3
1 212 3 93 1 139 2
0 86 0 190 2 177 1
1 34 0 113 0 243 1
1 35 2 88 2 244 3
-1 214 0 151 1 238 1
