1 0 0 46 0 91 3
1 29 3 48 1 80 0
1 4 3 19 0 90 3
0 63 1 81 3 55 2
1 25 2 65 2 12 0
0 70 1 47 1 19 1
1 1 3 69 3 73 1
0 76 3 40 1 28 2
1 10 2 29 3 76 2
1 97 0 50 1 58 0
1 22 3 69 0 82 2
0 7 2 71 1 87 2
1 25 1 80 3 33 1
0 99 2 36 0 56 0
0 33 2 42 3 19 2
1 43 1 57 2 53 0
1 98 1 26 0 24 1
1 25 2 30 0 22 1
0 25 3 54 0 17 0
0 10 1 71 1 55 1
0 50 1 70 0 67 1
1 18 3 18 2 82 0
0 9 0 87 1 72 3
1 79 1 48 3 10 3
0 72 0 75 3 39 2
1 39 3 33 3 85 3
0 34 2 2 2 30 2
1 81 2 95 3 81 0
1 97 1 70 3 92 2
1 24 3 86 0 34 1
1 53 1 90 2 62 3
0 33 1 10 1 70 3
0 2 1 43 3 59 0
0 99 2 32 0 99 1
1 77 1 23 0 63 3
0 94 3 31 3 45 2
1 0 1 34 0 29 0
0 42 2 38 2 5 0
0 26 2 65 2 16 1
0 16 0 93 1 94 0
1 41 2 76 2 70 2
0 93 2 55 0 42 1
1 79 1 15 0 94 0
0 63 3 65 0 18 1
0 17 1 82 2 84 3
0 69 2 49 1 43 3
0 61 0 59 3 0 0
0 1 0 82 2 13 3
0 19 0 41 3 1 1
1 33 0 46 2 7 0
1 12 0 18 3 22 0
0 62 2 93 1 10 3
1 84 2 74 3 21 0
1 62 1 80 0 70 1
1 93 1 36 3 45 2
1 30 3 20 1 80 0
0 16 1 28 3 44 0
0 24 2 99 0 34 0
1 36 1 55 1 77 2
0 88 1 28 3 95 3
0 28 2 19 2 32 0
0 2 3 0 1 73 3
1 87 0 20 1 80 3
1 73 3 94 2 34 0
1 55 0 59 1 39 3
1 66 1 49 2 61 3
0 48 3 70 1 66 3
0 84 1 7 3 23 3
1 85 1 61 2 23 3
0 6 2 33 3 76 2
0 60 3 21 1 25 1
0 65 0 39 0 82 2
1 0 1 12 0 77 3
1 5 2 81 1 56 1
0 47 0 93 3 79 0
1 83 1 95 2 31 2
0 92 1 92 2 91 1
1 50 3 98 3 89 0
1 31 3 12 3 73 3
1 82 3 85 0 30 0
0 34 0 87 3 45 3
1 97 2 89 0 19 0
1 36 0 73 1 25 3
1 60 2 76 2 18 1
1 80 3 97 1 22 0
0 7 1 12 2 38 3
0 74 0 82 2 75 1
1 39 3 97 2 73 1
0 56 2 89 0 31 2
1 20 0 79 0 9 1
0 45 2 68 3 93 0
1 3 1 89 0 76 0
0 46 1 48 2 0 3
0 31 3 31 3 16 2
0 52 3 29 3 57 0
1 62 2 91 2 58 2
0 82 0 17 0 53 2
1 22 0 49 1 65 2
1 0 0 3 1 48 3
0 21 2 0 3 93 1
0 2 2 13 3 64 3
1 82 1 30 3 92 1
1 34 2 47 2 19 0
0 40 3 53 2 74 3
1 64 1 13 0 85 1
1 0 0 80 1 97 0
0 0 1 83 3 20 3
0 40 1 41 1 46 1
1 19 3 49 0 37 2
1 69 2 49 3 58 3
1 20 1 36 1 13 0
1 91 3 7 2 64 2
0 19 3 99 3 52 3
0 35 0 16 2 69 1
1 70 0 10 0 19 3
1 37 3 37 3 84 0
0 21 2 57 3 48 2
1 1 0 28 3 0 0
0 79 1 90 2 3 2
1 6 2 82 3 76 1
1 37 2 27 0 10 1
0 32 0 9 3 39 1
0 42 0 21 2 57 0
1 92 3 65 0 27 0
0 59 0 68 3 11 1
1 22 1 39 3 30 3
0 3 3 94 0 70 2
1 34 1 91 2 63 2
0 39 2 98 0 3 3
1 39 3 89 1 3 2
0 93 0 65 2 16 0
1 16 3 15 3 99 3
1 33 0 3 3 78 1
1 55 3 86 3 22 0
1 72 0 30 3 91 3
1 57 0 75 3 32 0
0 43 1 42 2 98 3
0 23 0 6 0 63 2
0 52 3 33 2 89 0
1 30 3 29 3 50 3
1 16 0 2 3 76 3
1 22 1 24 1 27 1
0 60 0 10 3 69 2
0 68 0 11 2 67 1
0 42 3 38 0 97 3
1 42 3 51 1 98 2
1 61 3 57 1 24 3
1 13 2 32 0 55 0
1 11 1 50 0 49 2
1 58 3 90 3 80 2
1 93 1 6 3 9 3
0 67 3 47 3 99 1
1 65 3 1 3 43 1
0 43 2 92 3 18 0
1 11 0 62 0 6 3
1 41 3 56 2 23 2
1 63 1 99 2 55 3
0 16 0 40 0 31 3
1 53 3 1 0 39 2
0 98 1 5 3 93 3
1 47 2 37 3 75 3
1 66 2 64 1 28 0
1 93 0 66 1 31 2
0 99 0 31 3 52 2
0 0 3 42 3 67 1
1 31 3 40 3 41 2
1 87 0 9 1 8 0
1 3 3 5 0 41 1
0 78 0 24 2 0 3
0 29 2 14 1 77 0
0 91 2 24 1 87 3
1 65 2 65 3 5 0
0 17 3 75 3 27 0
1 98 2 32 0 15 0
1 42 3 32 3 96 1
0 53 1 93 3 38 2
0 43 1 84 1 11 1
1 86 1 53 1 73 1
1 27 1 37 0 11 3
1 28 2 31 1 78 0
1 98 1 49 0 71 0
0 20 0 15 0 44 0
1 59 3 95 1 12 0
0 93 3 57 1 69 0
1 81 3 64 3 4 2
1 50 2 5 3 1 2
1 75 0 36 2 32 1
1 59 0 39 1 73 3
1 30 1 67 1 47 1
0 16 0 1 3 44 0
0 70 0 55 2 23 3
1 97 1 9 1 76 2
0 56 0 31 3 3 2
0 98 1 68 2 91 2
0 38 3 81 1 80 3
1 84 0 40 3 70 1
0 81 3 91 2 89 2
0 85 3 18 2 77 1
0 51 2 74 0 11 1
1 68 2 72 3 73 1
1 10 3 2 1 59 3
0 86 2 31 0 55 0
0 46 2 66 0 34 0
0 12 3 64 0 37 3
0 5 2 95 0 70 1
1 76 3 33 1 18 2
0 15 3 49 2 59 2
1 26 2 10 0 34 1
0 23 1 12 2 99 2
1 20 3 24 1 90 1
1 61 3 8 0 48 0
0 73 1 16 2 0 0
0 51 2 62 0 92 3
1 55 1 7 0 42 1
1 42 3 70 3 8 0
0 94 2 35 3 33 3
0 94 3 92 2 55 0
1 92 0 57 1 69 3
1 3 3 53 0 18 0
0 38 2 69 3 93 3
0 52 0 37 3 35 3
1 82 1 75 0 72 0
1 12 0 13 0 23 1
1 77 2 40 0 60 2
0 87 0 63 0 5 3
1 39 1 35 3 0 2
1 76 1 14 0 8 1
1 40 3 14 3 3 1
0 31 3 13 0 42 2
1 14 3 34 0 31 0
1 60 3 28 0 47 2
0 46 3 99 1 51 1
0 77 2 17 2 59 0
1 6 0 86 3 46 0
1 89 0 68 3 77 0
1 25 1 55 0 79 1
1 11 3 66 3 21 2
0 36 2 7 3 81 1
1 14 3 53 3 30 0
1 66 1 44 3 95 1
1 84 2 83 3 54 2
0 71 2 62 1 42 2
1 65 0 61 3 25 1
0 62 3 14 3 78 1
0 16 0 76 3 23 0
0 25 0 54 3 29 3
1 34 2 89 2 31 3
1 80 3 37 0 92 1
0 7 3 48 0 3 2
0 21 0 30 1 1 3
1 34 2 26 1 40 2
0 58 2 78 3 31 1
0 69 2 52 1 35 0
0 10 3 39 2 63 1
0 66 1 41 0 46 1
0 56 0 97 1 12 1
0 24 2 78 0 47 0
1 74 0 35 1 96 2
0 96 2 73 0 50 3
0 90 3 34 3 72 1
0 57 0 13 2 53 3
1 80 1 21 3 17 3
0 28 1 23 0 5 1
0 66 2 3 3 53 0
0 85 1 60 2 32 2
1 82 0 11 0 25 2
1 27 3 42 2 85 2
0 74 1 77 2 98 1
1 17 3 33 3 96 2
1 83 1 21 3 23 3
1 48 1 82 3 52 3
1 31 1 57 3 60 2
0 29 2 99 0 92 1
1 74 1 24 3 47 3
1 42 1 16 3 18 0
1 96 2 95 3 36 1
1 34 1 86 1 74 1
0 52 3 49 0 81 1
1 49 2 54 2 16 3
0 60 3 7 2 81 0
1 41 3 91 3 45 1
1 49 0 91 0 53 0
0 91 3 19 0 29 2
0 91 1 4 2 98 1
1 41 0 43 0 35 3
1 84 0 12 2 93 3
0 87 2 11 0 48 2
1 43 3 94 3 74 1
0 67 0 10 3 11 3
1 77 3 42 1 52 0
0 71 0 31 1 61 3
1 31 1 22 2 60 2
0 27 1 24 0 61 1
0 8 3 72 0 15 3
1 28 2 7 3 22 3
1 59 3 17 1 83 0
0 99 3 8 0 44 2
0 96 1 79 1 29 1
1 13 3 66 3 6 3
1 35 0 33 1 66 1
0 8 0 91 0 46 0
1 47 2 51 2 7 2
1 26 3 42 0 48 0
0 40 1 66 0 75 1
1 49 1 3 3 8 2
0 85 1 83 0 25 3
1 25 2 64 3 94 2
1 80 3 15 2 19 1
0 37 1 49 1 23 0
0 39 3 62 3 64 0
0 99 1 81 2 31 0
1 89 3 33 2 61 3
1 11 0 12 1 74 2
1 54 2 51 2 96 1
0 4 0 18 0 95 0
0 4 3 24 0 84 3
1 94 3 78 3 85 3
1 91 2 88 1 16 1
1 11 0 4 3 11 0
1 47 0 85 3 51 3
0 25 1 29 0 68 3
1 90 3 80 1 7 0
1 24 3 67 2 10 1
1 14 3 66 2 22 1
1 0 3 43 0 34 3
0 91 2 56 3 35 2
1 33 3 72 0 33 2
1 49 3 27 3 63 2
1 19 0 47 1 7 1
0 70 2 58 1 59 2
1 17 3 82 1 46 1
0 70 3 25 3 9 2
1 19 2 73 2 90 0
0 52 1 8 1 8 3
1 30 0 38 0 42 0
1 58 3 62 2 63 2
0 76 2 95 3 69 2
0 81 2 3 3 78 2
0 6 2 99 0 94 2
0 2 2 27 2 17 0
1 96 0 62 3 9 2
1 5 3 84 3 59 1
0 81 3 9 3 92 0
1 13 3 97 0 86 2
1 88 2 78 2 68 0
0 86 2 80 1 39 2
1 52 2 29 0 44 3
0 36 3 54 3 41 0
1 30 3 81 0 16 3
0 81 3 4 3 73 3
0 25 3 26 0 15 0
1 55 3 98 1 69 0
0 47 3 10 2 62 1
0 54 2 41 2 54 0
1 72 1 76 1 64 3
1 55 2 91 3 68 3
0 69 1 98 3 98 1
1 52 2 30 1 93 2
1 69 3 41 2 33 0
0 36 1 1 0 43 1
1 4 3 62 1 12 0
0 57 2 43 2 23 3
0 50 3 55 2 24 3
0 57 0 99 0 32 0
0 90 1 54 0 32 1
0 17 2 8 2 88 1
0 47 3 20 3 70 3
1 65 3 86 2 31 1
1 60 0 1 3 90 0
1 6 1 2 3 13 3
1 76 2 40 2 31 1
1 80 2 24 0 82 3
1 35 0 54 2 36 1
1 4 1 64 3 2 0
1 16 3 18 1 48 1
1 38 1 39 2 94 1
0 79 1 90 0 95 2
1 30 0 34 0 98 2
1 35 0 5 3 89 0
0 55 0 51 1 27 2
1 98 3 59 2 24 3
1 16 2 66 2 66 3
0 40 1 36 3 62 0
0 43 2 21 1 36 2
0 68 0 84 3 23 0
1 2 2 0 3 71 3
1 15 1 95 3 19 1
0 16 0 6 0 54 0
0 13 2 73 1 78 2
1 57 1 7 1 64 3
1 16 1 23 2 30 1
0 22 0 86 1 91 2
0 54 0 61 3 4 2
0 20 0 72 0 3 0
0 22 0 89 1 45 3
0 82 2 81 1 46 3
0 61 0 58 0 67 0
0 69 1 62 0 62 2
1 78 3 27 3 33 2
1 26 2 79 0 93 0
1 55 2 1 0 98 2
0 52 1 71 2 78 1
0 35 1 35 3 10 0
1 54 0 47 3 80 0
0 93 3 11 1 70 3
1 48 1 82 3 52 3
1 31 1 57 3 60 2
0 29 2 99 0 92 1
1 74 1 24 3 47 3
1 42 1 16 3 18 0
1 96 2 95 3 36 1
1 34 1 86 1 74 1
0 52 3 49 0 81 1
1 49 2 54 2 16 3
0 60 3 7 2 81 0
1 41 3 91 3 45 1
1 49 0 91 0 53 0
0 91 3 19 0 29 2
0 91 1 4 2 98 1
1 41 0 43 0 35 3
1 84 0 12 2 93 3
0 87 2 11 0 48 2
1 43 3 94 3 74 1
0 67 0 10 3 11 3
1 77 3 42 1 52 0
0 71 0 31 1 61 3
1 31 1 22 2 60 2
0 27 1 24 0 61 1
0 8 3 72 0 15 3
1 28 2 7 3 22 3
1 59 3 17 1 83 0
0 99 3 8 0 44 2
0 96 1 79 1 29 1
1 13 3 66 3 6 3
1 35 0 33 1 66 1
0 8 0 91 0 46 0
1 47 2 51 2 7 2
1 26 3 42 0 48 0
0 40 1 66 0 75 1
1 49 1 3 3 8 2
0 85 1 83 0 25 3
1 25 2 64 3 94 2
1 80 3 15 2 19 1
0 37 1 49 1 23 0
0 39 3 62 3 64 0
0 99 1 81 2 31 0
1 89 3 33 2 61 3
1 11 0 12 1 74 2
1 54 2 51 2 96 1
0 4 0 18 0 95 0
1 52 0 2 2 74 0
0 13 1 80 2 16 0
1 67 0 42 0 24 2
1 10 2 18 0 24 2
1 9 0 60 0 49 2
1 25 3 42 0 76 0
0 28 1 72 2 75 1
0 26 3 7 1 28 2
1 94 3 35 0 13 3
0 32 0 49 2 87 1
1 78 0 6 3 7 0
1 79 1 92 0 17 0
0 12 3 69 3 30 0
0 31 1 93 0 11 3
1 54 0 69 3 83 0
1 18 1 1 2 88 2
1 5 0 82 0 52 0
0 70 2 16 1 47 1
0 11 1 56 2 80 1
0 62 2 88 3 13 2
1 25 1 45 0 44 0
1 99 3 71 1 74 0
0 58 1 34 0 87 0
1 60 3 97 1 74 0
0 54 2 40 2 96 1
0 50 3 5 3 50 3
0 24 1 42 0 46 3
0 65 3 58 0 26 1
0 55 1 77 1 65 2
0 90 0 66 3 58 3
1 38 0 42 2 29 1
1 76 1 31 3 3 0
0 84 2 51 3 4 1
0 42 2 72 1 84 3
0 7 0 44 2 70 1
0 3 0 13 3 3 0
1 35 0 65 1 37 2
1 72 3 20 2 76 2
0 80 3 91 2 60 1
0 78 0 18 1 37 2
0 45 1 95 3 52 1
1 86 3 15 1 22 3
0 94 1 37 2 88 3
0 90 1 80 2 14 0
0 10 1 3 3 39 2
1 91 0 93 2 89 1
0 8 2 86 2 89 3
0 14 3 77 2 93 3
0 34 3 41 1 41 3
0 76 0 78 3 68 1
0 13 3 81 3 37 2
1 5 2 66 1 72 1
0 26 1 41 1 20 1
1 83 2 74 3 45 0
0 88 3 6 2 32 2
0 86 0 5 2 23 2
0 18 0 71 0 65 0
0 39 2 76 0 33 1
0 84 3 43 1 45 3
0 42 0 77 1 14 0
0 99 2 61 3 62 0
1 9 1 63 3 12 2
1 37 2 42 3 86 1
0 65 1 40 3 42 1
1 0 3 61 2 34 3
0 51 0 78 2 0 1
0 39 2 51 0 57 3
1 28 0 8 3 48 1
1 64 2 62 0 4 1
0 23 0 70 1 98 2
0 27 0 29 0 28 3
1 53 2 74 2 11 0
1 31 2 85 3 65 2
0 97 1 84 1 27 3
1 4 2 99 0 47 2
1 99 1 14 3 19 0
1 38 0 62 2 2 2
0 60 2 5 2 12 0
1 15 3 80 2 52 2
1 63 3 89 1 13 2
0 75 2 92 0 35 2
1 17 1 78 3 6 3
0 9 2 67 3 79 2
1 50 0 99 2 48 3
1 85 3 77 0 76 1
0 2 2 58 3 13 2
0 33 2 92 3 69 2
0 8 1 88 1 64 2
0 72 1 10 2 98 1
1 30 2 58 1 23 0
1 37 1 83 1 3 3
0 94 1 8 1 2 0
0 16 0 70 1 89 0
0 57 2 43 3 54 1
1 14 3 59 0 18 1
0 72 0 57 3 85 2
1 96 1 36 3 26 2
1 98 1 46 2 9 2
0 15 1 97 1 96 3
1 10 1 6 1 47 1
1 8 3 7 0 23 0
0 19 2 46 3 0 0
1 8 3 58 2 35 2
1 88 0 62 1 30 3
0 79 0 37 2 22 1
1 73 0 49 2 91 3
1 59 2 38 3 9 1
1 91 0 98 1 40 1
0 54 3 51 0 56 0
1 65 3 55 3 21 2
0 99 2 51 2 93 0
0 65 2 21 3 56 2
1 24 0 4 1 82 2
0 61 3 51 1 68 1
1 62 3 81 0 50 0
1 80 3 99 0 15 3
1 56 1 44 3 85 1
1 6 0 35 0 71 2
1 12 1 74 3 85 3
1 98 2 5 1 74 3
0 59 3 31 1 65 1
1 54 2 76 3 54 0
0 56 1 92 2 19 3
0 48 1 81 2 66 0
0 91 3 97 2 34 2
0 89 1 14 2 46 1
1 54 2 22 3 31 0
1 53 1 31 2 14 2
0 72 2 71 2 19 2
0 21 0 0 1 14 2
0 98 1 20 2 96 1
0 61 0 63 1 55 3
0 88 3 27 1 71 3
0 62 1 54 1 81 0
0 52 1 31 2 10 3
1 48 1 82 3 52 3
1 31 1 57 3 60 2
0 29 2 99 0 92 1
1 74 1 24 3 47 3
1 42 1 16 3 18 0
1 96 2 95 3 36 1
1 34 1 86 1 74 1
0 52 3 49 0 81 1
1 49 2 54 2 16 3
0 60 3 7 2 81 0
1 41 3 91 3 45 1
1 49 0 91 0 53 0
0 91 3 19 0 29 2
0 91 1 4 2 98 1
1 41 0 43 0 35 3
1 84 0 12 2 93 3
0 87 2 11 0 48 2
1 43 3 94 3 74 1
0 67 0 10 3 11 3
1 77 3 42 1 52 0
0 71 0 31 1 61 3
1 31 1 22 2 60 2
0 27 1 24 0 61 1
0 8 3 72 0 15 3
1 28 2 7 3 22 3
1 59 3 17 1 83 0
0 99 3 8 0 44 2
0 96 1 79 1 29 1
1 13 3 66 3 6 3
1 35 0 33 1 66 1
0 8 0 91 0 46 0
1 47 2 51 2 7 2
1 26 3 42 0 48 0
0 40 1 66 0 75 1
1 49 1 3 3 8 2
0 85 1 83 0 25 3
1 25 2 64 3 94 2
1 80 3 15 2 19 1
0 37 1 49 1 23 0
0 39 3 62 3 64 0
0 99 1 81 2 31 0
1 89 3 33 2 61 3
1 11 0 12 1 74 2
1 54 2 51 2 96 1
0 4 0 18 0 95 0
1 91 2 87 0 25 0
0 49 0 9 2 37 0
1 3 3 33 3 29 1
0 83 1 72 0 86 1
0 2 3 18 3 88 3
0 32 3 78 1 3 0
0 94 3 92 3 62 0
0 7 3 23 0 4 2
1 58 0 86 1 77 1
0 81 2 33 1 82 3
1 17 0 71 2 91 1
1 66 0 27 0 49 0
1 66 3 27 0 79 1
0 2 1 75 0 53 1
0 17 3 69 2 93 0
0 98 1 11 1 85 1
0 32 0 13 2 77 1
0 25 3 70 0 27 0
1 19 2 57 1 25 1
0 52 1 68 0 90 0
1 54 1 3 2 85 1
1 18 3 69 2 81 2
1 93 0 99 1 28 0
0 4 3 41 2 5 2
0 92 1 5 0 30 1
0 56 0 19 0 36 2
0 3 0 27 3 84 1
0 88 3 87 3 80 1
0 45 0 75 0 1 0
1 42 1 26 0 18 2
1 15 1 51 2 22 2
1 46 0 82 1 57 0
1 38 2 55 0 54 2
0 0 2 10 2 12 1
0 81 2 34 1 85 3
0 14 0 79 3 85 1
0 55 2 36 0 81 1
1 27 0 94 2 44 2
0 99 2 84 2 33 3
1 12 2 28 3 20 3
0 48 0 91 1 58 3
0 74 1 26 3 52 1
1 72 3 12 2 69 1
0 93 0 4 0 64 3
1 33 1 82 3 53 2
1 48 1 82 3 52 3
1 31 1 57 3 60 2
0 29 2 99 0 92 1
1 74 1 24 3 47 3
1 42 1 16 3 18 0
1 96 2 95 3 36 1
1 34 1 86 1 74 1
0 52 3 49 0 81 1
1 49 2 54 2 16 3
0 60 3 7 2 81 0
1 41 3 91 3 45 1
1 49 0 91 0 53 0
0 91 3 19 0 29 2
0 91 1 4 2 98 1
1 41 0 43 0 35 3
1 84 0 12 2 93 3
0 87 2 11 0 48 2
1 43 3 94 3 74 1
0 67 0 10 3 11 3
1 77 3 42 1 52 0
0 71 0 31 1 61 3
1 31 1 22 2 60 2
0 27 1 24 0 61 1
0 8 3 72 0 15 3
1 28 2 7 3 22 3
1 59 3 17 1 83 0
0 99 3 8 0 44 2
0 96 1 79 1 29 1
1 13 3 66 3 6 3
1 35 0 33 1 66 1
0 8 0 91 0 46 0
1 47 2 51 2 7 2
1 26 3 42 0 48 0
0 40 1 66 0 75 1
1 49 1 3 3 8 2
0 85 1 83 0 25 3
1 25 2 64 3 94 2
1 80 3 15 2 19 1
0 37 1 49 1 23 0
0 39 3 62 3 64 0
0 99 1 81 2 31 0
1 89 3 33 2 61 3
1 11 0 12 1 74 2
1 54 2 51 2 96 1
0 4 0 18 0 95 0
1 3 0 41 3 86 1
0 10 2 47 2 98 1
1 27 0 47 3 4 0
1 18 3 63 3 53 1
1 41 1 16 0 56 2
0 45 2 67 0 25 3
0 14 1 73 1 63 1
0 74 0 59 3 45 2
0 78 3 23 1 15 3
0 18 2 76 3 46 3
1 62 3 10 2 61 3
1 16 0 47 0 88 1
0 12 1 24 1 87 3
0 5 3 24 2 10 3
1 31 2 98 0 37 0
1 13 2 51 0 81 3
0 59 3 14 0 70 1
0 38 2 85 0 45 2
0 3 3 65 3 51 3
1 8 2 65 2 19 2
0 90 2 47 3 58 1
1 86 1 82 3 0 3
0 54 2 5 3 67 1
1 96 0 59 2 69 0
0 11 2 56 2 47 1
1 25 1 51 1 6 1
1 77 0 18 2 14 3
1 77 3 4 1 29 1
0 32 2 56 0 86 0
1 94 0 87 0 96 0
1 60 0 14 0 13 0
1 93 1 16 3 53 2
1 54 2 59 2 22 1
1 58 3 75 0 14 3
0 86 1 74 3 59 1
1 39 2 35 2 70 3
0 83 0 89 3 40 2
0 65 2 36 0 76 2
1 34 3 5 0 47 2
1 65 3 12 0 64 0
1 36 1 7 0 86 2
1 3 2 43 1 66 3
0 88 1 4 2 95 0
1 50 1 94 0 34 3
1 68 1 85 3 23 1
0 98 0 87 1 16 1
1 40 2 53 1 74 1
1 71 2 46 3 27 1
0 12 3 72 1 30 0
0 52 0 52 3 20 1
1 90 2 79 3 45 0
0 51 2 41 0 81 3
1 42 3 45 0 39 0
0 3 0 15 2 5 0
0 51 3 29 1 19 1
1 87 1 8 0 5 3
0 68 1 95 1 13 2
1 43 2 69 0 63 0
1 91 0 61 2 69 2
0 91 0 54 3 11 3
0 49 0 18 2 97 3
0 60 3 44 1 91 1
0 83 2 20 3 97 3
1 10 2 86 2 95 0
0 1 2 81 3 63 0
0 64 1 75 3 50 3
1 56 1 1 2 38 3
0 81 1 38 2 11 2
0 91 2 24 3 52 2
1 86 2 37 0 57 2
0 47 1 55 0 42 0
0 98 1 70 1 63 3
1 34 3 68 2 75 0
1 52 2 49 2 92 3
1 63 1 14 0 74 0
0 62 0 68 0 58 2
0 17 2 94 0 84 0
1 98 3 16 2 86 1
0 74 3 84 1 60 1
0 73 3 56 0 43 2
0 51 2 95 0 1 2
1 4 0 3 0 95 1
0 0 1 71 3 30 1
0 17 3 76 0 52 2
0 12 3 23 1 67 2
0 66 3 35 1 96 2
0 62 0 95 2 50 2
0 9 3 46 2 81 3
0 70 1 84 0 4 1
0 89 2 97 2 2 2
0 61 3 37 3 74 1
1 7 0 0 1 72 0
0 50 2 1 3 18 3
1 24 3 35 0 71 2
1 25 1 54 3 47 1
1 31 1 63 3 66 1
1 71 2 34 1 80 0
0 88 0 28 0 25 2
1 76 2 82 0 0 2
1 94 2 6 3 18 3
1 69 1 86 0 10 0
0 65 2 10 1 12 0
0 62 2 51 2 67 2
0 35 3 86 2 38 2
1 34 2 35 3 99 3
0 34 1 34 3 42 2
0 63 0 46 2 10 0
1 84 2 64 2 78 0
1 49 3 32 3 54 0
0 34 0 47 2 65 0
1 31 2 19 2 19 3
0 32 1 94 2 0 1
0 46 0 45 0 85 0
0 71 0 79 3 93 3
0 85 1 7 1 3 0
1 31 0 17 0 63 3
0 57 0 55 3 70 2
0 50 3 19 1 29 0
1 83 0 42 0 96 3
0 2 3 13 0 25 3
0 33 1 35 2 86 2
1 92 2 17 0 63 1
0 60 3 79 0 93 3
0 40 2 94 1 39 1
0 28 3 12 3 87 0
1 89 2 15 2 75 2
1 54 2 80 2 80 1
1 98 2 63 1 92 0
1 9 0 22 1 73 3
0 55 0 97 3 36 2
1 7 3 58 0 17 3
1 71 2 37 2 81 1
1 21 2 62 0 84 1
1 32 3 31 2 78 2
0 26 3 53 2 3 0
0 86 1 59 3 48 2
1 10 1 39 0 37 3
1 71 3 85 0 14 2
0 47 1 23 1 85 3
0 51 3 59 3 28 1
1 25 3 7 1 37 0
0 12 3 87 0 28 2
0 15 2 22 2 30 3
1 76 2 78 3 8 2
1 11 1 62 1 17 2
0 23 2 68 3 18 0
0 48 2 2 2 39 1
1 85 2 8 2 36 1
1 59 3 9 0 92 2
1 43 2 42 2 25 0
1 81 3 16 0 80 1
1 86 0 65 2 0 0
0 93 2 67 3 22 1
0 43 0 27 1 96 0
1 43 2 65 3 61 1
0 84 3 85 1 58 1
1 73 0 88 0 2 2
1 32 3 74 2 11 1
1 12 3 27 1 43 3
0 65 0 47 2 99 2
0 69 1 87 2 41 1
1 16 1 0 3 93 0
1 0 0 17 0 99 1
1 71 0 23 1 44 1
1 52 1 97 1 56 1
1 34 3 11 0 86 2
1 32 3 48 0 53 3
0 52 2 29 0 95 2
0 88 2 21 0 0 2
1 22 0 16 0 16 2
0 40 0 49 1 56 1
0 41 2 3 3 60 2
1 2 3 14 1 17 1
0 51 0 45 0 75 0
1 39 0 89 2 66 1
0 56 3 43 2 77 3
0 16 0 59 3 97 0
0 94 0 50 1 18 2
0 90 2 84 2 51 2
0 38 1 57 1 73 1
1 7 0 7 3 57 0
0 14 1 90 3 27 1
1 32 1 56 1 18 2
0 36 0 99 0 39 2
1 30 0 77 0 39 1
0 94 2 16 2 99 2
0 28 0 24 2 58 1
1 61 3 48 0 23 1
1 43 1 20 0 69 1
1 11 3 74 1 76 3
1 80 3 53 0 34 0
0 41 3 86 1 84 3
1 28 1 10 0 86 0
1 19 3 7 0 82 1
1 0 2 32 2 27 0
0 60 2 51 1 9 3
0 96 2 26 3 64 3
0 24 3 68 2 32 2
1 76 2 98 3 46 2
1 85 3 84 1 77 3
1 75 3 96 3 2 2
1 32 0 21 3 30 1
0 17 1 44 2 90 2
1 60 0 99 2 52 3
1 2 3 6 3 58 3
1 44 3 2 0 71 0
1 91 3 80 2 90 2
1 9 3 66 3 92 1
1 8 3 23 3 21 1
0 12 0 21 0 17 3
0 30 3 65 0 27 1
1 92 0 65 1 67 2
1 85 2 62 1 73 1
1 38 1 9 1 12 3
1 58 3 2 1 84 0
1 50 3 58 2 82 0
0 44 3 96 0 67 0
1 26 2 55 2 47 1
1 88 0 37 2 2 1
0 32 1 19 2 87 0
0 24 2 90 3 46 0
0 61 0 12 3 64 0
1 85 3 87 2 77 2
1 57 0 96 2 47 2
1 42 0 86 0 71 3
1 4 2 43 3 35 0
1 6 0 17 3 96 1
0 68 0 69 2 59 2
0 86 0 74 0 87 1
0 4 0 20 1 37 0
0 61 0 23 1 98 1
1 57 3 25 2 3 0
0 26 1 85 1 86 0
0 51 3 49 2 22 1
0 83 1 12 3 57 3
0 89 0 83 1 62 3
1 79 2 94 3 12 2
0 1 0 3 2 39 0
0 62 3 56 1 55 1
0 24 3 37 2 68 3
1 18 0 48 0 89 3
0 31 0 65 1 56 2
1 49 0 5 2 26 2
1 45 0 28 2 30 1
0 78 3 49 0 32 1
1 7 0 88 3 47 2
1 12 0 58 2 71 3
0 42 2 63 0 65 3
0 84 2 1 3 65 0
0 46 2 6 2 25 0
0 21 1 62 3 18 1
0 97 2 31 2 86 3
0 42 3 71 3 8 0
1 26 3 56 3 97 0
1 21 1 89 1 21 0
1 63 3 73 1 92 3
0 15 1 9 0 60 1
1 76 2 52 0 94 0
0 12 2 78 3 67 3
0 32 3 53 1 65 2
0 91 1 93 2 56 1
1 17 0 56 1 16 2
0 99 2 77 0 52 0
0 91 3 59 3 45 2
0 15 0 84 3 59 0
0 46 2 72 1 67 1
0 62 3 69 1 69 3
0 12 3 52 2 72 3
0 88 2 15 2 76 2
-1 48 1 67 3 30 3
