1 73 2 1011 0 412 0
0 565 3 335 2 667 3
1 85 3 735 1 991 0
0 1005 2 223 0 781 1
1 649 0 711 2 300 1
0 293 1 588 1 409 1
1 482 2 429 3 930 1
0 831 3 476 0 727 3
1 137 0 822 0 547 0
0 255 1 980 1 18 1
0 47 3 778 0 209 3
1 436 2 10 2 557 3
0 706 2 492 1 492 2
0 662 0 291 0 519 2
1 630 3 355 0 418 3
0 75 1 331 2 468 0
1 926 3 767 1 682 2
1 722 3 81 0 810 2
0 967 3 933 3 711 1
1 60 2 872 2 953 3
0 273 3 106 0 394 2
1 770 0 251 2 737 2
1 450 0 473 0 229 3
0 734 0 860 2 160 3
0 889 0 967 3 617 1
0 868 1 816 3 664 1
1 662 1 763 2 338 2
1 472 1 741 0 529 0
1 435 2 848 2 167 2
0 1010 1 670 1 588 0
0 570 2 32 0 531 3
0 908 3 78 2 128 1
0 639 1 536 3 330 1
1 880 1 510 0 853 1
0 746 3 201 1 277 1
0 961 1 118 1 444 3
0 789 3 903 2 599 0
1 179 0 701 2 371 2
1 229 1 129 2 683 2
1 143 0 805 1 922 3
1 776 2 532 1 877 1
0 564 1 236 0 540 0
1 358 0 446 3 840 0
0 912 2 400 2 738 3
1 347 0 326 2 931 1
1 981 1 874 3 517 0
1 224 1 502 3 126 2
1 837 1 810 3 634 0
0 738 1 749 2 164 0
1 754 1 79 0 239 1
1 126 2 768 3 312 3
0 198 0 174 0 721 0
1 476 2 925 0 776 3
0 171 2 412 0 947 3
1 730 3 429 1 307 2
1 431 3 362 1 398 2
1 718 3 620 2 1014 2
1 625 0 546 2 145 3
0 1021 3 424 1 963 3
0 583 0 718 0 378 2
1 674 0 1005 2 1016 3
1 207 0 688 0 437 0
1 152 3 651 1 452 3
0 1009 1 564 3 684 3
1 513 2 109 1 798 2
1 123 1 897 3 523 2
0 129 2 578 0 734 2
0 984 3 242 3 756 1
1 493 0 365 0 598 2
0 413 3 485 2 69 1
1 113 2 165 3 509 1
1 471 0 670 0 649 3
0 418 0 607 0 522 3
1 351 1 558 2 42 0
1 764 1 80 0 273 3
1 935 1 417 2 246 1
0 430 3 164 3 508 2
1 437 1 478 1 545 1
0 209 3 198 3 2 2
1 76 2 511 3 577 2
0 80 1 710 3 607 2
0 878 1 526 0 253 3
1 51 2 454 2 759 1
1 961 1 613 1 94 2
1 782 3 755 2 567 0
1 636 2 546 1 523 2
1 951 0 1006 0 968 0
1 739 1 884 2 213 2
1 410 3 187 2 754 0
1 128 3 683 0 858 3
1 64 1 654 1 705 1
1 923 0 332 1 687 3
1 487 1 522 3 327 1
0 410 2 156 1 74 1
0 569 0 718 1 665 1
1 336 3 861 0 166 3
1 391 3 872 2 847 3
0 879 3 178 3 88 3
0 530 3 4 2 946 3
0 396 2 618 0 908 0
1 71 3 880 1 993 3
0 635 0 797 3 40 2
0 1021 0 335 2 658 0
0 237 2 222 0 252 0
1 14 3 399 0 819 0
0 408 2 884 3 211 1
1 746 2 121 1 418 3
0 79 1 340 2 577 2
0 499 1 1022 1 175 0
1 975 0 216 0 371 3
0 704 1 523 2 550 3
1 568 0 865 2 899 2
0 157 0 258 3 531 0
0 95 0 614 1 749 0
1 478 2 689 1 125 2
0 132 3 676 0 825 0
1 992 3 867 3 973 0
0 268 3 995 2 511 0
1 465 2 465 1 922 0
1 593 2 17 3 459 1
0 404 0 554 0 662 1
0 682 3 675 1 906 0
0 855 0 359 2 963 1
0 558 2 378 3 390 2
0 953 3 927 1 588 0
0 1001 0 699 0 801 2
1 405 0 804 1 137 3
1 127 3 863 0 710 0
1 969 3 898 3 533 0
0 611 3 103 3 977 3
1 149 3 710 3 520 3
1 564 0 247 3 94 0
1 862 1 138 0 433 0
1 484 3 446 3 819 2
1 770 0 442 3 352 0
0 939 3 638 2 75 3
1 516 3 283 2 32 3
0 504 2 148 2 688 3
1 808 1 1008 0 116 1
1 994 3 450 3 154 2
0 96 0 844 0 885 2
0 443 2 176 0 788 1
1 806 2 510 1 225 0
1 993 3 233 0 151 0
0 131 2 25 3 505 2
1 477 1 560 3 599 1
0 118 0 121 2 578 3
1 615 0 900 1 568 3
1 904 0 484 3 132 2
1 244 1 57 3 935 0
1 672 1 144 0 931 3
0 979 1 474 2 969 3
1 117 1 562 0 536 0
1 519 3 994 1 442 2
1 314 3 490 0 66 2
1 598 2 622 0 473 0
1 80 0 676 2 192 1
0 343 1 867 0 850 3
1 291 0 450 1 910 1
0 600 3 466 3 356 0
0 896 2 307 0 936 1
1 880 2 378 1 529 2
1 257 1 833 3 89 3
0 807 2 176 1 577 1
0 103 0 945 2 637 3
0 624 2 286 2 895 0
0 249 1 283 2 864 0
1 999 3 22 1 463 3
1 829 1 637 1 519 0
0 407 0 360 1 89 3
1 429 3 109 3 254 0
0 182 2 2 3 475 1
0 815 3 645 3 517 2
0 784 0 446 3 540 3
0 635 2 214 1 557 1
1 31 2 46 2 981 3
1 185 0 642 2 72 0
0 1023 0 578 2 722 1
0 756 1 468 3 189 0
1 193 1 797 1 53 3
1 73 2 1011 0 412 0
0 565 3 335 2 667 3
1 85 3 735 1 991 0
0 1005 2 223 0 781 1
1 649 0 711 2 300 1
0 293 1 588 1 409 1
1 482 2 429 3 930 1
0 831 3 476 0 727 3
1 137 0 822 0 547 0
0 255 1 980 1 18 1
0 47 3 778 0 209 3
1 436 2 10 2 557 3
0 706 2 492 1 492 2
0 662 0 291 0 519 2
1 630 3 355 0 418 3
0 75 1 331 2 468 0
1 926 3 767 1 682 2
1 722 3 81 0 810 2
0 967 3 933 3 711 1
1 60 2 872 2 953 3
0 273 3 106 0 394 2
1 770 0 251 2 737 2
1 450 0 473 0 229 3
0 734 0 860 2 160 3
0 889 0 967 3 617 1
0 868 1 816 3 664 1
1 662 1 763 2 338 2
1 472 1 741 0 529 0
1 435 2 848 2 167 2
0 1010 1 670 1 588 0
0 570 2 32 0 531 3
0 908 3 78 2 128 1
0 639 1 536 3 330 1
1 880 1 510 0 853 1
0 746 3 201 1 277 1
0 961 1 118 1 444 3
0 789 3 903 2 599 0
1 179 0 701 2 371 2
1 229 1 129 2 683 2
1 143 0 805 1 922 3
1 776 2 532 1 877 1
0 564 1 236 0 540 0
1 358 0 446 3 840 0
0 912 2 400 2 738 3
1 347 0 326 2 931 1
0 320 0 879 1 275 0
1 715 0 122 0 796 2
0 923 3 354 1 728 1
1 832 0 870 3 551 2
0 1012 0 75 1 179 1
0 942 3 65 0 641 2
0 480 3 976 3 439 1
0 109 3 832 2 894 1
1 997 2 272 1 602 2
0 890 1 237 3 502 1
1 861 3 226 2 926 0
0 945 0 591 1 216 1
1 867 0 243 0 65 2
1 173 0 706 3 174 0
1 79 2 555 2 285 2
0 447 0 430 1 525 2
1 156 2 990 2 254 1
1 696 3 151 2 803 1
0 343 0 684 3 394 1
1 891 2 573 1 734 3
0 880 3 811 2 546 3
1 909 1 455 2 101 0
1 115 3 937 0 698 1
1 293 0 301 1 987 2
1 152 1 419 3 23 3
1 871 1 91 3 418 2
1 311 2 715 0 0 0
0 458 2 713 3 917 1
1 503 0 694 1 825 2
1 734 1 885 2 1015 0
0 80 0 380 3 104 0
1 748 2 902 3 6 0
1 64 1 252 1 563 1
0 810 0 512 0 118 3
1 572 1 383 0 52 1
0 113 1 846 1 62 0
0 457 0 1004 3 412 0
0 183 0 406 2 632 2
1 323 0 719 0 407 2
1 201 3 777 1 591 1
1 687 0 220 0 210 0
0 1003 1 434 3 36 3
1 697 2 699 2 178 3
1 356 1 110 3 378 0
1 555 1 826 0 23 3
1 73 2 1011 0 412 0
0 565 3 335 2 667 3
1 85 3 735 1 991 0
0 1005 2 223 0 781 1
1 649 0 711 2 300 1
0 293 1 588 1 409 1
1 482 2 429 3 930 1
0 831 3 476 0 727 3
1 137 0 822 0 547 0
0 255 1 980 1 18 1
0 47 3 778 0 209 3
1 436 2 10 2 557 3
0 706 2 492 1 492 2
0 662 0 291 0 519 2
1 630 3 355 0 418 3
0 75 1 331 2 468 0
1 926 3 767 1 682 2
1 722 3 81 0 810 2
0 967 3 933 3 711 1
1 60 2 872 2 953 3
0 273 3 106 0 394 2
1 770 0 251 2 737 2
1 450 0 473 0 229 3
0 734 0 860 2 160 3
0 889 0 967 3 617 1
0 868 1 816 3 664 1
1 662 1 763 2 338 2
1 472 1 741 0 529 0
1 435 2 848 2 167 2
0 1010 1 670 1 588 0
0 570 2 32 0 531 3
0 908 3 78 2 128 1
0 639 1 536 3 330 1
1 880 1 510 0 853 1
0 746 3 201 1 277 1
0 961 1 118 1 444 3
0 789 3 903 2 599 0
1 179 0 701 2 371 2
1 229 1 129 2 683 2
1 143 0 805 1 922 3
1 776 2 532 1 877 1
0 564 1 236 0 540 0
1 358 0 446 3 840 0
0 912 2 400 2 738 3
1 347 0 326 2 931 1
1 73 2 1011 0 412 0
0 565 3 335 2 667 3
1 85 3 735 1 991 0
0 1005 2 223 0 781 1
1 649 0 711 2 300 1
0 293 1 588 1 409 1
1 482 2 429 3 930 1
0 831 3 476 0 727 3
1 137 0 822 0 547 0
0 255 1 980 1 18 1
0 47 3 778 0 209 3
1 436 2 10 2 557 3
0 706 2 492 1 492 2
0 662 0 291 0 519 2
1 630 3 355 0 418 3
0 75 1 331 2 468 0
1 926 3 767 1 682 2
1 722 3 81 0 810 2
0 967 3 933 3 711 1
1 60 2 872 2 953 3
0 273 3 106 0 394 2
1 770 0 251 2 737 2
1 450 0 473 0 229 3
0 734 0 860 2 160 3
0 889 0 967 3 617 1
0 868 1 816 3 664 1
1 662 1 763 2 338 2
1 472 1 741 0 529 0
1 435 2 848 2 167 2
0 1010 1 670 1 588 0
0 570 2 32 0 531 3
0 908 3 78 2 128 1
0 639 1 536 3 330 1
1 880 1 510 0 853 1
0 746 3 201 1 277 1
0 961 1 118 1 444 3
0 789 3 903 2 599 0
1 179 0 701 2 371 2
1 229 1 129 2 683 2
1 143 0 805 1 922 3
1 776 2 532 1 877 1
0 564 1 236 0 540 0
1 358 0 446 3 840 0
0 912 2 400 2 738 3
1 347 0 326 2 931 1
1 51 3 791 2 320 2
1 887 1 62 0 716 1
1 851 2 8 3 154 1
0 308 1 9 1 1002 3
0 340 2 896 2 56 3
1 919 1 420 2 214 2
0 61 3 396 2 209 2
1 598 3 158 0 424 0
0 752 3 393 2 365 3
1 368 2 859 2 286 0
0 901 3 602 2 114 2
0 721 0 156 3 356 1
1 599 1 221 2 191 1
1 978 2 22 0 83 2
1 954 3 593 0 560 0
1 246 0 813 0 259 0
0 657 1 674 2 349 3
0 898 2 553 1 441 3
0 63 2 728 3 133 2
1 958 1 899 1 155 1
0 681 2 545 1 972 2
0 1017 1 544 1 686 3
1 828 1 42 0 356 3
1 941 1 143 0 13 1
1 571 1 442 2 566 0
0 857 1 673 1 349 0
0 964 0 225 3 546 0
0 230 2 0 0 481 0
1 65 0 8 1 758 1
0 432 0 389 3 706 3
1 72 0 966 0 930 1
0 655 1 127 0 866 1
0 26 1 337 1 352 0
0 881 3 562 1 990 3
0 315 3 983 3 704 0
0 871 3 809 3 507 3
0 219 1 304 1 214 0
1 816 3 315 0 571 1
0 7 0 666 1 257 1
1 933 3 78 0 466 3
0 731 1 134 1 520 3
1 669 3 315 0 931 0
1 560 1 162 0 377 1
0 20 3 872 0 418 0
0 889 1 926 2 651 1
0 707 1 238 3 285 2
1 199 1 95 0 508 1
0 621 2 607 2 990 3
0 817 3 159 3 669 0
0 898 2 657 3 297 2
0 18 3 810 2 136 1
1 756 2 1019 2 259 0
0 479 2 567 1 311 3
0 587 3 124 1 317 1
1 890 0 145 0 242 1
0 854 3 426 1 829 0
1 338 3 646 1 596 0
1 27 3 766 3 640 0
0 437 3 991 2 721 1
1 706 0 116 0 830 0
1 532 2 585 1 897 3
0 698 2 889 0 453 0
0 308 3 1007 1 936 0
1 839 0 315 2 603 2
0 633 1 72 2 678 0
0 309 0 190 2 715 1
1 207 0 307 2 343 0
1 109 2 56 3 489 3
1 998 2 257 0 788 0
1 921 2 170 3 691 2
1 176 3 512 1 196 0
0 791 1 946 2 982 0
0 612 0 662 2 207 0
0 498 0 769 0 449 1
0 893 0 284 2 198 3
0 664 2 513 2 140 0
1 613 0 244 0 540 0
1 643 0 395 3 88 2
0 970 0 650 3 338 3
0 788 0 707 0 514 1
1 213 3 582 1 846 2
0 840 1 366 0 816 1
1 445 3 661 3 745 0
0 281 2 862 3 35 2
1 357 2 921 1 206 2
1 681 3 460 2 731 1
1 259 1 795 2 577 3
0 638 2 694 1 613 1
1 787 0 464 3 874 1
0 896 1 925 2 631 1
1 73 2 1011 0 412 0
0 565 3 335 2 667 3
1 85 3 735 1 991 0
0 1005 2 223 0 781 1
1 649 0 711 2 300 1
0 293 1 588 1 409 1
1 482 2 429 3 930 1
0 831 3 476 0 727 3
1 137 0 822 0 547 0
0 255 1 980 1 18 1
0 47 3 778 0 209 3
1 436 2 10 2 557 3
0 706 2 492 1 492 2
0 662 0 291 0 519 2
1 630 3 355 0 418 3
0 75 1 331 2 468 0
1 926 3 767 1 682 2
1 722 3 81 0 810 2
0 967 3 933 3 711 1
1 60 2 872 2 953 3
0 273 3 106 0 394 2
1 770 0 251 2 737 2
1 450 0 473 0 229 3
0 734 0 860 2 160 3
0 889 0 967 3 617 1
0 868 1 816 3 664 1
1 662 1 763 2 338 2
1 472 1 741 0 529 0
1 435 2 848 2 167 2
0 1010 1 670 1 588 0
0 570 2 32 0 531 3
0 908 3 78 2 128 1
0 639 1 536 3 330 1
1 880 1 510 0 853 1
0 746 3 201 1 277 1
0 961 1 118 1 444 3
0 789 3 903 2 599 0
1 179 0 701 2 371 2
1 229 1 129 2 683 2
1 143 0 805 1 922 3
1 776 2 532 1 877 1
0 564 1 236 0 540 0
1 358 0 446 3 840 0
0 912 2 400 2 738 3
1 347 0 326 2 931 1
0 756 0 796 2 51 2
0 124 2 47 0 673 2
0 766 0 715 3 735 2
1 79 0 717 0 437 1
0 258 3 131 0 484 1
1 779 2 486 1 313 3
1 361 0 724 0 681 0
0 442 3 154 1 522 2
1 871 1 51 3 312 1
1 383 0 556 1 618 1
0 269 0 586 3 266 1
1 75 3 808 1 820 2
0 16 1 85 2 372 3
1 99 3 68 1 239 3
0 163 3 913 3 89 2
0 358 1 614 1 752 0
0 452 0 225 0 50 0
1 150 1 94 0 471 1
1 690 2 313 3 653 0
0 906 2 550 3 1018 2
1 921 3 619 1 650 0
0 932 1 723 1 424 3
1 918 2 109 0 777 2
0 459 2 375 0 70 3
0 153 3 816 2 639 0
1 358 0 674 2 692 3
1 466 0 927 1 682 0
1 653 0 838 2 638 3
0 944 2 609 1 168 0
0 733 3 811 2 187 0
1 151 2 370 0 527 3
1 386 0 54 3 699 0
1 985 3 431 1 543 1
0 587 0 299 2 451 1
1 149 1 1000 3 552 1
1 230 1 444 1 648 3
0 137 0 280 3 687 3
1 148 3 760 3 53 1
0 769 1 973 2 770 3
0 505 1 638 0 20 3
1 604 2 240 3 825 2
1 981 0 1022 3 568 3
1 743 0 99 2 209 1
1 190 2 1005 0 183 1
0 1022 2 562 1 103 2
1 73 2 1011 0 412 0
0 565 3 335 2 667 3
1 85 3 735 1 991 0
0 1005 2 223 0 781 1
1 649 0 711 2 300 1
0 293 1 588 1 409 1
1 482 2 429 3 930 1
0 831 3 476 0 727 3
1 137 0 822 0 547 0
0 255 1 980 1 18 1
0 47 3 778 0 209 3
1 436 2 10 2 557 3
0 706 2 492 1 492 2
0 662 0 291 0 519 2
1 630 3 355 0 418 3
0 75 1 331 2 468 0
1 926 3 767 1 682 2
1 722 3 81 0 810 2
0 967 3 933 3 711 1
1 60 2 872 2 953 3
0 273 3 106 0 394 2
1 770 0 251 2 737 2
1 450 0 473 0 229 3
0 734 0 860 2 160 3
0 889 0 967 3 617 1
0 868 1 816 3 664 1
1 662 1 763 2 338 2
1 472 1 741 0 529 0
1 435 2 848 2 167 2
0 1010 1 670 1 588 0
0 570 2 32 0 531 3
0 908 3 78 2 128 1
0 639 1 536 3 330 1
1 880 1 510 0 853 1
0 746 3 201 1 277 1
0 961 1 118 1 444 3
0 789 3 903 2 599 0
1 179 0 701 2 371 2
1 229 1 129 2 683 2
1 143 0 805 1 922 3
1 776 2 532 1 877 1
0 564 1 236 0 540 0
1 358 0 446 3 840 0
0 912 2 400 2 738 3
1 347 0 326 2 931 1
1 73 2 1011 0 412 0
0 565 3 335 2 667 3
1 85 3 735 1 991 0
0 1005 2 223 0 781 1
1 649 0 711 2 300 1
0 293 1 588 1 409 1
1 482 2 429 3 930 1
0 831 3 476 0 727 3
1 137 0 822 0 547 0
0 255 1 980 1 18 1
0 47 3 778 0 209 3
1 436 2 10 2 557 3
0 706 2 492 1 492 2
0 662 0 291 0 519 2
1 630 3 355 0 418 3
0 75 1 331 2 468 0
1 926 3 767 1 682 2
1 722 3 81 0 810 2
0 967 3 933 3 711 1
1 60 2 872 2 953 3
0 273 3 106 0 394 2
1 770 0 251 2 737 2
1 450 0 473 0 229 3
0 734 0 860 2 160 3
0 889 0 967 3 617 1
0 868 1 816 3 664 1
1 662 1 763 2 338 2
1 472 1 741 0 529 0
1 435 2 848 2 167 2
0 1010 1 670 1 588 0
0 570 2 32 0 531 3
0 908 3 78 2 128 1
0 639 1 536 3 330 1
1 880 1 510 0 853 1
0 746 3 201 1 277 1
0 961 1 118 1 444 3
0 789 3 903 2 599 0
1 179 0 701 2 371 2
1 229 1 129 2 683 2
1 143 0 805 1 922 3
1 776 2 532 1 877 1
0 564 1 236 0 540 0
1 358 0 446 3 840 0
0 912 2 400 2 738 3
1 347 0 326 2 931 1
1 73 2 1011 0 412 0
0 565 3 335 2 667 3
1 85 3 735 1 991 0
0 1005 2 223 0 781 1
1 649 0 711 2 300 1
0 293 1 588 1 409 1
1 482 2 429 3 930 1
0 831 3 476 0 727 3
1 137 0 822 0 547 0
0 255 1 980 1 18 1
0 47 3 778 0 209 3
1 436 2 10 2 557 3
0 706 2 492 1 492 2
0 662 0 291 0 519 2
1 630 3 355 0 418 3
0 75 1 331 2 468 0
1 926 3 767 1 682 2
1 722 3 81 0 810 2
0 967 3 933 3 711 1
1 60 2 872 2 953 3
0 273 3 106 0 394 2
1 770 0 251 2 737 2
1 450 0 473 0 229 3
0 734 0 860 2 160 3
0 889 0 967 3 617 1
0 868 1 816 3 664 1
1 662 1 763 2 338 2
1 472 1 741 0 529 0
1 435 2 848 2 167 2
0 1010 1 670 1 588 0
0 570 2 32 0 531 3
0 908 3 78 2 128 1
0 639 1 536 3 330 1
1 880 1 510 0 853 1
0 746 3 201 1 277 1
0 961 1 118 1 444 3
0 789 3 903 2 599 0
1 179 0 701 2 371 2
1 229 1 129 2 683 2
1 143 0 805 1 922 3
1 776 2 532 1 877 1
0 564 1 236 0 540 0
1 358 0 446 3 840 0
0 912 2 400 2 738 3
1 347 0 326 2 931 1
1 73 2 1011 0 412 0
0 565 3 335 2 667 3
1 85 3 735 1 991 0
0 1005 2 223 0 781 1
1 649 0 711 2 300 1
0 293 1 588 1 409 1
1 482 2 429 3 930 1
0 831 3 476 0 727 3
1 137 0 822 0 547 0
0 255 1 980 1 18 1
0 47 3 778 0 209 3
1 436 2 10 2 557 3
0 706 2 492 1 492 2
0 662 0 291 0 519 2
1 630 3 355 0 418 3
0 75 1 331 2 468 0
1 926 3 767 1 682 2
1 722 3 81 0 810 2
0 967 3 933 3 711 1
1 60 2 872 2 953 3
0 273 3 106 0 394 2
1 770 0 251 2 737 2
1 450 0 473 0 229 3
0 734 0 860 2 160 3
0 889 0 967 3 617 1
0 868 1 816 3 664 1
1 662 1 763 2 338 2
1 472 1 741 0 529 0
1 435 2 848 2 167 2
0 1010 1 670 1 588 0
0 570 2 32 0 531 3
0 908 3 78 2 128 1
0 639 1 536 3 330 1
1 880 1 510 0 853 1
0 746 3 201 1 277 1
0 961 1 118 1 444 3
0 789 3 903 2 599 0
1 179 0 701 2 371 2
1 229 1 129 2 683 2
1 143 0 805 1 922 3
1 776 2 532 1 877 1
0 564 1 236 0 540 0
1 358 0 446 3 840 0
0 912 2 400 2 738 3
1 347 0 326 2 931 1
0 834 3 890 2 594 0
0 178 2 847 2 831 2
0 755 3 289 3 680 1
0 861 3 265 3 405 0
0 68 0 630 2 317 3
0 1017 0 195 1 756 1
1 592 0 758 2 508 3
1 781 0 410 3 1021 2
0 212 0 261 2 263 2
1 908 3 1006 0 358 2
0 516 2 357 3 227 1
0 1020 3 788 0 546 1
0 786 0 704 3 365 3
0 959 3 929 1 739 0
0 877 2 548 3 798 0
0 855 1 251 1 894 2
1 554 0 641 0 377 2
1 758 0 835 3 732 2
1 535 3 129 0 196 1
1 188 0 689 1 111 3
0 104 2 350 0 603 0
0 113 1 1015 0 628 1
0 760 2 635 2 55 1
1 161 2 326 2 607 3
0 665 3 233 1 901 2
1 346 0 523 1 328 1
1 746 1 803 1 865 0
1 772 3 897 0 51 0
0 165 2 166 2 11 0
0 12 1 676 1 129 0
1 106 2 562 2 52 2
0 596 2 47 1 759 0
0 875 0 717 0 313 3
0 422 1 424 0 24 3
1 143 2 235 2 96 3
1 672 3 683 2 712 2
0 989 3 66 1 629 3
0 465 1 1004 0 618 1
0 845 1 51 2 86 1
0 255 1 430 0 1 2
1 860 3 978 2 599 1
1 206 2 415 0 508 1
0 747 1 1007 1 382 3
0 831 2 89 3 169 3
0 341 2 176 3 263 3
0 963 0 247 0 400 3
0 706 2 925 3 949 3
1 977 3 384 2 541 3
1 541 2 47 0 983 1
0 838 3 282 2 616 3
0 313 3 55 3 522 3
0 501 2 314 1 762 0
1 778 0 705 2 545 1
1 43 1 335 3 217 1
0 253 2 836 3 698 0
0 546 0 166 0 334 1
1 979 3 48 2 867 0
0 651 1 102 1 788 3
1 389 0 832 2 617 0
0 696 0 1023 0 255 0
0 297 2 796 1 665 3
0 789 3 101 3 561 0
1 710 0 302 1 674 2
0 233 0 739 2 635 2
1 150 2 949 0 731 1
1 665 1 628 1 382 1
1 51 1 891 2 914 3
1 485 2 736 1 417 3
0 406 2 442 1 311 3
0 979 1 779 1 6 2
1 761 2 534 2 256 3
1 69 3 64 0 240 0
1 1012 1 434 2 977 3
0 884 0 602 1 100 3
0 888 2 973 2 656 3
0 442 2 278 2 238 2
0 872 1 361 2 569 1
1 631 2 249 0 713 3
1 516 0 234 0 826 1
1 247 0 649 1 988 0
1 110 2 942 2 780 2
1 674 2 209 3 332 1
0 734 0 783 3 5 2
1 988 2 97 2 408 3
0 617 2 844 1 718 3
1 346 0 586 0 626 1
1 365 2 590 0 520 0
1 484 3 719 1 978 1
1 760 1 326 3 6 2
0 173 1 438 1 510 0
1 73 2 1011 0 412 0
0 565 3 335 2 667 3
1 85 3 735 1 991 0
0 1005 2 223 0 781 1
1 649 0 711 2 300 1
0 293 1 588 1 409 1
1 482 2 429 3 930 1
0 831 3 476 0 727 3
1 137 0 822 0 547 0
0 255 1 980 1 18 1
0 47 3 778 0 209 3
1 436 2 10 2 557 3
0 706 2 492 1 492 2
0 662 0 291 0 519 2
1 630 3 355 0 418 3
0 75 1 331 2 468 0
1 926 3 767 1 682 2
1 722 3 81 0 810 2
0 967 3 933 3 711 1
1 60 2 872 2 953 3
0 273 3 106 0 394 2
1 770 0 251 2 737 2
1 450 0 473 0 229 3
0 734 0 860 2 160 3
0 889 0 967 3 617 1
0 868 1 816 3 664 1
1 662 1 763 2 338 2
1 472 1 741 0 529 0
1 435 2 848 2 167 2
0 1010 1 670 1 588 0
0 570 2 32 0 531 3
0 908 3 78 2 128 1
0 639 1 536 3 330 1
1 880 1 510 0 853 1
0 746 3 201 1 277 1
0 961 1 118 1 444 3
0 789 3 903 2 599 0
1 179 0 701 2 371 2
1 229 1 129 2 683 2
1 143 0 805 1 922 3
1 776 2 532 1 877 1
0 564 1 236 0 540 0
1 358 0 446 3 840 0
0 912 2 400 2 738 3
1 347 0 326 2 931 1
1 706 1 909 1 931 0
0 721 0 641 3 627 0
1 664 0 599 1 156 2
1 666 2 254 1 1018 3
0 844 0 25 3 251 0
0 405 1 743 0 75 1
1 636 1 938 1 112 0
0 675 1 396 0 518 1
0 983 1 649 3 948 0
0 900 2 703 1 1018 3
0 937 2 726 1 316 0
0 406 0 632 0 737 3
1 459 3 213 2 498 2
0 953 1 743 0 288 0
1 853 2 285 2 940 2
0 920 0 758 3 53 1
1 675 2 951 2 145 0
0 710 1 868 2 456 1
1 130 3 485 3 443 2
0 114 1 255 3 679 3
0 683 3 834 0 164 2
0 672 0 686 2 19 1
1 726 2 118 1 592 2
1 544 1 63 3 31 0
1 766 1 193 3 44 3
1 713 0 830 3 33 2
0 701 0 247 1 537 2
0 408 2 319 3 85 1
1 704 1 466 1 539 0
0 191 0 858 1 581 3
0 706 3 163 3 423 3
0 471 3 212 3 925 1
1 921 1 195 0 393 3
0 165 0 800 3 361 1
0 555 0 337 1 203 0
1 306 3 967 3 1012 0
0 370 1 556 3 53 1
1 561 1 210 0 447 2
0 211 1 35 0 817 2
1 220 1 710 3 74 2
0 371 2 973 2 62 3
1 469 0 865 1 937 2
1 77 1 909 2 571 3
0 691 3 651 1 530 1
0 60 3 171 2 291 1
1 73 2 1011 0 412 0
0 565 3 335 2 667 3
1 85 3 735 1 991 0
0 1005 2 223 0 781 1
1 649 0 711 2 300 1
0 293 1 588 1 409 1
1 482 2 429 3 930 1
0 831 3 476 0 727 3
1 137 0 822 0 547 0
0 255 1 980 1 18 1
0 47 3 778 0 209 3
1 436 2 10 2 557 3
0 706 2 492 1 492 2
0 662 0 291 0 519 2
1 630 3 355 0 418 3
0 75 1 331 2 468 0
1 926 3 767 1 682 2
1 722 3 81 0 810 2
0 967 3 933 3 711 1
1 60 2 872 2 953 3
0 273 3 106 0 394 2
1 770 0 251 2 737 2
1 450 0 473 0 229 3
0 734 0 860 2 160 3
0 889 0 967 3 617 1
0 868 1 816 3 664 1
1 662 1 763 2 338 2
1 472 1 741 0 529 0
1 435 2 848 2 167 2
0 1010 1 670 1 588 0
0 570 2 32 0 531 3
0 908 3 78 2 128 1
0 639 1 536 3 330 1
1 880 1 510 0 853 1
0 746 3 201 1 277 1
0 961 1 118 1 444 3
0 789 3 903 2 599 0
1 179 0 701 2 371 2
1 229 1 129 2 683 2
1 143 0 805 1 922 3
1 776 2 532 1 877 1
0 564 1 236 0 540 0
1 358 0 446 3 840 0
0 912 2 400 2 738 3
1 347 0 326 2 931 1
1 562 1 828 3 747 1
0 566 2 138 1 32 1
1 335 2 75 2 264 2
1 867 0 614 1 1017 0
0 441 0 346 1 528 1
0 987 0 794 3 69 3
0 589 1 609 2 322 0
1 559 0 989 2 748 1
0 163 2 134 3 537 2
1 780 0 511 2 219 3
0 729 1 316 2 890 1
1 403 2 261 1 1017 2
1 788 0 234 0 621 3
0 63 3 441 1 442 2
1 634 3 134 0 923 2
1 878 0 7 2 745 0
0 907 1 479 0 254 2
1 489 3 703 3 125 1
1 34 3 150 1 393 0
0 257 0 920 2 657 2
1 398 0 500 2 696 2
1 280 2 768 3 479 1
0 374 1 24 1 54 0
0 177 3 670 1 329 1
0 147 0 316 1 46 0
1 854 2 666 1 85 1
0 91 2 507 0 738 0
1 766 2 256 1 170 0
1 817 3 477 1 648 3
0 442 0 985 3 1004 2
1 705 1 924 3 178 3
1 708 3 461 2 140 1
1 647 1 726 1 168 1
1 336 1 626 3 869 3
0 180 2 817 2 628 2
1 177 1 657 0 320 0
0 493 3 273 2 156 2
0 171 2 513 1 656 2
1 160 3 632 0 689 0
1 519 2 1012 2 266 3
0 730 3 681 2 328 3
0 712 2 961 0 486 3
0 484 1 416 0 1013 3
1 659 1 916 0 226 2
-1 401 2 745 1 517 0
