1 168 1 69 2 119 3
0 81 0 58 1 171 0
0 7 1 246 2 97 3
0 198 2 32 2 75 1
1 73 2 117 0 14 3
1 73 2 15 3 9 0
1 129 1 129 1 162 1
1 242 1 86 1 253 1
0 38 1 243 0 213 1
1 229 0 212 3 141 3
1 201 3 38 0 128 2
1 18 0 185 1 253 2
1 168 3 67 2 89 3
1 202 0 185 0 94 2
0 163 2 174 2 216 3
1 255 2 90 2 64 2
0 58 1 16 1 128 1
0 78 2 45 1 182 3
1 151 2 178 3 253 3
0 28 2 12 3 135 3
1 217 3 24 0 213 1
1 118 2 182 0 163 2
0 25 1 45 2 163 2
1 110 0 93 3 58 2
0 221 3 88 3 17 0
1 47 0 10 0 255 2
0 248 3 73 0 12 0
0 250 2 214 2 132 0
1 7 3 115 1 234 3
1 204 3 114 1 174 0
0 9 2 99 2 118 0
0 95 2 116 1 176 2
0 203 0 105 0 31 3
1 192 1 96 1 23 2
1 20 1 96 0 195 1
1 180 1 103 1 195 3
0 222 3 117 2 196 2
0 157 2 79 1 229 3
1 255 1 52 2 107 3
0 164 3 9 1 91 3
0 3 3 71 3 203 3
1 77 2 219 1 255 2
1 57 0 175 2 159 2
1 200 1 34 2 199 3
0 19 0 99 2 212 0
0 144 3 33 1 197 1
1 106 1 139 0 191 0
0 68 3 90 2 103 0
0 76 0 217 0 54 1
1 183 3 89 0 140 3
0 89 0 180 3 255 0
0 165 3 255 0 70 1
1 219 0 39 2 78 3
0 159 3 177 1 93 1
0 29 3 215 0 84 3
1 250 1 248 3 246 1
1 172 0 107 2 7 1
0 240 1 109 3 234 1
1 136 1 45 3 165 1
0 49 0 10 0 172 0
1 113 2 205 1 170 3
0 150 3 61 1 209 0
1 208 2 137 3 48 3
0 181 0 74 0 156 0
0 240 0 44 3 232 1
0 128 0 222 0 21 2
1 128 3 161 3 58 3
1 69 2 226 2 151 3
1 146 0 8 2 38 2
0 153 2 244 0 218 3
1 159 3 153 3 251 0
1 23 1 9 2 227 2
0 42 1 176 0 8 2
0 5 0 39 0 96 0
0 30 1 214 1 200 0
0 46 2 61 2 90 1
0 2 3 173 3 64 0
1 157 1 125 1 67 2
0 136 0 1 0 131 3
1 248 1 195 2 198 1
0 44 3 110 3 153 3
1 172 2 247 0 241 2
1 229 0 89 3 64 1
1 44 1 98 2 124 2
0 7 0 52 3 63 3
0 235 0 111 0 107 1
0 239 3 62 2 57 2
1 227 2 91 2 56 2
0 16 1 65 3 80 3
0 187 1 177 3 64 2
1 120 0 252 2 244 1
0 245 1 172 1 57 0
1 235 3 60 1 169 2
1 163 1 216 3 200 1
1 27 2 212 3 179 3
0 150 1 133 2 157 2
1 178 1 232 1 234 2
1 10 0 235 0 157 1
1 35 0 81 3 28 1
1 49 0 11 0 254 1
0 125 2 6 2 203 0
1 53 2 184 0 96 2
0 184 3 201 0 42 0
0 132 3 77 3 77 3
1 50 3 136 2 164 1
1 131 1 241 3 170 0
1 81 0 50 2 84 3
1 253 2 132 3 239 2
1 142 1 247 1 54 3
0 231 2 133 3 79 3
0 86 3 39 2 252 2
1 84 2 143 0 22 1
1 116 0 39 2 191 0
0 167 1 65 3 219 3
0 20 0 58 1 26 2
0 106 1 173 2 98 0
1 118 1 25 3 63 0
0 84 2 167 3 70 3
0 231 1 125 1 41 0
0 97 3 125 3 185 0
1 162 1 48 1 4 1
1 10 2 14 3 251 2
1 162 0 75 0 82 2
0 253 2 52 2 99 1
1 143 3 153 2 124 0
0 233 2 251 1 9 1
0 66 2 92 2 215 3
0 58 0 30 2 106 3
0 167 0 244 2 60 1
0 211 2 191 3 167 3
0 212 0 9 1 195 3
1 46 3 88 0 48 1
1 182 0 71 0 76 2
0 104 3 82 1 238 1
1 164 1 220 2 208 2
1 34 1 204 0 82 0
1 179 3 37 3 182 0
0 64 2 111 2 211 0
1 168 3 91 3 153 1
0 236 0 109 3 189 0
0 207 1 27 0 78 2
1 103 1 241 1 99 0
1 44 2 22 2 1 2
0 143 1 180 0 14 1
1 188 2 92 1 195 3
0 30 3 110 3 67 3
0 191 2 239 0 227 2
0 21 1 90 3 47 0
1 64 2 173 1 230 2
1 208 1 17 0 102 3
1 93 1 170 0 252 1
1 172 0 87 3 48 2
0 249 0 146 2 59 0
1 83 1 188 3 17 0
0 221 1 181 1 21 2
1 1 1 28 3 99 1
1 114 1 186 0 190 1
1 97 1 95 1 13 1
1 158 2 56 2 117 1
0 217 1 13 1 187 2
1 103 3 168 0 247 2
1 86 1 147 3 43 3
1 109 2 96 0 134 0
1 246 2 66 1 102 3
0 86 3 164 1 65 2
0 43 1 123 3 254 2
1 186 0 233 0 198 0
1 41 3 127 3 169 2
0 71 3 225 1 86 0
1 179 2 220 0 212 1
0 253 3 235 3 241 0
0 179 2 113 2 252 1
1 220 3 240 3 31 0
0 21 2 122 2 245 1
1 98 1 230 1 108 3
1 225 2 42 3 103 3
0 156 2 101 3 187 1
1 138 2 182 2 32 2
0 188 3 16 1 245 3
1 231 2 224 3 28 2
1 38 3 154 2 143 1
0 246 3 153 0 234 0
1 175 3 38 1 79 1
0 28 3 183 3 121 2
0 143 2 159 3 117 2
0 160 2 23 3 187 2
0 238 1 9 1 142 0
0 156 1 220 3 156 1
1 81 3 220 1 133 3
1 4 3 159 0 193 2
1 28 0 109 0 255 0
0 167 1 35 1 252 0
1 118 3 27 3 52 2
1 242 0 105 0 215 1
0 186 1 51 3 216 0
0 130 1 205 2 187 1
0 193 3 150 1 245 1
1 186 1 49 1 107 2
0 165 3 126 3 205 3
1 205 3 105 1 199 2
0 202 3 245 2 17 0
1 251 1 94 3 13 3
1 83 1 218 0 19 1
1 246 3 163 0 19 0
0 84 1 139 3 196 1
1 170 0 116 3 56 1
0 81 3 142 2 149 0
0 222 2 81 3 247 2
0 241 0 205 3 153 3
0 97 1 188 1 95 3
1 250 3 62 1 117 1
0 201 3 187 1 228 2
0 218 2 19 0 7 3
0 234 3 49 0 59 3
1 121 2 197 0 199 1
0 139 1 43 0 76 1
1 8 3 147 1 76 3
0 12 1 174 2 84 3
1 1 3 81 0 137 3
0 241 1 181 0 209 0
0 151 3 154 3 138 3
0 149 2 87 2 207 3
0 75 2 191 1 229 2
0 110 1 73 2 173 2
1 93 1 13 1 32 2
0 123 0 199 3 206 2
1 89 3 102 1 67 0
0 169 2 221 3 138 1
1 253 1 225 1 85 2
0 174 3 190 0 11 3
0 15 0 244 2 123 2
0 1 2 208 2 151 3
0 185 3 218 3 112 2
1 175 2 120 3 5 2
0 3 3 187 1 76 0
1 133 2 129 2 99 3
0 172 0 74 2 73 1
0 140 1 92 1 50 2
0 10 2 158 2 33 2
0 197 0 240 0 189 1
0 64 3 65 0 215 0
0 116 1 243 1 65 0
1 119 3 233 2 6 1
0 82 1 9 2 226 0
0 209 1 94 1 10 1
1 131 2 19 1 157 0
1 86 2 109 3 165 2
0 38 0 119 2 178 1
1 10 3 8 1 229 3
1 206 0 77 3 66 2
1 233 2 215 3 127 1
1 81 3 174 2 20 0
0 131 1 235 1 215 0
1 170 3 154 2 192 1
0 99 3 81 2 108 3
0 229 3 51 3 167 3
0 152 1 182 3 95 3
0 66 2 65 3 141 3
1 229 3 93 0 85 2
1 35 1 47 2 171 3
1 139 2 19 3 225 3
1 89 1 12 0 143 2
0 182 3 237 2 48 0
0 230 0 52 2 46 1
1 222 1 232 3 194 3
1 92 1 171 3 233 2
0 199 3 199 3 61 2
0 80 1 79 3 123 2
1 235 1 205 2 202 3
0 171 3 104 3 6 0
0 102 0 24 3 128 3
1 181 0 78 1 191 2
1 197 1 205 0 188 2
0 41 1 13 3 228 2
1 65 2 87 2 127 2
0 197 0 83 1 254 3
0 83 3 97 1 46 2
0 2 1 19 3 163 0
1 159 2 92 2 61 3
1 253 2 154 1 54 0
0 170 3 169 3 175 1
0 188 3 12 1 78 2
0 219 1 193 2 119 0
0 79 2 135 2 209 3
0 171 2 238 1 25 0
0 129 1 83 0 233 3
1 33 1 120 1 29 3
1 16 2 243 2 81 3
1 222 0 85 1 50 1
0 171 0 242 2 187 1
0 108 3 174 0 19 2
1 35 2 184 2 55 1
0 143 0 229 1 138 1
1 145 2 211 2 221 1
1 192 1 224 2 42 3
1 100 0 122 1 52 2
0 39 1 188 2 146 3
0 145 2 44 3 3 2
1 164 2 60 1 90 1
1 88 0 185 2 147 2
1 204 0 141 0 249 0
0 94 3 36 0 138 0
0 227 0 58 1 65 3
1 19 3 20 0 230 3
0 60 0 93 2 75 3
1 140 0 202 1 195 2
0 132 1 122 3 225 3
0 105 1 224 0 240 1
1 230 2 127 0 204 3
1 90 3 57 3 127 1
1 7 1 224 1 150 2
1 88 0 233 3 211 0
0 74 2 206 1 146 2
0 191 0 4 2 220 2
0 226 2 238 0 85 3
0 181 0 136 0 123 2
0 147 1 42 0 226 0
1 183 0 232 2 78 3
1 60 1 99 2 44 1
0 23 3 230 3 75 3
1 115 1 53 1 205 2
0 207 3 178 0 241 1
1 232 0 18 0 247 0
1 1 1 143 2 6 1
1 63 1 78 0 11 0
0 239 2 109 1 14 1
0 164 3 4 2 95 3
1 84 0 58 0 255 1
0 76 1 207 1 23 0
1 103 1 209 1 235 0
0 148 0 208 2 25 2
1 243 3 215 0 133 2
0 137 1 131 1 139 0
0 61 0 233 0 215 3
0 249 2 58 2 92 2
1 184 1 218 0 137 0
1 93 0 107 1 190 1
0 182 0 3 1 118 0
0 55 1 12 2 164 3
1 151 0 199 3 146 1
0 194 0 178 1 157 2
1 35 0 221 0 74 1
0 6 0 50 0 166 1
0 17 0 255 0 227 3
0 163 0 237 3 198 0
0 238 0 13 1 131 2
1 247 2 25 1 147 2
0 220 2 202 0 235 2
1 115 2 152 1 236 2
1 228 1 177 3 9 2
1 43 2 72 1 145 1
1 209 0 164 1 237 2
0 15 2 206 2 102 0
0 197 2 89 0 198 2
1 79 1 64 2 119 3
1 21 2 204 3 240 0
0 214 2 72 0 25 0
1 10 2 49 3 57 1
1 220 1 145 3 200 3
0 140 0 11 2 233 1
1 6 3 152 3 137 1
0 246 3 115 3 56 2
0 141 0 62 2 243 0
0 123 2 194 1 40 0
0 89 0 167 1 58 3
0 224 2 13 1 5 0
1 32 1 83 1 201 3
0 124 2 55 2 0 0
1 224 1 109 3 76 2
0 191 0 142 0 148 2
0 81 2 196 1 63 0
1 167 1 33 3 187 1
0 32 3 240 2 87 1
0 246 0 87 0 28 3
0 20 2 136 0 102 0
1 255 0 114 0 189 3
1 108 1 127 0 132 2
0 98 1 255 1 220 1
1 18 0 247 2 167 0
1 27 3 100 2 247 3
0 130 1 48 1 238 0
0 162 3 7 1 47 3
1 103 1 97 2 68 1
0 21 3 198 0 143 2
1 104 1 151 1 55 1
0 166 1 191 0 211 0
0 155 3 240 1 12 0
0 184 0 137 3 205 2
0 137 0 201 0 110 1
0 123 1 120 2 118 1
0 222 2 191 3 93 3
0 229 2 134 3 73 3
0 12 1 145 1 32 2
1 85 3 235 2 131 0
1 136 3 59 0 96 1
1 70 1 146 3 83 2
0 116 1 241 3 189 1
0 222 2 233 2 43 3
1 208 1 186 2 128 2
0 55 1 196 1 163 1
0 126 3 220 1 46 1
0 190 0 69 2 182 2
1 203 3 90 1 43 3
1 242 3 6 3 66 3
0 55 1 50 3 180 2
1 107 0 255 1 12 0
1 169 0 29 3 206 0
1 250 1 218 0 185 1
1 93 1 252 1 4 0
0 50 2 178 1 127 2
0 43 1 66 1 11 2
1 201 1 111 3 120 0
1 248 3 233 3 160 1
1 134 2 64 2 219 2
0 104 1 229 1 60 3
0 189 1 228 0 137 1
1 56 0 10 2 120 0
1 137 0 188 2 176 0
1 194 1 218 1 45 2
0 64 0 219 0 117 3
1 146 1 202 1 193 3
1 217 0 152 3 223 2
1 35 2 199 3 22 1
0 55 0 66 3 119 3
0 22 2 48 3 21 3
1 157 1 16 1 99 0
1 124 0 129 2 215 1
1 174 3 94 0 224 1
0 19 1 88 0 205 2
0 207 3 214 2 98 0
0 128 0 169 1 120 1
1 194 0 25 1 202 1
1 238 3 48 1 155 1
1 203 1 255 3 116 3
1 157 0 135 3 225 3
0 206 3 141 3 1 0
1 63 0 112 1 107 3
0 25 3 45 0 50 2
1 60 1 38 2 213 1
1 218 3 208 3 47 1
1 46 1 220 1 124 2
1 119 0 254 2 3 0
0 58 1 177 0 53 3
1 64 2 2 2 70 3
1 13 2 189 0 186 0
0 43 3 181 3 35 0
1 166 3 13 2 115 3
1 160 1 149 2 51 0
0 55 1 157 0 95 0
0 135 0 40 3 244 0
0 189 0 183 2 84 2
0 7 2 221 2 193 2
0 39 3 66 3 202 2
0 189 2 234 2 138 3
0 35 3 224 3 234 3
0 91 0 216 3 203 1
0 220 2 238 0 159 0
0 229 2 185 2 113 0
0 99 0 199 3 210 1
0 10 1 63 3 166 1
0 109 2 214 3 32 2
0 76 1 42 2 193 0
0 169 3 87 2 171 1
1 243 1 205 2 206 1
1 233 3 224 3 203 0
0 255 2 147 2 101 2
1 191 3 2 1 214 0
0 149 1 206 0 207 0
1 113 2 161 0 53 2
1 152 2 57 1 167 0
0 70 2 221 1 117 2
1 119 1 236 2 119 2
1 152 3 150 1 38 0
0 73 1 187 0 0 0
0 54 3 252 1 158 0
0 215 3 54 3 58 2
0 250 3 162 0 245 3
1 38 1 191 0 31 0
1 153 3 15 1 223 2
1 150 1 114 1 229 3
1 27 3 201 3 38 3
1 183 0 219 3 56 3
1 131 3 62 0 247 0
1 99 2 165 0 135 0
1 131 1 43 0 66 2
1 190 3 198 3 143 0
1 85 2 66 0 211 1
0 39 0 224 2 157 0
1 23 0 67 1 247 1
0 70 1 192 3 68 3
0 51 2 198 3 199 1
1 178 3 76 1 125 2
0 186 1 97 1 112 2
0 237 1 63 2 97 2
1 195 1 253 1 15 1
0 164 1 120 1 5 1
1 37 0 102 2 247 1
1 114 3 219 1 33 2
1 41 1 131 1 133 0
0 157 1 227 0 132 2
0 4 1 191 3 201 2
1 130 3 124 3 131 3
0 63 2 121 1 164 3
1 169 1 197 0 233 2
0 82 0 164 1 57 2
0 191 0 194 3 16 0
1 25 0 220 2 189 0
0 230 0 35 3 42 2
1 246 3 145 2 9 1
1 18 0 180 1 232 2
1 184 0 38 2 121 0
0 119 3 19 1 247 1
0 158 2 6 0 4 0
0 51 1 173 2 19 2
0 14 3 40 3 143 3
1 174 0 75 2 161 1
1 219 2 123 3 224 0
1 117 3 132 1 7 2
0 51 2 38 0 199 0
1 117 0 241 1 69 2
0 127 2 167 1 84 2
0 215 2 252 2 117 2
0 230 3 52 3 47 0
1 254 1 158 1 61 3
1 51 3 242 1 117 0
0 73 2 107 2 89 3
0 70 0 209 2 157 2
0 171 0 180 1 200 0
0 92 3 56 3 86 0
0 59 0 174 2 65 3
1 210 1 195 2 101 1
1 64 2 225 2 248 0
1 48 0 192 3 223 3
0 109 0 76 0 221 1
1 159 3 50 0 91 2
0 72 1 244 1 221 3
0 20 1 124 0 237 0
0 242 1 233 2 200 0
1 217 3 7 1 12 0
1 197 1 224 1 240 3
0 57 0 130 2 172 2
0 133 1 238 2 150 3
1 124 3 135 1 57 0
1 27 1 14 3 194 0
0 119 2 203 3 50 3
1 16 1 119 3 30 3
1 84 0 43 3 148 0
1 63 3 232 0 229 1
1 105 0 43 2 93 2
1 122 3 125 2 9 0
0 51 0 195 1 191 3
0 28 2 163 3 27 1
0 202 3 146 1 238 3
0 177 1 68 1 156 0
0 114 2 204 1 130 3
0 70 3 76 3 190 1
1 15 2 129 0 229 1
0 249 0 8 1 194 1
1 170 0 13 2 76 3
1 226 1 22 3 111 0
1 70 2 207 2 32 1
0 115 2 228 2 93 1
1 179 0 121 3 237 3
1 213 2 227 3 3 0
0 46 2 157 3 48 1
0 241 1 2 2 206 0
0 222 2 65 0 146 0
1 44 2 16 1 171 2
0 151 0 151 2 123 3
1 249 1 9 3 195 2
1 111 1 56 0 1 0
0 204 2 134 1 98 1
0 252 0 109 2 152 2
1 23 3 196 2 64 2
0 94 3 108 3 22 2
0 90 1 254 2 156 2
1 95 3 146 3 231 0
1 104 2 15 0 241 1
0 78 1 2 1 126 2
0 109 1 148 2 45 0
1 100 2 51 2 111 2
0 100 2 7 0 175 2
1 206 3 81 1 179 3
1 243 0 143 0 119 2
1 178 3 123 0 253 1
0 236 3 114 0 80 1
0 207 0 67 2 56 1
0 226 0 111 3 216 1
1 134 0 6 2 122 2
0 148 0 109 0 180 2
1 102 2 233 3 22 2
1 32 2 57 1 83 3
1 153 3 163 2 141 0
0 50 0 84 0 12 1
0 196 1 93 2 150 3
1 179 3 255 1 125 3
0 53 1 78 0 114 0
0 167 0 247 2 110 0
1 115 1 221 3 65 0
1 45 0 178 1 171 3
1 146 3 109 1 26 1
0 237 3 251 0 151 0
1 210 1 36 2 21 3
0 83 2 44 0 90 0
0 118 2 74 3 132 1
0 97 2 141 3 255 3
0 211 1 12 2 10 0
0 13 3 121 3 223 0
0 12 1 209 1 91 3
1 83 0 79 3 35 1
1 244 3 98 3 197 2
0 146 0 102 1 80 1
0 5 0 139 2 208 2
0 204 0 124 0 14 1
0 124 1 9 2 154 0
0 212 0 77 0 177 1
0 238 2 219 3 186 2
1 159 3 93 1 42 2
0 247 1 83 2 200 3
0 42 2 31 2 99 1
1 209 0 120 2 236 1
1 179 1 241 0 70 2
1 244 2 156 2 241 3
0 60 1 178 1 202 2
1 15 0 43 3 214 1
1 143 3 216 2 231 2
0 253 2 40 2 216 1
0 52 2 77 3 62 1
0 125 0 202 2 96 0
0 38 3 129 0 211 3
1 38 3 154 2 143 1
0 246 3 153 0 234 0
1 175 3 38 1 79 1
0 28 3 183 3 121 2
0 143 2 159 3 117 2
0 160 2 23 3 187 2
0 238 1 9 1 142 0
0 156 1 220 3 156 1
1 81 3 220 1 133 3
1 4 3 159 0 193 2
1 28 0 109 0 255 0
0 167 1 35 1 252 0
1 118 3 27 3 52 2
1 242 0 105 0 215 1
0 186 1 51 3 216 0
0 130 1 205 2 187 1
0 193 3 150 1 245 1
1 186 1 49 1 107 2
0 165 3 126 3 205 3
1 205 3 105 1 199 2
0 202 3 245 2 17 0
1 251 1 94 3 13 3
1 83 1 218 0 19 1
1 246 3 163 0 19 0
0 84 1 139 3 196 1
1 170 0 116 3 56 1
0 81 3 142 2 149 0
0 222 2 81 3 247 2
0 241 0 205 3 153 3
0 97 1 188 1 95 3
1 250 3 62 1 117 1
0 201 3 187 1 228 2
0 218 2 19 0 7 3
0 234 3 49 0 59 3
1 121 2 197 0 199 1
0 139 1 43 0 76 1
1 8 3 147 1 76 3
0 12 1 174 2 84 3
1 1 3 81 0 137 3
0 241 1 181 0 209 0
0 151 3 154 3 138 3
0 149 2 87 2 207 3
0 75 2 191 1 229 2
0 110 1 73 2 173 2
1 93 1 13 1 32 2
0 215 0 62 3 95 0
1 35 3 114 0 53 2
1 189 1 117 2 3 3
0 229 3 149 2 220 1
1 252 0 133 3 192 2
0 178 2 235 1 175 3
0 223 1 16 0 41 3
1 251 3 163 3 234 2
1 86 0 159 3 11 0
0 10 1 24 0 225 2
0 57 0 1 0 198 0
1 232 1 13 1 76 1
0 62 1 5 2 224 3
1 5 1 119 1 37 2
0 131 2 43 2 56 0
1 73 2 50 2 64 3
1 180 2 34 3 110 1
0 150 0 116 0 34 1
0 54 1 42 1 92 3
0 227 2 221 2 193 1
0 224 0 179 2 172 1
1 118 3 115 3 55 1
0 39 1 208 0 241 0
0 237 3 238 3 144 3
1 202 3 94 0 214 3
1 16 3 28 3 46 0
1 96 3 225 2 50 0
1 162 2 71 2 134 1
0 86 3 144 3 43 0
0 175 3 230 1 31 2
1 62 3 11 0 175 1
0 7 2 250 0 24 3
1 130 2 156 3 230 0
1 231 2 231 3 162 2
1 209 1 41 0 108 2
0 250 2 177 1 43 2
1 227 1 18 3 122 0
1 65 2 218 0 56 3
1 112 3 184 3 61 0
1 124 1 93 2 26 0
1 94 1 94 3 18 2
1 42 1 114 3 252 0
0 155 0 154 1 97 0
1 64 3 35 2 6 3
0 35 0 162 3 72 2
0 30 3 222 0 134 1
0 22 0 10 0 93 2
0 116 3 131 1 93 3
1 240 3 212 3 37 3
1 17 1 157 3 32 0
0 67 2 224 3 27 1
1 207 3 202 1 174 1
0 132 2 27 0 90 2
0 30 0 132 3 45 3
1 192 1 7 1 67 2
1 219 3 187 1 171 3
1 97 2 103 3 189 2
1 115 0 13 1 214 3
0 66 3 59 3 218 1
0 132 1 122 2 127 0
0 198 1 80 1 7 0
1 124 1 226 0 246 1
0 177 2 7 2 25 3
1 226 3 185 1 83 0
0 236 0 48 3 204 1
1 79 2 169 0 72 0
1 133 1 255 0 143 0
0 68 3 37 1 28 1
1 129 1 132 2 187 2
1 88 2 18 2 207 0
1 96 3 58 0 122 0
0 125 0 19 2 167 0
0 98 0 128 0 23 3
1 70 1 32 3 134 1
1 236 2 19 0 99 1
1 114 2 103 1 230 3
1 157 3 241 0 117 2
0 53 0 180 0 74 3
0 246 2 33 2 249 2
1 228 3 198 2 125 2
0 166 0 88 0 184 1
1 29 2 95 1 4 0
1 204 2 117 1 48 2
0 124 2 253 0 136 3
0 217 2 68 2 75 2
1 122 0 105 0 27 1
1 213 3 18 1 154 2
0 21 3 176 0 175 2
1 48 2 240 1 158 3
1 61 3 29 1 25 2
0 111 0 178 1 4 1
0 77 0 71 0 109 1
1 70 0 29 0 227 2
0 243 2 88 3 156 0
1 13 1 183 1 85 2
1 78 0 21 0 157 0
1 141 2 50 2 10 3
0 52 0 82 1 128 1
0 145 0 112 1 164 3
0 218 2 203 1 70 1
1 203 0 146 0 250 3
0 79 2 171 2 75 2
1 231 1 142 0 152 3
0 149 0 29 2 168 3
0 219 0 61 0 17 2
0 52 3 185 1 217 3
1 227 0 230 0 4 0
0 151 0 179 0 135 3
0 162 3 171 3 223 0
0 162 2 16 0 73 3
1 92 0 104 0 195 3
0 50 2 83 2 182 2
1 79 0 229 1 31 0
0 146 1 83 3 39 2
0 138 1 96 2 210 0
1 1 3 76 0 232 1
0 216 1 229 2 247 3
0 226 1 59 0 219 1
1 157 3 236 0 172 2
0 50 2 37 2 179 2
1 177 0 47 1 112 3
1 70 2 229 2 81 0
1 158 2 190 1 234 2
1 20 0 135 0 230 0
1 206 3 177 0 56 2
0 108 0 97 3 234 1
1 139 1 19 1 27 3
1 228 1 104 1 13 1
0 220 3 216 2 151 1
1 111 1 119 2 163 3
0 173 2 244 1 225 1
0 212 0 122 2 65 3
1 188 1 244 1 176 0
1 127 1 188 0 132 0
1 61 1 172 3 78 2
0 93 2 211 1 53 0
1 65 1 206 2 250 0
0 206 0 214 0 76 0
1 56 3 137 1 125 1
0 199 3 222 1 126 1
0 43 0 135 2 254 0
1 189 2 11 1 91 3
0 127 2 215 3 116 1
0 246 1 129 3 35 2
0 99 0 179 2 82 0
1 72 0 17 0 223 2
0 51 0 26 3 57 2
1 119 3 144 0 101 2
0 120 2 182 2 213 2
1 175 1 17 3 67 1
0 80 1 140 0 51 1
1 203 1 114 1 208 1
0 90 3 95 2 45 1
1 102 3 253 1 213 2
0 136 1 215 3 196 1
1 242 0 18 0 131 3
0 86 3 195 1 126 0
0 63 0 20 2 182 1
0 97 0 19 1 36 0
1 59 0 9 0 188 3
0 83 3 92 2 109 0
0 215 0 179 1 8 2
0 146 3 2 0 128 0
1 76 0 10 0 167 1
0 75 1 98 1 85 0
1 62 1 94 0 82 0
0 155 3 139 0 84 3
0 109 1 141 0 103 3
1 12 0 106 1 200 1
1 234 3 14 0 55 1
1 164 0 117 0 5 1
1 25 2 192 1 102 1
0 48 1 61 3 73 1
1 222 0 189 2 88 1
0 152 1 102 3 195 0
1 199 0 170 1 218 2
0 90 3 250 3 72 0
0 23 0 48 0 134 3
1 129 1 27 3 158 3
0 245 1 161 2 152 2
1 179 2 112 1 95 1
0 55 2 4 3 45 1
1 38 1 233 0 230 3
1 119 2 239 3 30 3
1 165 0 181 2 203 2
0 117 3 252 1 253 0
0 228 1 116 2 200 3
0 255 1 193 2 219 0
0 214 0 11 3 45 3
1 197 2 138 2 218 0
1 201 3 175 2 39 2
1 236 3 80 1 193 0
0 104 3 245 2 130 3
0 67 0 155 0 6 0
1 247 3 20 3 184 3
0 87 2 83 3 13 2
0 111 3 149 0 97 0
0 230 0 168 3 141 0
1 56 3 36 0 98 0
0 92 2 163 3 86 0
1 179 1 73 3 116 0
1 98 2 250 2 242 2
1 222 1 34 1 213 2
0 166 2 48 0 213 1
1 168 2 133 1 58 0
0 93 0 61 3 24 3
0 221 3 12 3 104 0
0 62 1 37 2 244 3
1 171 2 243 0 251 0
0 215 1 73 0 115 3
0 44 2 219 3 56 1
0 148 1 88 0 25 2
1 127 1 202 2 11 0
1 212 2 44 2 111 3
0 88 3 252 2 126 0
0 207 0 245 0 180 2
0 8 3 107 0 67 2
1 75 2 123 2 33 1
1 106 2 15 2 48 2
1 82 1 106 0 135 3
1 70 0 66 3 189 3
1 84 2 218 2 45 1
0 251 3 222 3 220 2
0 143 1 149 0 53 2
0 148 3 220 3 208 3
1 38 3 154 2 143 1
0 246 3 153 0 234 0
1 175 3 38 1 79 1
0 28 3 183 3 121 2
0 143 2 159 3 117 2
0 160 2 23 3 187 2
0 238 1 9 1 142 0
0 156 1 220 3 156 1
1 81 3 220 1 133 3
1 4 3 159 0 193 2
1 28 0 109 0 255 0
0 167 1 35 1 252 0
1 118 3 27 3 52 2
1 242 0 105 0 215 1
0 186 1 51 3 216 0
0 130 1 205 2 187 1
0 193 3 150 1 245 1
1 186 1 49 1 107 2
0 165 3 126 3 205 3
1 205 3 105 1 199 2
0 202 3 245 2 17 0
1 251 1 94 3 13 3
1 83 1 218 0 19 1
1 246 3 163 0 19 0
0 84 1 139 3 196 1
1 170 0 116 3 56 1
0 81 3 142 2 149 0
0 222 2 81 3 247 2
0 241 0 205 3 153 3
0 97 1 188 1 95 3
1 250 3 62 1 117 1
0 201 3 187 1 228 2
0 218 2 19 0 7 3
0 234 3 49 0 59 3
1 121 2 197 0 199 1
0 139 1 43 0 76 1
1 8 3 147 1 76 3
0 12 1 174 2 84 3
1 1 3 81 0 137 3
0 241 1 181 0 209 0
0 151 3 154 3 138 3
0 149 2 87 2 207 3
0 75 2 191 1 229 2
0 110 1 73 2 173 2
1 93 1 13 1 32 2
1 38 3 154 2 143 1
0 246 3 153 0 234 0
1 175 3 38 1 79 1
0 28 3 183 3 121 2
0 143 2 159 3 117 2
0 160 2 23 3 187 2
0 238 1 9 1 142 0
0 156 1 220 3 156 1
1 81 3 220 1 133 3
1 4 3 159 0 193 2
1 28 0 109 0 255 0
0 167 1 35 1 252 0
1 118 3 27 3 52 2
1 242 0 105 0 215 1
0 186 1 51 3 216 0
0 130 1 205 2 187 1
0 193 3 150 1 245 1
1 186 1 49 1 107 2
0 165 3 126 3 205 3
1 205 3 105 1 199 2
0 202 3 245 2 17 0
1 251 1 94 3 13 3
1 83 1 218 0 19 1
1 246 3 163 0 19 0
0 84 1 139 3 196 1
1 170 0 116 3 56 1
0 81 3 142 2 149 0
0 222 2 81 3 247 2
0 241 0 205 3 153 3
0 97 1 188 1 95 3
1 250 3 62 1 117 1
0 201 3 187 1 228 2
0 218 2 19 0 7 3
0 234 3 49 0 59 3
1 121 2 197 0 199 1
0 139 1 43 0 76 1
1 8 3 147 1 76 3
0 12 1 174 2 84 3
1 1 3 81 0 137 3
0 241 1 181 0 209 0
0 151 3 154 3 138 3
0 149 2 87 2 207 3
0 75 2 191 1 229 2
0 110 1 73 2 173 2
-1 93 1 13 1 32 2
