0 440 0 200 3 144 0
1 412 1 380 2 41 2
1 131 0 454 0 441 1
1 190 2 441 1 86 0
1 322 1 6 3 257 2
0 112 1 187 0 143 3
1 45 1 10 0 117 1
1 14 2 2 3 8 3
1 71 1 172 2 338 2
0 280 1 506 1 211 1
1 363 2 138 1 492 1
0 506 0 0 0 294 1
1 330 1 462 0 150 1
1 39 0 67 2 306 0
0 358 1 286 3 285 3
1 120 3 54 0 34 0
0 362 0 466 3 439 1
1 273 2 132 3 221 1
0 132 2 199 0 360 1
0 59 2 469 1 415 1
1 375 2 105 2 344 0
1 500 3 440 2 389 0
0 166 0 456 2 394 0
1 34 1 396 1 415 2
0 80 2 463 1 240 0
1 425 1 338 1 295 0
0 163 1 258 0 473 3
1 224 1 147 3 238 3
0 127 1 325 3 292 0
1 11 3 495 2 26 1
0 255 1 149 3 450 0
1 236 0 499 0 206 1
1 280 0 203 2 358 3
0 135 2 59 3 342 1
0 497 0 436 0 128 2
0 171 3 23 0 228 3
1 462 1 34 1 204 0
1 229 0 36 2 263 1
0 149 2 457 3 285 0
1 220 1 152 0 354 0
0 87 0 258 0 50 1
0 85 3 62 1 338 3
0 365 2 202 1 430 2
1 325 2 69 1 375 1
0 258 1 152 0 403 0
0 189 1 375 2 358 2
0 31 2 218 2 459 1
0 412 0 370 0 500 0
1 151 3 67 2 165 2
0 66 1 252 2 199 1
1 105 1 292 1 78 0
0 184 0 131 3 63 1
0 366 0 399 1 179 1
0 277 3 107 3 215 3
0 104 1 500 1 77 2
1 505 3 185 2 381 3
1 467 3 370 1 448 1
0 383 3 58 3 166 2
0 11 0 24 0 346 1
0 245 2 315 2 508 2
0 410 1 198 3 217 2
0 48 3 103 3 251 3
0 466 1 374 1 250 0
1 357 0 104 1 223 0
1 254 0 7 2 442 1
1 196 0 353 3 163 1
0 204 0 237 1 355 0
1 334 3 348 0 13 1
0 191 1 78 0 421 3
0 151 3 311 3 249 0
1 463 2 369 2 377 3
1 372 1 449 1 91 3
0 380 1 398 1 383 1
0 459 0 256 2 182 0
0 506 1 98 0 11 2
1 507 0 472 0 504 2
0 77 3 15 3 301 2
1 150 2 138 2 251 2
0 104 0 302 0 75 1
1 352 3 199 0 282 0
0 165 3 296 2 46 2
0 209 0 70 0 156 3
0 311 1 39 3 396 0
1 408 0 292 1 231 3
0 359 1 320 1 377 0
0 447 3 372 1 431 0
1 441 3 166 3 64 0
0 390 2 451 1 166 3
1 327 3 263 2 153 2
1 26 0 139 1 342 0
1 505 1 97 0 50 2
0 163 3 189 3 295 2
0 100 0 497 2 6 2
0 100 0 491 3 457 3
0 369 3 9 1 511 2
1 232 2 193 3 112 2
1 291 2 500 0 198 0
1 364 2 198 1 167 2
0 266 1 296 3 474 0
1 256 0 159 3 425 2
1 77 2 131 3 325 3
1 287 1 76 1 382 0
0 84 2 314 1 385 3
0 172 2 274 1 330 0
0 109 2 202 2 370 1
1 401 3 278 0 152 0
1 8 3 11 2 379 2
1 374 2 206 2 387 3
0 100 3 299 0 27 3
0 75 1 213 1 8 0
1 443 3 336 0 405 0
1 410 2 203 2 236 3
1 334 0 506 0 394 3
1 471 3 60 1 245 2
1 228 1 392 3 156 2
0 305 1 208 0 366 0
0 409 3 373 2 353 3
0 394 2 299 1 294 0
1 273 3 21 1 347 3
0 416 2 66 0 369 0
0 355 2 263 1 435 3
0 402 3 285 1 207 1
1 357 1 151 2 216 2
1 320 0 303 3 327 3
0 21 0 445 3 355 2
1 320 3 467 3 155 1
0 341 3 393 3 459 3
0 335 3 406 3 217 1
0 318 1 9 0 450 2
0 406 1 66 3 506 1
0 164 2 30 2 351 1
1 23 0 249 3 400 2
0 177 2 182 3 355 0
1 20 3 443 1 429 3
1 156 2 349 1 301 3
0 349 3 38 1 135 3
0 482 2 300 3 66 1
1 448 0 346 3 143 0
1 143 3 124 3 118 2
0 269 3 321 2 239 1
1 125 1 230 3 278 3
1 116 1 433 1 166 1
1 398 1 122 2 160 1
1 35 3 22 1 194 2
1 73 2 48 3 498 3
1 108 3 180 1 106 2
1 361 1 256 3 244 1
0 477 0 158 0 428 0
1 60 0 38 3 35 0
0 15 0 488 3 84 1
0 231 0 122 3 406 2
1 287 3 463 2 54 3
1 224 0 489 1 326 0
0 510 1 200 1 170 1
0 326 0 369 0 453 3
1 38 0 169 1 309 0
1 485 2 292 3 425 1
0 347 2 376 0 394 2
0 246 0 299 3 340 3
0 113 3 382 0 370 3
0 263 0 447 1 484 2
0 91 0 429 3 310 1
1 402 0 390 2 361 0
1 237 1 385 0 411 0
0 34 3 226 3 440 2
0 271 3 476 3 159 3
0 287 1 17 0 117 0
1 96 1 147 0 106 0
0 147 1 301 3 39 1
0 111 0 162 2 52 3
0 137 2 109 3 371 1
0 23 0 329 0 276 0
0 467 2 54 2 212 2
0 424 2 116 0 236 3
0 347 3 483 2 101 0
1 212 3 321 1 500 1
0 334 2 324 0 158 1
1 423 3 392 3 402 0
0 190 2 70 1 13 1
1 498 1 423 3 377 3
0 263 0 496 1 275 2
0 172 0 482 1 0 0
1 496 1 500 3 277 1
0 495 3 31 2 435 2
1 49 3 108 3 96 1
1 58 1 131 2 141 2
1 490 3 93 0 351 1
1 388 3 405 1 253 2
0 29 3 363 0 457 3
0 120 3 352 2 324 3
0 401 0 194 0 445 0
0 481 1 270 1 219 1
1 444 2 82 3 460 0
1 294 2 134 2 2 2
0 236 3 333 0 132 1
1 136 1 362 2 408 2
1 303 2 298 2 139 0
1 228 0 1 2 140 1
1 417 1 164 3 122 0
1 33 3 509 1 393 3
0 49 0 101 0 499 3
0 147 2 21 3 168 2
1 508 1 346 1 418 3
1 251 0 234 1 77 0
0 196 2 239 2 46 3
0 494 3 187 3 380 1
0 61 2 408 2 71 1
0 197 2 194 1 329 1
0 27 1 120 3 76 1
0 361 2 95 3 44 1
0 38 0 264 3 71 2
0 398 0 345 3 355 1
1 456 2 1 3 301 0
0 329 1 472 3 431 3
1 197 2 259 0 162 0
1 507 2 489 0 511 2
0 295 3 166 0 178 3
1 5 0 424 0 498 3
0 127 1 251 0 323 1
1 200 1 106 3 312 1
0 266 0 170 2 293 1
1 476 3 117 1 48 2
1 350 1 298 1 269 2
1 386 2 48 3 351 3
1 422 0 201 1 229 3
0 263 0 496 1 275 2
0 172 0 482 1 0 0
1 496 1 500 3 277 1
0 495 3 31 2 435 2
1 49 3 108 3 96 1
1 58 1 131 2 141 2
1 490 3 93 0 351 1
1 388 3 405 1 253 2
0 29 3 363 0 457 3
0 120 3 352 2 324 3
0 401 0 194 0 445 0
0 481 1 270 1 219 1
1 444 2 82 3 460 0
1 294 2 134 2 2 2
0 236 3 333 0 132 1
1 136 1 362 2 408 2
1 303 2 298 2 139 0
1 228 0 1 2 140 1
1 417 1 164 3 122 0
1 33 3 509 1 393 3
0 49 0 101 0 499 3
0 147 2 21 3 168 2
1 508 1 346 1 418 3
1 251 0 234 1 77 0
0 196 2 239 2 46 3
0 494 3 187 3 380 1
0 61 2 408 2 71 1
0 197 2 194 1 329 1
0 27 1 120 3 76 1
0 361 2 95 3 44 1
0 38 0 264 3 71 2
0 398 0 345 3 355 1
1 456 2 1 3 301 0
0 329 1 472 3 431 3
1 197 2 259 0 162 0
1 507 2 489 0 511 2
0 295 3 166 0 178 3
1 5 0 424 0 498 3
0 127 1 251 0 323 1
1 200 1 106 3 312 1
0 266 0 170 2 293 1
1 476 3 117 1 48 2
1 350 1 298 1 269 2
1 386 2 48 3 351 3
1 422 0 201 1 229 3
0 393 2 330 0 376 2
0 230 1 3 3 80 2
0 436 0 11 2 232 3
0 219 1 2 0 333 3
0 116 2 39 0 395 1
1 374 1 100 2 127 1
0 150 1 423 0 369 3
1 172 0 324 2 455 3
1 269 3 284 2 399 3
0 334 3 48 0 174 1
0 460 2 41 1 403 1
1 38 1 274 2 403 0
0 54 1 142 3 102 0
0 211 3 224 2 240 2
1 459 3 280 3 367 0
1 472 0 336 1 416 1
0 216 0 254 0 506 2
1 423 3 264 3 363 0
1 85 0 399 3 336 1
1 139 0 497 2 331 3
0 313 2 325 2 345 1
0 439 2 456 3 286 1
1 236 3 150 2 236 3
0 494 2 254 1 202 3
0 411 0 21 2 15 1
1 127 1 120 3 243 0
1 152 0 195 1 477 3
0 387 2 228 3 474 0
1 22 2 172 2 196 1
1 161 3 143 1 261 2
1 218 0 274 3 351 0
0 458 0 258 3 173 1
1 439 0 219 3 279 1
1 422 2 468 1 51 0
1 496 3 258 0 331 3
0 428 3 114 1 270 2
1 217 2 55 2 185 2
1 19 3 201 0 485 0
1 75 0 498 0 83 2
1 42 0 280 0 470 2
1 196 1 158 3 461 3
1 432 2 341 3 30 2
0 334 3 442 1 384 1
1 70 2 233 1 149 2
0 132 3 494 3 127 3
0 21 2 433 3 451 0
1 329 2 140 1 234 3
0 306 0 382 2 377 1
1 268 0 257 2 483 2
0 373 3 405 0 298 0
0 181 2 13 3 439 3
0 184 0 473 3 386 3
0 140 3 492 2 17 1
1 431 2 419 0 230 3
1 177 3 432 0 343 2
1 489 2 118 0 233 0
0 271 1 377 2 383 2
1 403 1 275 1 210 0
0 190 2 83 1 509 0
1 10 0 406 2 461 2
1 88 0 482 2 414 3
1 113 3 417 1 348 3
0 439 2 285 3 97 0
0 443 0 456 3 288 1
1 254 1 207 1 184 1
1 488 2 436 0 276 1
1 19 2 407 2 181 0
0 106 2 184 1 465 2
1 199 1 146 0 265 3
1 493 3 208 2 117 2
0 350 2 264 2 229 1
1 504 0 60 1 59 2
1 66 2 162 2 284 3
1 282 1 62 3 498 1
1 245 0 278 3 19 0
1 169 3 412 2 462 0
1 424 2 342 1 360 1
0 313 2 505 0 69 0
1 2 1 411 0 338 2
1 337 3 290 3 252 0
0 245 1 228 0 299 3
1 17 2 476 0 244 1
1 184 0 453 2 418 2
0 445 1 483 0 359 1
1 322 3 410 0 134 2
0 112 1 267 2 292 0
0 208 1 114 1 301 3
1 352 3 460 1 73 1
0 358 3 346 0 474 2
1 377 2 415 0 162 2
0 324 1 458 3 448 3
0 63 1 496 3 291 1
1 460 2 92 3 99 3
1 48 0 150 0 303 0
1 331 1 30 0 140 1
1 31 3 272 0 170 1
0 407 3 287 1 19 2
0 323 1 505 1 12 3
1 149 1 0 1 287 2
0 493 2 107 0 494 0
1 244 0 432 2 177 0
0 283 2 335 2 454 3
1 199 3 420 0 413 0
1 366 3 201 1 461 2
1 192 0 32 1 50 2
0 36 2 66 2 68 3
1 57 3 374 3 68 2
1 295 2 451 0 151 1
1 347 2 64 0 88 1
1 344 2 401 3 270 1
0 495 1 508 0 31 3
1 143 3 341 0 3 2
1 203 2 159 2 393 2
1 274 0 54 1 480 3
1 214 1 239 2 265 1
1 116 2 422 0 338 1
1 21 2 198 3 241 2
0 18 1 216 1 367 0
1 65 3 404 2 229 1
0 427 0 278 0 450 3
1 472 0 178 0 474 2
0 204 1 371 2 122 2
1 420 2 97 3 29 1
0 508 0 137 0 310 3
0 43 2 402 2 76 1
0 245 1 325 2 277 3
1 399 1 461 1 345 0
0 333 3 499 0 291 3
0 441 1 451 0 225 3
1 336 0 253 0 50 2
1 493 3 119 0 128 1
0 269 3 292 3 445 0
0 26 1 9 3 491 1
0 438 3 287 2 369 0
0 382 2 123 1 244 2
0 484 3 214 2 355 0
1 373 1 16 1 458 0
1 357 0 187 2 297 0
1 146 0 17 2 266 2
0 409 3 501 3 73 2
1 340 3 34 1 135 0
0 394 2 79 1 183 0
0 264 2 360 2 201 2
0 323 1 302 2 100 2
0 199 3 42 2 181 1
0 17 1 249 0 262 0
0 391 2 449 1 484 1
1 436 1 186 0 411 3
1 444 0 489 1 392 2
1 172 1 482 0 352 0
0 508 2 463 1 249 2
1 34 0 108 2 44 2
1 413 2 120 3 55 0
0 34 0 486 0 115 0
0 340 1 334 2 11 1
0 280 2 506 3 348 1
0 300 2 254 3 143 1
1 473 3 392 2 423 3
0 123 1 483 0 62 1
0 413 1 392 2 99 0
0 412 3 179 1 217 3
0 423 2 278 1 159 0
1 148 1 308 2 210 0
1 162 1 123 1 407 2
1 241 2 21 0 239 3
1 470 2 281 3 269 1
1 122 0 71 1 354 3
1 178 2 124 2 471 2
0 409 0 361 1 153 1
0 373 0 256 1 188 2
1 376 3 32 2 350 1
1 469 0 202 0 58 3
0 331 1 117 3 301 0
1 230 3 13 2 472 3
0 325 3 405 0 199 2
1 453 1 454 1 505 2
0 287 0 380 1 103 2
0 165 2 127 0 384 2
0 323 3 117 1 42 1
0 85 0 185 2 154 3
0 263 0 496 1 275 2
0 172 0 482 1 0 0
1 496 1 500 3 277 1
0 495 3 31 2 435 2
1 49 3 108 3 96 1
1 58 1 131 2 141 2
1 490 3 93 0 351 1
1 388 3 405 1 253 2
0 29 3 363 0 457 3
0 120 3 352 2 324 3
0 401 0 194 0 445 0
0 481 1 270 1 219 1
1 444 2 82 3 460 0
1 294 2 134 2 2 2
0 236 3 333 0 132 1
1 136 1 362 2 408 2
1 303 2 298 2 139 0
1 228 0 1 2 140 1
1 417 1 164 3 122 0
1 33 3 509 1 393 3
0 49 0 101 0 499 3
0 147 2 21 3 168 2
1 508 1 346 1 418 3
1 251 0 234 1 77 0
0 196 2 239 2 46 3
0 494 3 187 3 380 1
0 61 2 408 2 71 1
0 197 2 194 1 329 1
0 27 1 120 3 76 1
0 361 2 95 3 44 1
0 38 0 264 3 71 2
0 398 0 345 3 355 1
1 456 2 1 3 301 0
0 329 1 472 3 431 3
1 197 2 259 0 162 0
1 507 2 489 0 511 2
0 295 3 166 0 178 3
1 5 0 424 0 498 3
0 127 1 251 0 323 1
1 200 1 106 3 312 1
0 266 0 170 2 293 1
1 476 3 117 1 48 2
1 350 1 298 1 269 2
1 386 2 48 3 351 3
1 422 0 201 1 229 3
1 239 2 379 2 133 3
1 86 2 257 1 142 2
1 248 0 474 3 479 2
1 29 0 488 2 95 2
0 494 3 419 1 423 2
0 19 2 82 2 165 1
1 461 1 459 2 131 1
0 363 3 218 0 239 3
0 135 0 23 1 103 3
0 500 1 310 1 380 0
1 6 1 23 0 179 3
1 359 1 232 3 66 3
1 376 1 486 2 436 3
1 479 3 158 0 107 3
1 258 2 109 1 11 3
0 389 3 7 3 466 1
0 47 2 75 0 499 0
1 401 0 20 1 52 0
0 181 1 447 0 351 1
0 304 1 466 0 0 1
0 101 0 292 3 345 1
1 238 1 105 0 275 3
0 98 3 217 1 56 3
1 436 0 220 2 452 0
1 248 1 177 3 387 2
0 133 0 161 2 264 0
0 158 1 61 3 402 0
1 109 3 52 3 153 0
1 14 1 143 2 87 0
1 103 2 286 3 99 0
1 129 3 322 1 468 1
1 302 0 313 0 168 0
1 103 2 500 3 32 3
1 298 2 269 2 146 0
0 47 1 110 1 16 2
1 244 0 415 0 307 3
1 3 2 300 1 228 3
0 312 0 14 0 295 0
0 135 3 272 1 125 2
0 205 3 450 1 325 0
1 501 3 84 1 265 3
1 93 3 40 0 301 3
0 42 2 33 1 50 2
1 258 2 299 1 153 2
1 390 3 341 0 297 0
1 401 0 492 0 173 3
1 431 3 92 0 36 3
1 140 3 353 3 199 2
1 142 1 292 0 305 2
0 258 0 231 3 123 3
1 293 0 412 2 355 1
1 182 0 241 1 182 1
1 271 3 57 3 193 1
1 101 3 78 2 70 2
0 202 0 374 1 144 2
0 271 2 192 1 62 0
1 20 1 78 1 192 2
1 383 1 485 1 224 3
1 266 0 280 0 162 0
0 403 2 401 2 28 1
0 457 2 345 3 62 2
0 238 1 304 3 202 3
1 443 2 97 1 218 3
1 281 0 466 2 27 3
1 219 1 460 0 143 0
1 317 0 222 0 259 2
1 151 0 65 1 4 2
1 0 0 428 1 385 0
1 274 3 11 0 166 2
0 41 0 114 2 18 1
1 250 2 83 1 241 2
1 278 2 330 0 440 2
0 301 2 302 2 431 2
1 45 1 52 1 338 3
0 221 0 441 3 49 0
1 201 2 360 3 318 3
0 509 1 249 2 240 2
1 84 0 343 3 125 2
1 275 3 312 3 277 0
1 145 3 32 3 207 2
1 197 2 280 3 225 3
0 63 2 108 3 380 1
0 195 1 149 3 485 2
0 156 2 497 0 208 2
0 210 0 416 2 393 3
1 117 2 7 1 110 0
0 38 3 302 0 350 1
0 444 3 273 2 255 0
0 86 2 195 0 28 0
1 235 3 431 2 503 3
1 130 3 476 1 367 1
0 399 0 244 1 90 1
0 138 3 467 0 468 2
0 467 3 268 2 459 1
0 359 2 9 1 308 1
1 237 2 29 2 333 0
1 260 3 378 0 12 0
1 170 0 332 3 378 3
0 297 2 13 1 51 1
0 151 3 36 0 31 2
0 85 2 312 1 419 1
1 381 1 214 3 381 1
0 157 3 206 0 214 1
1 30 3 9 0 415 3
0 487 3 29 1 400 2
0 123 0 307 0 130 0
1 24 2 152 2 42 2
0 273 3 184 1 10 3
1 278 3 200 0 193 1
1 449 3 313 3 244 2
1 421 3 314 2 214 1
1 106 0 476 3 64 2
0 397 3 159 2 313 1
1 353 3 378 3 207 2
1 135 1 354 3 350 2
0 59 1 233 1 296 0
1 227 3 81 0 106 0
1 436 3 236 3 419 3
0 495 0 314 1 409 2
1 405 3 101 0 353 1
1 374 1 394 0 208 1
0 481 1 473 2 230 0
0 254 2 67 0 369 3
0 185 3 374 1 299 3
0 136 0 501 2 207 3
1 174 1 266 2 126 0
0 510 0 114 0 218 3
1 386 0 433 2 148 3
0 408 1 375 0 207 1
0 391 3 303 3 398 3
0 220 3 138 3 277 3
1 18 3 290 1 487 1
0 259 3 426 1 149 3
1 460 0 146 0 385 3
0 234 1 441 1 294 3
0 445 0 151 2 81 0
0 475 1 152 1 484 0
0 96 3 253 3 341 3
1 467 1 117 2 403 3
1 51 2 50 0 214 2
0 264 2 186 0 85 2
1 367 1 489 1 298 3
0 479 3 153 0 351 3
1 241 2 47 1 372 1
1 413 3 49 1 115 3
1 127 1 232 0 11 3
1 360 0 187 2 70 1
1 233 3 498 1 149 2
1 124 0 323 0 27 1
1 186 1 85 1 508 1
1 413 2 209 3 59 2
1 112 1 340 3 187 0
0 301 0 25 2 19 3
0 378 3 58 1 68 2
0 118 2 5 0 31 3
1 361 0 47 1 103 0
1 507 2 439 0 233 1
1 278 2 386 3 508 0
0 503 3 469 0 451 2
1 433 3 39 2 74 0
1 337 1 59 3 270 2
0 492 0 352 3 216 2
1 170 1 110 1 289 2
0 458 2 188 1 431 1
0 85 2 91 0 51 0
0 432 3 254 1 54 3
1 343 1 74 3 215 2
0 459 3 397 1 296 1
1 194 0 25 3 484 1
0 243 3 363 1 101 3
0 6 0 265 3 485 1
1 135 3 239 3 376 0
0 11 0 201 3 355 3
1 247 3 447 1 55 3
1 55 2 397 0 167 1
0 252 0 175 3 194 2
1 429 2 69 3 199 0
0 434 3 400 2 201 3
0 96 1 345 0 277 0
1 0 1 291 2 496 1
1 212 3 367 3 341 0
0 32 1 410 3 401 2
1 167 2 299 0 58 0
0 39 3 119 3 101 0
0 306 1 489 2 285 0
0 206 1 170 3 170 1
1 226 3 216 0 242 1
0 503 3 54 1 486 1
0 284 3 272 0 473 0
0 164 3 204 3 349 0
0 460 1 104 1 489 2
0 80 3 279 0 198 2
1 231 1 62 2 259 2
1 498 0 181 0 240 1
0 393 3 115 2 208 0
0 277 1 266 3 81 2
0 385 3 65 1 310 0
0 446 1 371 2 435 1
0 349 3 443 0 226 1
0 32 1 387 1 379 2
0 83 0 22 3 199 3
0 333 2 83 1 71 0
0 168 0 10 2 151 0
0 101 2 6 2 458 1
1 87 2 235 0 419 2
1 496 0 275 2 305 0
0 294 1 78 3 167 0
1 357 3 244 0 129 0
1 117 0 341 0 107 2
0 273 2 73 1 160 2
1 101 1 499 1 67 3
1 214 3 149 2 15 1
0 292 0 461 0 206 3
0 126 2 19 1 124 0
1 135 3 385 3 143 1
0 145 3 101 1 439 0
1 317 2 113 3 295 2
0 244 0 257 0 176 2
1 57 0 118 2 354 0
1 188 3 164 1 384 0
1 34 0 505 3 344 0
1 239 3 320 1 440 0
1 499 2 101 1 322 2
1 56 0 24 2 95 3
0 272 3 504 0 229 3
0 433 1 8 2 365 3
0 114 3 336 2 154 1
1 333 0 37 3 164 3
1 450 2 85 0 85 3
0 145 3 327 3 16 2
1 116 2 323 3 63 2
0 148 1 273 3 162 2
0 71 1 8 0 453 0
0 134 2 398 0 406 3
0 435 1 306 1 291 1
0 38 2 144 2 419 0
1 37 1 281 1 206 1
1 499 1 61 1 307 1
0 292 3 277 2 343 3
0 259 0 151 1 267 0
0 174 1 471 1 409 0
0 181 0 491 0 297 1
1 112 0 322 2 71 1
0 197 1 95 1 459 2
1 162 3 341 0 320 0
1 107 0 281 2 211 2
1 179 2 266 0 49 0
1 389 2 440 0 9 3
0 263 1 299 2 360 3
1 261 3 279 3 237 1
0 116 2 150 1 231 1
0 14 2 144 2 269 1
1 325 2 106 3 285 1
1 400 2 310 0 38 0
0 229 3 4 1 455 3
0 65 2 195 0 367 1
1 134 1 480 2 237 0
0 320 1 47 1 488 0
1 93 2 446 1 247 2
0 457 2 37 2 383 2
1 77 3 398 2 72 1
1 191 3 467 3 358 1
1 19 2 27 0 485 2
1 256 1 205 1 501 2
1 85 0 359 2 23 3
1 437 3 245 2 231 3
0 285 2 57 1 255 0
0 32 1 421 2 219 2
0 428 3 331 2 155 2
1 152 1 405 3 339 3
1 168 1 25 1 175 3
0 174 1 303 1 183 2
0 271 2 68 2 136 2
1 181 0 334 1 508 3
0 377 1 508 1 410 3
0 291 2 154 2 508 0
0 136 1 255 2 354 1
1 127 3 2 0 174 1
1 164 2 254 3 26 2
1 221 0 261 1 179 2
0 71 1 397 3 280 2
1 24 3 196 2 505 0
1 395 0 241 1 249 0
1 70 2 275 3 102 2
0 190 3 91 0 224 3
0 30 0 262 1 446 1
1 282 0 380 1 368 0
0 324 0 175 0 77 1
1 0 2 112 0 338 1
1 184 0 4 1 504 1
1 66 3 116 3 95 2
1 480 1 289 3 444 1
0 92 3 230 3 455 2
1 224 0 112 3 461 3
0 436 1 378 3 206 0
0 314 3 338 2 204 3
0 53 3 427 2 244 3
0 498 3 95 2 213 0
1 223 3 213 3 420 0
1 172 1 92 2 329 3
0 292 2 377 0 194 0
0 374 0 371 2 169 1
1 44 2 403 0 167 0
1 318 2 86 0 477 2
0 81 1 275 3 369 0
1 298 3 330 2 176 0
0 120 0 219 0 180 0
1 330 0 349 1 378 3
0 14 0 451 3 493 0
1 340 0 39 1 38 3
1 466 0 149 0 320 2
1 112 1 231 3 269 2
1 181 1 272 1 368 3
0 326 3 480 3 109 1
0 374 3 318 2 272 0
0 263 0 496 1 275 2
0 172 0 482 1 0 0
1 496 1 500 3 277 1
0 495 3 31 2 435 2
1 49 3 108 3 96 1
1 58 1 131 2 141 2
1 490 3 93 0 351 1
1 388 3 405 1 253 2
0 29 3 363 0 457 3
0 120 3 352 2 324 3
0 401 0 194 0 445 0
0 481 1 270 1 219 1
1 444 2 82 3 460 0
1 294 2 134 2 2 2
0 236 3 333 0 132 1
1 136 1 362 2 408 2
1 303 2 298 2 139 0
1 228 0 1 2 140 1
1 417 1 164 3 122 0
1 33 3 509 1 393 3
0 49 0 101 0 499 3
0 147 2 21 3 168 2
1 508 1 346 1 418 3
1 251 0 234 1 77 0
0 196 2 239 2 46 3
0 494 3 187 3 380 1
0 61 2 408 2 71 1
0 197 2 194 1 329 1
0 27 1 120 3 76 1
0 361 2 95 3 44 1
0 38 0 264 3 71 2
0 398 0 345 3 355 1
1 456 2 1 3 301 0
0 329 1 472 3 431 3
1 197 2 259 0 162 0
1 507 2 489 0 511 2
0 295 3 166 0 178 3
1 5 0 424 0 498 3
0 127 1 251 0 323 1
1 200 1 106 3 312 1
0 266 0 170 2 293 1
1 476 3 117 1 48 2
1 350 1 298 1 269 2
1 386 2 48 3 351 3
1 422 0 201 1 229 3
0 445 0 324 0 353 2
0 196 1 452 2 89 2
0 50 2 264 0 409 2
0 266 0 261 1 52 2
0 23 3 373 0 337 2
1 55 2 30 1 76 2
1 48 0 93 2 310 1
1 281 3 42 0 329 3
1 236 3 306 2 50 1
1 294 0 340 2 395 2
0 397 2 116 0 348 3
0 205 0 152 0 496 0
1 283 0 310 3 128 2
0 415 3 76 0 404 2
0 87 0 419 2 502 2
1 241 2 192 1 138 2
1 35 3 462 2 199 3
0 198 0 411 3 252 2
1 38 2 47 2 79 3
0 38 3 441 0 310 1
0 395 1 417 3 213 0
0 298 3 190 2 138 2
0 44 3 184 0 221 1
0 100 2 151 1 13 1
0 145 1 193 2 286 2
1 107 1 152 3 408 3
0 384 2 225 2 338 2
1 436 0 264 3 156 1
0 22 1 499 2 111 0
0 10 3 300 0 423 1
1 423 3 67 3 225 3
1 45 2 309 0 163 1
1 201 0 60 2 471 0
0 399 3 157 0 321 3
1 356 3 404 0 206 3
1 301 3 215 2 12 0
1 404 3 173 3 211 2
0 482 1 355 2 19 3
0 449 3 20 3 313 0
0 473 1 408 0 47 2
1 68 1 111 0 441 1
1 483 3 463 0 75 2
0 350 2 313 3 44 1
1 215 2 173 3 68 0
1 124 0 274 2 103 2
0 76 1 193 0 303 3
0 505 1 155 0 226 2
1 330 0 434 1 297 1
1 219 2 274 3 300 2
1 201 3 424 2 256 2
1 63 0 34 1 346 1
0 271 0 197 3 86 2
0 109 0 170 0 503 3
0 84 1 443 2 14 0
1 466 2 110 2 29 1
1 54 3 486 2 29 1
1 80 2 222 2 446 2
1 215 1 119 1 283 1
1 411 1 391 3 75 1
1 452 1 398 0 294 3
1 423 3 196 2 50 3
1 509 2 345 1 245 2
0 82 3 454 1 493 3
0 423 2 142 3 299 0
0 452 1 274 0 417 1
1 344 0 221 2 335 0
0 331 0 259 3 118 0
0 506 3 299 2 241 3
1 145 0 494 2 299 3
0 441 2 183 2 224 0
0 386 0 0 1 410 3
0 379 2 375 3 391 1
1 320 3 241 3 297 3
0 460 1 336 0 191 0
0 234 3 21 3 84 1
0 330 1 242 1 194 2
1 307 3 381 2 474 2
1 499 3 131 0 254 2
1 499 3 286 1 51 3
1 484 0 353 2 248 2
0 302 0 321 0 80 3
1 357 2 410 2 134 3
0 346 1 418 1 228 0
0 351 0 239 2 509 1
1 188 1 265 2 411 1
1 135 1 132 1 50 2
0 53 0 325 2 5 0
1 230 2 386 1 347 1
0 479 3 459 0 52 3
1 138 2 88 1 303 2
1 62 2 368 3 297 1
1 376 0 352 3 470 3
0 251 0 496 0 428 1
1 70 2 271 0 146 1
0 95 0 63 3 39 0
1 478 3 258 3 32 1
1 261 1 223 2 149 1
0 86 2 125 1 59 2
1 383 3 427 3 425 2
0 490 2 56 3 217 3
0 488 2 208 3 177 2
0 117 3 145 2 234 2
1 396 0 249 0 497 1
0 247 1 126 1 458 0
0 312 0 208 2 346 1
0 24 0 207 3 416 2
1 202 1 98 3 493 0
1 414 1 158 0 98 2
1 282 1 271 3 50 1
0 76 2 266 3 56 3
0 346 1 260 1 126 2
1 181 0 391 3 369 0
0 371 3 370 2 11 0
1 210 1 359 2 326 1
0 270 1 264 0 5 3
0 397 3 109 2 36 3
0 336 2 86 2 25 0
0 122 1 398 0 304 1
1 364 0 21 2 48 3
1 364 0 34 0 65 1
1 150 3 417 0 342 1
0 188 2 307 1 139 2
1 0 0 502 0 3 0
0 73 0 436 1 420 2
1 491 0 15 3 54 0
0 157 3 453 0 439 2
1 231 1 391 3 42 2
0 200 0 72 1 250 3
0 227 2 187 1 141 3
0 193 0 373 1 446 2
0 409 2 485 1 382 1
1 374 0 54 3 444 3
1 111 0 236 1 445 3
0 204 3 363 1 106 3
-1 215 3 78 3 132 1
