0 73 2 216 3 73 2
1 8 0 95 0 140 0
0 152 2 130 2 130 3
1 184 0 227 1 170 2
0 101 1 119 1 132 1
0 34 2 184 3 119 2
0 84 2 11 1 176 1
1 136 3 206 2 119 2
1 145 0 89 3 92 0
0 165 1 19 1 160 2
1 81 2 252 2 172 1
0 176 2 98 2 4 1
1 241 1 21 3 134 3
0 116 0 96 1 86 3
1 126 2 32 2 16 1
1 54 1 170 1 160 0
1 198 3 111 3 57 3
0 105 2 19 1 138 1
0 66 1 120 2 51 2
1 95 1 244 2 239 1
1 116 2 49 3 241 0
0 120 1 176 0 195 2
1 151 1 47 2 2 3
0 124 1 254 1 115 2
1 179 1 71 1 99 2
1 34 1 152 1 68 0
1 104 1 218 0 27 1
1 247 1 94 2 92 3
0 20 3 30 2 192 3
1 29 3 19 1 124 3
0 40 3 245 2 49 3
0 157 2 50 0 146 3
0 184 3 61 2 46 2
0 66 1 157 2 174 3
1 180 3 155 3 155 1
1 46 3 10 1 255 3
0 76 2 37 3 132 0
0 182 3 117 0 225 1
1 107 3 133 1 62 1
0 35 3 18 0 34 2
0 73 2 102 0 69 0
1 93 1 100 3 10 2
0 139 0 69 0 158 2
1 191 0 132 0 209 3
1 106 1 3 3 224 1
0 73 2 216 3 73 2
1 8 0 95 0 140 0
0 152 2 130 2 130 3
1 184 0 227 1 170 2
0 101 1 119 1 132 1
0 34 2 184 3 119 2
0 84 2 11 1 176 1
1 136 3 206 2 119 2
1 145 0 89 3 92 0
0 165 1 19 1 160 2
1 81 2 252 2 172 1
0 176 2 98 2 4 1
1 241 1 21 3 134 3
0 116 0 96 1 86 3
1 126 2 32 2 16 1
1 54 1 170 1 160 0
1 198 3 111 3 57 3
0 105 2 19 1 138 1
0 66 1 120 2 51 2
1 95 1 244 2 239 1
1 116 2 49 3 241 0
0 120 1 176 0 195 2
1 151 1 47 2 2 3
0 124 1 254 1 115 2
1 179 1 71 1 99 2
1 34 1 152 1 68 0
1 104 1 218 0 27 1
1 247 1 94 2 92 3
0 20 3 30 2 192 3
1 29 3 19 1 124 3
0 40 3 245 2 49 3
0 157 2 50 0 146 3
0 184 3 61 2 46 2
0 66 1 157 2 174 3
1 180 3 155 3 155 1
1 46 3 10 1 255 3
0 76 2 37 3 132 0
0 182 3 117 0 225 1
1 107 3 133 1 62 1
0 35 3 18 0 34 2
0 73 2 102 0 69 0
1 93 1 100 3 10 2
0 139 0 69 0 158 2
1 191 0 132 0 209 3
1 106 1 3 3 224 1
1 124 3 203 2 121 1
1 206 1 196 2 63 0
1 89 3 78 2 78 1
0 109 2 8 2 38 0
1 173 3 240 3 129 1
0 69 2 250 0 65 3
1 232 1 255 1 141 3
1 14 3 105 2 12 1
0 8 2 138 0 108 2
1 117 0 237 3 60 2
1 207 1 248 1 197 0
1 65 3 29 1 163 1
0 144 1 139 1 158 0
0 177 2 236 1 89 3
1 235 2 208 2 53 2
0 175 1 124 3 84 1
0 220 0 45 3 8 0
1 183 2 13 2 179 1
1 219 0 8 2 56 0
0 116 2 214 3 97 2
1 6 0 63 1 208 3
0 141 2 228 2 236 2
1 143 2 240 1 140 1
1 24 0 85 2 153 1
1 217 1 178 0 62 3
1 158 1 134 1 19 2
1 20 2 217 3 223 2
1 203 3 20 0 90 0
1 54 3 95 0 234 0
1 17 2 190 2 181 3
0 158 0 124 3 156 1
0 229 0 128 1 205 2
0 199 2 27 0 36 3
1 105 2 142 0 66 2
1 215 3 170 3 244 0
0 157 2 239 3 93 3
1 232 2 253 2 164 2
1 99 0 233 2 163 2
1 103 1 54 3 47 3
0 8 0 127 2 120 0
0 211 0 239 0 115 0
1 12 2 175 0 25 3
0 196 1 32 2 53 1
0 86 1 50 0 139 1
0 11 2 115 1 26 2
0 34 2 233 2 89 1
1 59 3 3 2 88 3
1 72 2 71 2 56 3
0 10 2 184 0 9 1
0 173 0 70 0 229 2
0 63 3 193 3 100 3
1 245 2 218 2 217 0
1 46 2 221 1 74 2
0 221 1 215 3 173 1
0 242 1 109 3 233 1
0 191 2 191 2 58 3
1 225 1 132 1 102 0
0 39 2 7 2 230 0
0 242 1 121 0 200 3
0 144 3 156 0 147 2
1 8 1 155 0 152 0
1 155 3 221 0 42 0
0 102 2 33 2 252 1
0 89 1 70 3 196 2
0 175 0 103 1 49 2
1 136 2 117 1 210 3
1 72 0 23 3 171 1
1 205 1 94 2 213 2
0 243 1 210 2 75 2
0 83 0 189 2 144 2
0 244 2 112 0 109 0
0 90 1 44 0 174 0
1 47 0 246 0 178 1
0 148 1 109 2 80 0
1 242 0 206 1 219 3
0 105 2 187 3 18 2
0 107 0 233 0 16 2
0 115 2 73 2 81 3
0 0 1 207 3 92 1
1 215 2 54 1 226 0
0 1 3 203 3 87 0
0 66 3 154 1 127 1
1 100 0 182 0 44 1
0 179 0 130 3 144 0
0 145 2 14 3 116 1
1 92 2 234 1 20 1
1 112 1 89 0 173 1
1 58 1 28 3 225 3
1 40 3 6 3 50 3
1 60 0 255 0 111 3
1 86 3 75 3 243 0
1 16 0 53 0 231 0
1 172 1 177 0 108 2
1 225 3 27 1 52 1
1 46 3 74 3 138 1
1 192 1 12 0 63 2
1 139 2 200 0 119 2
1 98 3 115 0 165 3
1 69 2 235 3 138 1
1 118 0 140 3 136 2
0 164 2 6 3 207 2
0 206 0 237 0 64 1
1 168 3 132 3 222 3
0 252 0 39 2 35 1
1 118 2 183 1 0 1
0 70 3 30 1 154 3
0 241 3 90 2 208 1
1 243 3 242 2 50 3
0 136 2 133 3 216 3
0 93 0 131 2 123 1
1 82 2 12 1 217 1
1 83 0 1 2 203 1
1 24 0 127 0 203 3
1 175 0 255 1 58 0
0 223 2 64 1 168 1
0 38 0 4 2 124 3
0 7 2 107 2 166 0
0 192 0 150 0 91 0
0 32 1 140 0 113 0
0 128 0 35 1 4 1
0 4 3 78 1 120 1
0 24 2 104 1 103 3
0 215 0 167 0 120 1
0 194 3 23 1 80 2
1 248 1 57 3 190 1
0 156 1 240 2 12 2
1 15 2 209 0 221 0
1 16 3 139 0 180 2
0 179 0 85 2 206 3
1 47 2 126 2 117 3
1 102 2 128 3 170 3
0 16 2 178 2 108 2
1 213 2 49 2 134 2
0 138 1 243 3 236 2
0 155 0 76 2 26 3
0 73 2 216 3 73 2
1 8 0 95 0 140 0
0 152 2 130 2 130 3
1 184 0 227 1 170 2
0 101 1 119 1 132 1
0 34 2 184 3 119 2
0 84 2 11 1 176 1
1 136 3 206 2 119 2
1 145 0 89 3 92 0
0 165 1 19 1 160 2
1 81 2 252 2 172 1
0 176 2 98 2 4 1
1 241 1 21 3 134 3
0 116 0 96 1 86 3
1 126 2 32 2 16 1
1 54 1 170 1 160 0
1 198 3 111 3 57 3
0 105 2 19 1 138 1
0 66 1 120 2 51 2
1 95 1 244 2 239 1
1 116 2 49 3 241 0
0 120 1 176 0 195 2
1 151 1 47 2 2 3
0 124 1 254 1 115 2
1 179 1 71 1 99 2
1 34 1 152 1 68 0
1 104 1 218 0 27 1
1 247 1 94 2 92 3
0 20 3 30 2 192 3
1 29 3 19 1 124 3
0 40 3 245 2 49 3
0 157 2 50 0 146 3
0 184 3 61 2 46 2
0 66 1 157 2 174 3
1 180 3 155 3 155 1
1 46 3 10 1 255 3
0 76 2 37 3 132 0
0 182 3 117 0 225 1
1 107 3 133 1 62 1
0 35 3 18 0 34 2
0 73 2 102 0 69 0
1 93 1 100 3 10 2
0 139 0 69 0 158 2
1 191 0 132 0 209 3
1 106 1 3 3 224 1
0 230 2 40 2 82 1
1 254 2 76 1 53 3
1 89 2 188 0 174 3
0 91 0 29 0 44 0
1 108 3 14 2 225 0
0 58 2 222 1 202 3
1 151 1 17 2 14 3
1 72 1 147 0 105 1
0 182 1 97 3 106 1
1 167 1 236 0 59 3
0 43 0 110 3 206 2
0 75 1 181 2 241 3
0 197 1 155 3 150 1
1 104 0 140 2 56 2
1 195 3 83 1 185 1
1 28 2 222 3 204 3
1 139 0 141 0 28 0
0 207 1 116 3 18 2
0 240 3 56 0 133 1
0 14 0 229 2 112 3
1 32 3 123 1 196 1
0 198 1 202 2 230 3
1 132 3 212 2 233 3
1 32 3 141 3 142 3
1 67 0 121 0 156 1
0 127 2 39 2 14 0
0 40 0 143 2 250 1
1 66 3 44 3 34 0
1 19 1 6 3 122 3
1 92 1 237 2 201 1
1 65 0 69 0 203 1
1 228 1 159 3 186 0
0 15 2 232 3 178 2
0 33 3 202 3 41 1
0 5 1 61 0 68 0
1 198 1 109 1 6 2
0 76 0 71 1 24 3
1 89 2 141 2 62 0
1 217 2 105 1 66 1
1 251 2 58 3 161 1
0 246 0 12 2 57 1
0 6 2 41 2 129 0
1 238 1 223 3 241 3
1 62 2 111 3 31 0
0 9 0 124 2 214 1
0 73 2 216 3 73 2
1 8 0 95 0 140 0
0 152 2 130 2 130 3
1 184 0 227 1 170 2
0 101 1 119 1 132 1
0 34 2 184 3 119 2
0 84 2 11 1 176 1
1 136 3 206 2 119 2
1 145 0 89 3 92 0
0 165 1 19 1 160 2
1 81 2 252 2 172 1
0 176 2 98 2 4 1
1 241 1 21 3 134 3
0 116 0 96 1 86 3
1 126 2 32 2 16 1
1 54 1 170 1 160 0
1 198 3 111 3 57 3
0 105 2 19 1 138 1
0 66 1 120 2 51 2
1 95 1 244 2 239 1
1 116 2 49 3 241 0
0 120 1 176 0 195 2
1 151 1 47 2 2 3
0 124 1 254 1 115 2
1 179 1 71 1 99 2
1 34 1 152 1 68 0
1 104 1 218 0 27 1
1 247 1 94 2 92 3
0 20 3 30 2 192 3
1 29 3 19 1 124 3
0 40 3 245 2 49 3
0 157 2 50 0 146 3
0 184 3 61 2 46 2
0 66 1 157 2 174 3
1 180 3 155 3 155 1
1 46 3 10 1 255 3
0 76 2 37 3 132 0
0 182 3 117 0 225 1
1 107 3 133 1 62 1
0 35 3 18 0 34 2
0 73 2 102 0 69 0
1 93 1 100 3 10 2
0 139 0 69 0 158 2
1 191 0 132 0 209 3
1 106 1 3 3 224 1
0 73 2 216 3 73 2
1 8 0 95 0 140 0
0 152 2 130 2 130 3
1 184 0 227 1 170 2
0 101 1 119 1 132 1
0 34 2 184 3 119 2
0 84 2 11 1 176 1
1 136 3 206 2 119 2
1 145 0 89 3 92 0
0 165 1 19 1 160 2
1 81 2 252 2 172 1
0 176 2 98 2 4 1
1 241 1 21 3 134 3
0 116 0 96 1 86 3
1 126 2 32 2 16 1
1 54 1 170 1 160 0
1 198 3 111 3 57 3
0 105 2 19 1 138 1
0 66 1 120 2 51 2
1 95 1 244 2 239 1
1 116 2 49 3 241 0
0 120 1 176 0 195 2
1 151 1 47 2 2 3
0 124 1 254 1 115 2
1 179 1 71 1 99 2
1 34 1 152 1 68 0
1 104 1 218 0 27 1
1 247 1 94 2 92 3
0 20 3 30 2 192 3
1 29 3 19 1 124 3
0 40 3 245 2 49 3
0 157 2 50 0 146 3
0 184 3 61 2 46 2
0 66 1 157 2 174 3
1 180 3 155 3 155 1
1 46 3 10 1 255 3
0 76 2 37 3 132 0
0 182 3 117 0 225 1
1 107 3 133 1 62 1
0 35 3 18 0 34 2
0 73 2 102 0 69 0
1 93 1 100 3 10 2
0 139 0 69 0 158 2
1 191 0 132 0 209 3
1 106 1 3 3 224 1
0 73 2 216 3 73 2
1 8 0 95 0 140 0
0 152 2 130 2 130 3
1 184 0 227 1 170 2
0 101 1 119 1 132 1
0 34 2 184 3 119 2
0 84 2 11 1 176 1
1 136 3 206 2 119 2
1 145 0 89 3 92 0
0 165 1 19 1 160 2
1 81 2 252 2 172 1
0 176 2 98 2 4 1
1 241 1 21 3 134 3
0 116 0 96 1 86 3
1 126 2 32 2 16 1
1 54 1 170 1 160 0
1 198 3 111 3 57 3
0 105 2 19 1 138 1
0 66 1 120 2 51 2
1 95 1 244 2 239 1
1 116 2 49 3 241 0
0 120 1 176 0 195 2
1 151 1 47 2 2 3
0 124 1 254 1 115 2
1 179 1 71 1 99 2
1 34 1 152 1 68 0
1 104 1 218 0 27 1
1 247 1 94 2 92 3
0 20 3 30 2 192 3
1 29 3 19 1 124 3
0 40 3 245 2 49 3
0 157 2 50 0 146 3
0 184 3 61 2 46 2
0 66 1 157 2 174 3
1 180 3 155 3 155 1
1 46 3 10 1 255 3
0 76 2 37 3 132 0
0 182 3 117 0 225 1
1 107 3 133 1 62 1
0 35 3 18 0 34 2
0 73 2 102 0 69 0
1 93 1 100 3 10 2
0 139 0 69 0 158 2
1 191 0 132 0 209 3
1 106 1 3 3 224 1
0 73 2 216 3 73 2
1 8 0 95 0 140 0
0 152 2 130 2 130 3
1 184 0 227 1 170 2
0 101 1 119 1 132 1
0 34 2 184 3 119 2
0 84 2 11 1 176 1
1 136 3 206 2 119 2
1 145 0 89 3 92 0
0 165 1 19 1 160 2
1 81 2 252 2 172 1
0 176 2 98 2 4 1
1 241 1 21 3 134 3
0 116 0 96 1 86 3
1 126 2 32 2 16 1
1 54 1 170 1 160 0
1 198 3 111 3 57 3
0 105 2 19 1 138 1
0 66 1 120 2 51 2
1 95 1 244 2 239 1
1 116 2 49 3 241 0
0 120 1 176 0 195 2
1 151 1 47 2 2 3
0 124 1 254 1 115 2
1 179 1 71 1 99 2
1 34 1 152 1 68 0
1 104 1 218 0 27 1
1 247 1 94 2 92 3
0 20 3 30 2 192 3
1 29 3 19 1 124 3
0 40 3 245 2 49 3
0 157 2 50 0 146 3
0 184 3 61 2 46 2
0 66 1 157 2 174 3
1 180 3 155 3 155 1
1 46 3 10 1 255 3
0 76 2 37 3 132 0
0 182 3 117 0 225 1
1 107 3 133 1 62 1
0 35 3 18 0 34 2
0 73 2 102 0 69 0
1 93 1 100 3 10 2
0 139 0 69 0 158 2
1 191 0 132 0 209 3
1 106 1 3 3 224 1
0 73 2 216 3 73 2
1 8 0 95 0 140 0
0 152 2 130 2 130 3
1 184 0 227 1 170 2
0 101 1 119 1 132 1
0 34 2 184 3 119 2
0 84 2 11 1 176 1
1 136 3 206 2 119 2
1 145 0 89 3 92 0
0 165 1 19 1 160 2
1 81 2 252 2 172 1
0 176 2 98 2 4 1
1 241 1 21 3 134 3
0 116 0 96 1 86 3
1 126 2 32 2 16 1
1 54 1 170 1 160 0
1 198 3 111 3 57 3
0 105 2 19 1 138 1
0 66 1 120 2 51 2
1 95 1 244 2 239 1
1 116 2 49 3 241 0
0 120 1 176 0 195 2
1 151 1 47 2 2 3
0 124 1 254 1 115 2
1 179 1 71 1 99 2
1 34 1 152 1 68 0
1 104 1 218 0 27 1
1 247 1 94 2 92 3
0 20 3 30 2 192 3
1 29 3 19 1 124 3
0 40 3 245 2 49 3
0 157 2 50 0 146 3
0 184 3 61 2 46 2
0 66 1 157 2 174 3
1 180 3 155 3 155 1
1 46 3 10 1 255 3
0 76 2 37 3 132 0
0 182 3 117 0 225 1
1 107 3 133 1 62 1
0 35 3 18 0 34 2
0 73 2 102 0 69 0
1 93 1 100 3 10 2
0 139 0 69 0 158 2
1 191 0 132 0 209 3
1 106 1 3 3 224 1
0 140 2 7 0 131 1
1 28 3 152 0 103 0
0 121 2 40 0 87 0
0 81 1 16 0 161 1
0 224 0 145 1 214 2
0 254 1 104 3 130 3
0 147 0 94 3 242 1
1 160 1 152 2 60 0
1 237 3 252 0 60 2
1 79 0 63 2 3 0
1 122 2 85 2 53 1
1 79 3 145 2 111 0
1 71 0 85 0 15 2
0 132 3 158 1 234 2
1 114 1 73 2 11 2
0 247 1 194 3 169 0
0 19 2 207 0 240 1
0 171 3 92 3 21 2
1 156 3 85 3 86 2
0 112 1 30 0 186 0
0 54 3 76 0 180 1
1 131 3 154 0 21 2
1 202 2 163 3 119 1
1 11 3 214 1 207 1
0 189 3 41 2 140 3
1 220 1 4 3 80 0
0 130 2 218 0 28 3
0 12 2 189 1 174 1
1 141 3 79 2 115 2
1 49 1 74 3 93 3
0 80 0 197 3 73 3
1 107 0 225 0 51 3
1 75 2 119 3 221 3
0 132 0 223 0 156 1
0 81 3 64 1 170 2
1 203 2 103 2 11 3
1 142 2 189 3 158 1
0 121 3 240 3 20 3
1 253 3 104 1 24 3
0 187 0 166 2 176 0
0 68 1 104 1 24 3
0 183 0 168 1 146 2
1 53 0 3 1 105 2
1 44 1 136 3 165 2
1 99 1 248 0 169 2
0 73 2 216 3 73 2
1 8 0 95 0 140 0
0 152 2 130 2 130 3
1 184 0 227 1 170 2
0 101 1 119 1 132 1
0 34 2 184 3 119 2
0 84 2 11 1 176 1
1 136 3 206 2 119 2
1 145 0 89 3 92 0
0 165 1 19 1 160 2
1 81 2 252 2 172 1
0 176 2 98 2 4 1
1 241 1 21 3 134 3
0 116 0 96 1 86 3
1 126 2 32 2 16 1
1 54 1 170 1 160 0
1 198 3 111 3 57 3
0 105 2 19 1 138 1
0 66 1 120 2 51 2
1 95 1 244 2 239 1
1 116 2 49 3 241 0
0 120 1 176 0 195 2
1 151 1 47 2 2 3
0 124 1 254 1 115 2
1 179 1 71 1 99 2
1 34 1 152 1 68 0
1 104 1 218 0 27 1
1 247 1 94 2 92 3
0 20 3 30 2 192 3
1 29 3 19 1 124 3
0 40 3 245 2 49 3
0 157 2 50 0 146 3
0 184 3 61 2 46 2
0 66 1 157 2 174 3
1 180 3 155 3 155 1
1 46 3 10 1 255 3
0 76 2 37 3 132 0
0 182 3 117 0 225 1
1 107 3 133 1 62 1
0 35 3 18 0 34 2
0 73 2 102 0 69 0
1 93 1 100 3 10 2
0 139 0 69 0 158 2
1 191 0 132 0 209 3
1 106 1 3 3 224 1
0 73 2 216 3 73 2
1 8 0 95 0 140 0
0 152 2 130 2 130 3
1 184 0 227 1 170 2
0 101 1 119 1 132 1
0 34 2 184 3 119 2
0 84 2 11 1 176 1
1 136 3 206 2 119 2
1 145 0 89 3 92 0
0 165 1 19 1 160 2
1 81 2 252 2 172 1
0 176 2 98 2 4 1
1 241 1 21 3 134 3
0 116 0 96 1 86 3
1 126 2 32 2 16 1
1 54 1 170 1 160 0
1 198 3 111 3 57 3
0 105 2 19 1 138 1
0 66 1 120 2 51 2
1 95 1 244 2 239 1
1 116 2 49 3 241 0
0 120 1 176 0 195 2
1 151 1 47 2 2 3
0 124 1 254 1 115 2
1 179 1 71 1 99 2
1 34 1 152 1 68 0
1 104 1 218 0 27 1
1 247 1 94 2 92 3
0 20 3 30 2 192 3
1 29 3 19 1 124 3
0 40 3 245 2 49 3
0 157 2 50 0 146 3
0 184 3 61 2 46 2
0 66 1 157 2 174 3
1 180 3 155 3 155 1
1 46 3 10 1 255 3
0 76 2 37 3 132 0
0 182 3 117 0 225 1
1 107 3 133 1 62 1
0 35 3 18 0 34 2
0 73 2 102 0 69 0
1 93 1 100 3 10 2
0 139 0 69 0 158 2
1 191 0 132 0 209 3
1 106 1 3 3 224 1
0 73 2 216 3 73 2
1 8 0 95 0 140 0
0 152 2 130 2 130 3
1 184 0 227 1 170 2
0 101 1 119 1 132 1
0 34 2 184 3 119 2
0 84 2 11 1 176 1
1 136 3 206 2 119 2
1 145 0 89 3 92 0
0 165 1 19 1 160 2
1 81 2 252 2 172 1
0 176 2 98 2 4 1
1 241 1 21 3 134 3
0 116 0 96 1 86 3
1 126 2 32 2 16 1
1 54 1 170 1 160 0
1 198 3 111 3 57 3
0 105 2 19 1 138 1
0 66 1 120 2 51 2
1 95 1 244 2 239 1
1 116 2 49 3 241 0
0 120 1 176 0 195 2
1 151 1 47 2 2 3
0 124 1 254 1 115 2
1 179 1 71 1 99 2
1 34 1 152 1 68 0
1 104 1 218 0 27 1
1 247 1 94 2 92 3
0 20 3 30 2 192 3
1 29 3 19 1 124 3
0 40 3 245 2 49 3
0 157 2 50 0 146 3
0 184 3 61 2 46 2
0 66 1 157 2 174 3
1 180 3 155 3 155 1
1 46 3 10 1 255 3
0 76 2 37 3 132 0
0 182 3 117 0 225 1
1 107 3 133 1 62 1
0 35 3 18 0 34 2
0 73 2 102 0 69 0
1 93 1 100 3 10 2
0 139 0 69 0 158 2
1 191 0 132 0 209 3
1 106 1 3 3 224 1
0 123 1 163 3 255 3
1 141 1 46 1 125 3
0 51 3 30 0 243 3
0 209 3 114 2 84 0
0 126 0 176 3 2 1
1 219 1 69 1 133 2
1 1 2 130 3 227 0
0 148 0 232 2 174 0
1 10 2 203 1 215 1
1 0 1 24 3 151 1
0 32 2 242 0 254 1
0 62 1 75 2 12 0
0 87 0 90 2 111 2
1 246 0 76 1 112 1
0 239 2 41 3 66 0
1 148 3 117 1 235 1
1 43 3 167 0 201 2
1 26 3 14 0 136 0
1 96 2 1 3 167 1
1 126 0 114 0 160 1
1 177 2 158 2 144 0
0 188 1 0 0 92 2
0 241 0 71 0 210 3
1 51 1 15 2 65 2
1 154 1 200 3 245 3
1 229 1 93 1 247 2
1 233 2 222 3 23 1
1 165 1 166 1 210 2
1 115 3 136 0 207 3
0 104 0 110 2 195 3
1 212 2 24 3 181 0
1 43 3 40 3 180 2
0 70 1 149 3 241 2
0 44 2 50 1 143 3
0 65 3 81 3 78 0
1 109 2 107 2 75 3
0 116 1 184 0 203 2
0 184 0 73 3 224 3
1 186 3 205 3 165 2
1 149 3 182 0 239 2
1 210 1 199 3 69 1
1 255 0 34 1 124 0
1 4 1 211 0 156 1
0 180 0 139 1 22 3
0 2 2 226 3 216 0
0 73 2 216 3 73 2
1 8 0 95 0 140 0
0 152 2 130 2 130 3
1 184 0 227 1 170 2
0 101 1 119 1 132 1
0 34 2 184 3 119 2
0 84 2 11 1 176 1
1 136 3 206 2 119 2
1 145 0 89 3 92 0
0 165 1 19 1 160 2
1 81 2 252 2 172 1
0 176 2 98 2 4 1
1 241 1 21 3 134 3
0 116 0 96 1 86 3
1 126 2 32 2 16 1
1 54 1 170 1 160 0
1 198 3 111 3 57 3
0 105 2 19 1 138 1
0 66 1 120 2 51 2
1 95 1 244 2 239 1
1 116 2 49 3 241 0
0 120 1 176 0 195 2
1 151 1 47 2 2 3
0 124 1 254 1 115 2
1 179 1 71 1 99 2
1 34 1 152 1 68 0
1 104 1 218 0 27 1
1 247 1 94 2 92 3
0 20 3 30 2 192 3
1 29 3 19 1 124 3
0 40 3 245 2 49 3
0 157 2 50 0 146 3
0 184 3 61 2 46 2
0 66 1 157 2 174 3
1 180 3 155 3 155 1
1 46 3 10 1 255 3
0 76 2 37 3 132 0
0 182 3 117 0 225 1
1 107 3 133 1 62 1
0 35 3 18 0 34 2
0 73 2 102 0 69 0
1 93 1 100 3 10 2
0 139 0 69 0 158 2
1 191 0 132 0 209 3
1 106 1 3 3 224 1
0 73 2 216 3 73 2
1 8 0 95 0 140 0
0 152 2 130 2 130 3
1 184 0 227 1 170 2
0 101 1 119 1 132 1
0 34 2 184 3 119 2
0 84 2 11 1 176 1
1 136 3 206 2 119 2
1 145 0 89 3 92 0
0 165 1 19 1 160 2
1 81 2 252 2 172 1
0 176 2 98 2 4 1
1 241 1 21 3 134 3
0 116 0 96 1 86 3
1 126 2 32 2 16 1
1 54 1 170 1 160 0
1 198 3 111 3 57 3
0 105 2 19 1 138 1
0 66 1 120 2 51 2
1 95 1 244 2 239 1
1 116 2 49 3 241 0
0 120 1 176 0 195 2
1 151 1 47 2 2 3
0 124 1 254 1 115 2
1 179 1 71 1 99 2
1 34 1 152 1 68 0
1 104 1 218 0 27 1
1 247 1 94 2 92 3
0 20 3 30 2 192 3
1 29 3 19 1 124 3
0 40 3 245 2 49 3
0 157 2 50 0 146 3
0 184 3 61 2 46 2
0 66 1 157 2 174 3
1 180 3 155 3 155 1
1 46 3 10 1 255 3
0 76 2 37 3 132 0
0 182 3 117 0 225 1
1 107 3 133 1 62 1
0 35 3 18 0 34 2
0 73 2 102 0 69 0
1 93 1 100 3 10 2
0 139 0 69 0 158 2
1 191 0 132 0 209 3
1 106 1 3 3 224 1
1 110 0 102 3 53 2
0 153 1 10 0 109 3
1 115 3 180 2 192 0
1 20 2 237 1 238 0
0 52 0 164 0 243 3
0 99 1 20 0 40 1
1 251 2 145 1 34 3
1 94 1 78 1 123 1
0 209 2 62 2 5 2
1 187 2 106 3 109 0
0 38 2 160 2 150 3
1 152 3 232 3 221 1
0 226 3 147 3 169 0
0 161 3 119 0 107 2
1 231 1 77 1 195 2
1 59 2 87 2 241 0
1 44 3 110 3 218 2
1 61 1 248 3 25 2
0 247 0 252 0 8 2
1 28 2 109 1 118 1
1 230 0 175 0 89 0
0 151 0 147 1 179 0
0 193 0 85 0 47 1
0 69 0 238 3 167 1
0 75 3 56 3 255 2
1 147 0 181 0 120 1
1 144 0 207 2 80 3
0 19 0 136 1 20 2
1 96 3 27 1 65 0
0 47 3 177 0 163 1
0 248 3 128 0 3 3
0 150 2 22 1 193 3
1 3 3 2 2 4 3
0 0 2 23 0 167 1
0 130 3 35 1 201 0
0 37 0 21 0 130 1
0 53 2 222 3 163 1
0 235 2 83 0 175 3
0 155 2 107 0 189 1
1 64 1 103 2 150 1
0 169 0 212 3 63 0
1 32 1 135 0 85 3
1 191 0 135 1 119 2
1 171 1 71 1 130 3
1 141 0 100 2 70 0
0 73 2 216 3 73 2
1 8 0 95 0 140 0
0 152 2 130 2 130 3
1 184 0 227 1 170 2
0 101 1 119 1 132 1
0 34 2 184 3 119 2
0 84 2 11 1 176 1
1 136 3 206 2 119 2
1 145 0 89 3 92 0
0 165 1 19 1 160 2
1 81 2 252 2 172 1
0 176 2 98 2 4 1
1 241 1 21 3 134 3
0 116 0 96 1 86 3
1 126 2 32 2 16 1
1 54 1 170 1 160 0
1 198 3 111 3 57 3
0 105 2 19 1 138 1
0 66 1 120 2 51 2
1 95 1 244 2 239 1
1 116 2 49 3 241 0
0 120 1 176 0 195 2
1 151 1 47 2 2 3
0 124 1 254 1 115 2
1 179 1 71 1 99 2
1 34 1 152 1 68 0
1 104 1 218 0 27 1
1 247 1 94 2 92 3
0 20 3 30 2 192 3
1 29 3 19 1 124 3
0 40 3 245 2 49 3
0 157 2 50 0 146 3
0 184 3 61 2 46 2
0 66 1 157 2 174 3
1 180 3 155 3 155 1
1 46 3 10 1 255 3
0 76 2 37 3 132 0
0 182 3 117 0 225 1
1 107 3 133 1 62 1
0 35 3 18 0 34 2
0 73 2 102 0 69 0
1 93 1 100 3 10 2
0 139 0 69 0 158 2
1 191 0 132 0 209 3
1 106 1 3 3 224 1
0 73 2 216 3 73 2
1 8 0 95 0 140 0
0 152 2 130 2 130 3
1 184 0 227 1 170 2
0 101 1 119 1 132 1
0 34 2 184 3 119 2
0 84 2 11 1 176 1
1 136 3 206 2 119 2
1 145 0 89 3 92 0
0 165 1 19 1 160 2
1 81 2 252 2 172 1
0 176 2 98 2 4 1
1 241 1 21 3 134 3
0 116 0 96 1 86 3
1 126 2 32 2 16 1
1 54 1 170 1 160 0
1 198 3 111 3 57 3
0 105 2 19 1 138 1
0 66 1 120 2 51 2
1 95 1 244 2 239 1
1 116 2 49 3 241 0
0 120 1 176 0 195 2
1 151 1 47 2 2 3
0 124 1 254 1 115 2
1 179 1 71 1 99 2
1 34 1 152 1 68 0
1 104 1 218 0 27 1
1 247 1 94 2 92 3
0 20 3 30 2 192 3
1 29 3 19 1 124 3
0 40 3 245 2 49 3
0 157 2 50 0 146 3
0 184 3 61 2 46 2
0 66 1 157 2 174 3
1 180 3 155 3 155 1
1 46 3 10 1 255 3
0 76 2 37 3 132 0
0 182 3 117 0 225 1
1 107 3 133 1 62 1
0 35 3 18 0 34 2
0 73 2 102 0 69 0
1 93 1 100 3 10 2
0 139 0 69 0 158 2
1 191 0 132 0 209 3
-1 106 1 3 3 224 1
