0 76 1 40 3 62 2
0 14 3 54 0 51 2
0 70 3 8 1 47 2
1 85 2 88 0 50 1
1 30 3 54 1 59 2
1 2 3 41 1 39 2
1 30 1 95 3 92 0
1 22 2 8 2 94 1
0 72 3 82 3 10 1
1 9 0 51 0 8 2
1 31 0 86 2 1 3
1 17 3 45 3 24 3
0 96 2 40 3 32 2
0 56 3 81 2 26 2
0 85 0 9 0 64 3
1 88 0 33 3 73 3
1 33 0 38 1 93 3
1 40 0 49 2 1 1
1 43 3 54 2 16 1
1 36 0 41 3 31 3
1 18 0 68 2 97 0
1 76 0 13 2 1 3
0 72 2 27 0 30 2
1 84 1 32 1 57 0
0 65 0 90 1 9 0
0 70 2 39 3 41 1
0 46 0 22 0 10 2
1 51 2 49 2 2 1
1 67 2 18 1 34 1
1 19 1 95 2 67 0
1 48 0 90 0 49 2
0 92 0 19 0 44 3
1 66 3 58 3 19 3
1 60 0 5 0 44 1
1 62 0 69 3 95 0
0 90 3 3 2 29 2
1 96 3 29 2 16 3
1 32 2 28 0 61 0
1 83 1 26 0 71 2
0 24 1 51 2 93 0
1 79 3 92 3 40 1
0 27 0 59 3 98 0
0 11 1 33 3 90 2
1 34 2 53 2 52 0
1 2 0 32 1 76 2
0 87 1 69 0 54 1
0 10 2 28 0 90 0
0 2 1 87 1 59 1
1 11 0 2 1 84 3
1 34 1 31 0 63 2
0 97 1 0 0 56 0
1 62 3 70 0 74 1
0 52 1 46 2 33 3
1 5 1 38 1 87 1
1 75 2 24 1 27 1
0 30 3 32 0 29 0
0 31 0 84 0 43 2
0 31 1 41 3 18 1
0 58 1 97 0 85 2
1 28 2 54 2 91 1
1 16 0 64 2 29 3
1 40 3 98 3 70 3
1 10 2 11 2 42 3
0 97 0 93 2 85 2
0 89 3 36 1 98 3
0 4 3 19 3 64 3
1 66 1 94 0 12 3
1 46 1 72 3 39 2
0 45 1 32 2 38 3
0 70 3 74 0 9 1
1 50 0 44 3 83 1
1 84 0 42 3 99 0
1 77 2 9 3 85 3
0 77 1 78 2 29 3
0 45 0 58 0 22 0
0 89 1 21 1 88 2
1 61 0 1 1 99 3
1 97 2 71 1 62 1
0 24 2 37 2 45 3
1 44 2 32 0 18 0
1 29 3 46 2 33 2
0 86 1 41 2 20 3
0 90 2 83 1 12 0
0 95 0 20 3 70 1
1 62 1 72 1 19 1
0 38 0 15 1 26 2
0 29 2 45 3 20 0
0 78 2 49 1 84 2
1 79 1 29 2 21 2
1 72 2 26 0 25 1
1 71 1 16 1 33 1
1 75 0 32 3 77 0
1 49 2 7 3 3 2
1 27 1 98 2 13 2
0 51 1 54 3 59 1
0 85 0 11 0 26 0
0 3 0 73 2 1 0
0 24 3 23 1 20 0
1 8 2 46 3 86 3
0 37 0 69 2 41 3
1 4 2 79 0 0 1
1 2 2 24 2 80 1
0 46 1 83 0 85 0
1 2 1 60 3 90 0
1 69 0 8 3 24 3
0 66 2 19 0 97 1
1 16 3 63 0 53 2
0 56 0 43 0 66 3
0 26 1 81 1 39 3
0 9 0 60 3 40 1
1 95 1 30 0 90 1
1 27 0 0 1 4 2
1 34 0 61 3 11 2
1 85 0 1 1 75 3
0 5 0 93 1 69 0
1 24 0 14 2 58 2
1 55 1 46 0 53 3
1 81 2 75 0 37 3
1 2 2 11 0 33 0
1 20 2 4 2 3 3
0 20 1 8 2 30 3
0 34 1 24 1 2 2
0 66 0 18 1 24 0
0 99 3 74 2 12 3
1 68 0 66 2 45 3
0 60 0 25 0 94 2
0 80 1 37 3 80 1
1 10 3 91 1 54 0
1 33 3 19 0 52 0
0 4 0 77 1 89 2
1 3 2 47 2 27 1
1 19 3 62 3 82 0
1 52 2 58 1 83 2
0 71 2 90 1 77 3
1 87 3 0 2 68 3
1 71 1 16 1 33 1
1 75 0 32 3 77 0
1 49 2 7 3 3 2
1 27 1 98 2 13 2
0 51 1 54 3 59 1
0 85 0 11 0 26 0
0 3 0 73 2 1 0
0 24 3 23 1 20 0
1 8 2 46 3 86 3
0 37 0 69 2 41 3
1 4 2 79 0 0 1
1 2 2 24 2 80 1
0 46 1 83 0 85 0
1 2 1 60 3 90 0
1 69 0 8 3 24 3
0 66 2 19 0 97 1
1 16 3 63 0 53 2
0 56 0 43 0 66 3
0 26 1 81 1 39 3
0 9 0 60 3 40 1
1 95 1 30 0 90 1
1 27 0 0 1 4 2
1 34 0 61 3 11 2
1 85 0 1 1 75 3
0 5 0 93 1 69 0
1 24 0 14 2 58 2
1 55 1 46 0 53 3
1 81 2 75 0 37 3
1 2 2 11 0 33 0
1 20 2 4 2 3 3
0 20 1 8 2 30 3
0 34 1 24 1 2 2
0 66 0 18 1 24 0
0 99 3 74 2 12 3
1 68 0 66 2 45 3
0 60 0 25 0 94 2
0 80 1 37 3 80 1
1 10 3 91 1 54 0
1 33 3 19 0 52 0
0 4 0 77 1 89 2
1 3 2 47 2 27 1
1 19 3 62 3 82 0
1 52 2 58 1 83 2
0 71 2 90 1 77 3
1 87 3 0 2 68 3
1 76 1 99 1 4 0
0 54 2 3 3 74 2
1 7 1 59 0 86 1
1 81 1 17 3 52 2
1 54 1 9 3 74 2
1 35 2 26 3 12 2
0 85 2 16 3 7 2
0 81 1 54 1 28 1
1 43 1 32 3 18 3
0 14 2 66 3 62 1
1 74 0 95 2 81 0
0 29 2 24 3 86 0
1 1 2 14 3 95 3
0 43 0 55 1 41 2
1 14 2 64 1 78 2
1 79 2 86 3 65 3
0 21 2 70 1 25 1
1 93 0 25 1 49 1
0 69 0 93 3 69 0
1 58 3 98 3 41 1
0 79 2 83 0 95 0
0 47 1 47 1 26 3
0 24 3 99 3 3 0
1 12 3 3 3 95 0
1 79 0 10 1 33 1
0 39 3 49 1 94 1
1 84 1 10 0 4 1
1 45 0 23 0 76 1
0 46 0 90 2 8 3
0 21 2 78 3 18 3
1 38 2 65 3 11 2
1 81 2 93 2 52 0
0 72 2 79 1 65 1
0 30 2 72 0 52 0
1 23 1 29 0 22 3
0 16 3 86 0 11 2
1 18 1 22 0 55 3
0 96 0 73 3 20 2
1 49 3 53 2 29 1
1 61 2 26 2 2 3
0 83 1 23 1 49 3
0 1 1 59 1 1 0
0 55 0 46 2 60 0
0 5 2 65 0 69 1
0 86 3 43 0 75 1
1 71 1 16 1 33 1
1 75 0 32 3 77 0
1 49 2 7 3 3 2
1 27 1 98 2 13 2
0 51 1 54 3 59 1
0 85 0 11 0 26 0
0 3 0 73 2 1 0
0 24 3 23 1 20 0
1 8 2 46 3 86 3
0 37 0 69 2 41 3
1 4 2 79 0 0 1
1 2 2 24 2 80 1
0 46 1 83 0 85 0
1 2 1 60 3 90 0
1 69 0 8 3 24 3
0 66 2 19 0 97 1
1 16 3 63 0 53 2
0 56 0 43 0 66 3
0 26 1 81 1 39 3
0 9 0 60 3 40 1
1 95 1 30 0 90 1
1 27 0 0 1 4 2
1 34 0 61 3 11 2
1 85 0 1 1 75 3
0 5 0 93 1 69 0
1 24 0 14 2 58 2
1 55 1 46 0 53 3
1 81 2 75 0 37 3
1 2 2 11 0 33 0
1 20 2 4 2 3 3
0 20 1 8 2 30 3
0 34 1 24 1 2 2
0 66 0 18 1 24 0
0 99 3 74 2 12 3
1 68 0 66 2 45 3
0 60 0 25 0 94 2
0 80 1 37 3 80 1
1 10 3 91 1 54 0
1 33 3 19 0 52 0
0 4 0 77 1 89 2
1 3 2 47 2 27 1
1 19 3 62 3 82 0
1 52 2 58 1 83 2
0 71 2 90 1 77 3
1 87 3 0 2 68 3
1 71 1 16 1 33 1
1 75 0 32 3 77 0
1 49 2 7 3 3 2
1 27 1 98 2 13 2
0 51 1 54 3 59 1
0 85 0 11 0 26 0
0 3 0 73 2 1 0
0 24 3 23 1 20 0
1 8 2 46 3 86 3
0 37 0 69 2 41 3
1 4 2 79 0 0 1
1 2 2 24 2 80 1
0 46 1 83 0 85 0
1 2 1 60 3 90 0
1 69 0 8 3 24 3
0 66 2 19 0 97 1
1 16 3 63 0 53 2
0 56 0 43 0 66 3
0 26 1 81 1 39 3
0 9 0 60 3 40 1
1 95 1 30 0 90 1
1 27 0 0 1 4 2
1 34 0 61 3 11 2
1 85 0 1 1 75 3
0 5 0 93 1 69 0
1 24 0 14 2 58 2
1 55 1 46 0 53 3
1 81 2 75 0 37 3
1 2 2 11 0 33 0
1 20 2 4 2 3 3
0 20 1 8 2 30 3
0 34 1 24 1 2 2
0 66 0 18 1 24 0
0 99 3 74 2 12 3
1 68 0 66 2 45 3
0 60 0 25 0 94 2
0 80 1 37 3 80 1
1 10 3 91 1 54 0
1 33 3 19 0 52 0
0 4 0 77 1 89 2
1 3 2 47 2 27 1
1 19 3 62 3 82 0
1 52 2 58 1 83 2
0 71 2 90 1 77 3
1 87 3 0 2 68 3
1 71 1 16 1 33 1
1 75 0 32 3 77 0
1 49 2 7 3 3 2
1 27 1 98 2 13 2
0 51 1 54 3 59 1
0 85 0 11 0 26 0
0 3 0 73 2 1 0
0 24 3 23 1 20 0
1 8 2 46 3 86 3
0 37 0 69 2 41 3
1 4 2 79 0 0 1
1 2 2 24 2 80 1
0 46 1 83 0 85 0
1 2 1 60 3 90 0
1 69 0 8 3 24 3
0 66 2 19 0 97 1
1 16 3 63 0 53 2
0 56 0 43 0 66 3
0 26 1 81 1 39 3
0 9 0 60 3 40 1
1 95 1 30 0 90 1
1 27 0 0 1 4 2
1 34 0 61 3 11 2
1 85 0 1 1 75 3
0 5 0 93 1 69 0
1 24 0 14 2 58 2
1 55 1 46 0 53 3
1 81 2 75 0 37 3
1 2 2 11 0 33 0
1 20 2 4 2 3 3
0 20 1 8 2 30 3
0 34 1 24 1 2 2
0 66 0 18 1 24 0
0 99 3 74 2 12 3
1 68 0 66 2 45 3
0 60 0 25 0 94 2
0 80 1 37 3 80 1
1 10 3 91 1 54 0
1 33 3 19 0 52 0
0 4 0 77 1 89 2
1 3 2 47 2 27 1
1 19 3 62 3 82 0
1 52 2 58 1 83 2
0 71 2 90 1 77 3
1 87 3 0 2 68 3
0 39 2 80 1 18 3
0 97 2 7 2 91 2
1 93 0 98 0 25 1
1 95 1 5 3 7 0
1 35 0 77 2 57 1
0 63 3 47 3 77 1
1 58 3 35 1 93 2
0 75 3 19 2 2 3
1 98 0 69 3 0 1
0 88 2 9 2 99 1
0 4 0 62 2 70 0
0 57 1 18 2 76 3
0 70 0 79 1 82 0
0 93 3 88 3 35 3
0 16 2 27 1 95 3
1 14 1 70 3 93 2
1 9 3 73 3 8 1
1 59 3 13 2 56 0
0 54 0 67 1 44 0
1 50 1 86 2 90 1
0 99 3 40 2 24 0
1 21 1 65 1 4 2
0 46 0 80 1 9 2
0 64 1 20 0 35 2
0 39 1 80 3 49 1
1 38 2 51 2 57 3
0 82 1 14 2 6 0
0 44 2 94 0 21 0
0 91 3 25 1 60 1
1 35 1 13 2 80 3
0 81 0 61 3 39 2
1 39 2 76 3 55 3
0 38 0 94 3 14 1
0 91 3 33 2 71 0
0 47 3 19 3 14 1
0 84 1 82 1 96 2
0 77 3 88 3 91 1
1 87 2 3 1 39 3
1 72 3 81 3 80 0
1 28 1 73 2 28 3
1 17 1 82 0 71 0
1 68 0 73 1 97 2
0 49 0 61 1 71 0
0 46 2 31 2 84 2
0 81 3 7 0 34 2
1 70 2 35 2 42 3
0 96 2 94 0 48 0
1 77 1 2 1 74 1
1 25 1 36 1 73 2
1 19 1 75 0 41 0
0 87 2 67 1 68 1
0 79 1 19 0 41 3
0 17 3 56 0 18 0
1 64 0 91 1 61 1
0 91 0 20 3 20 3
1 63 2 19 3 89 2
0 45 1 9 3 19 1
1 27 3 30 3 86 0
0 26 3 22 2 50 0
0 48 1 34 3 2 2
1 12 2 77 1 36 2
1 98 0 92 2 4 0
1 27 3 61 3 73 0
0 7 1 1 3 35 0
0 36 0 60 2 54 2
1 83 0 86 0 38 3
0 4 2 83 3 92 2
1 74 0 49 0 64 3
0 2 2 80 1 92 0
0 24 0 69 0 61 1
0 30 3 12 2 43 2
0 3 0 44 2 68 1
0 85 2 61 0 79 3
0 40 3 33 1 16 2
1 80 2 36 3 19 0
1 68 3 32 0 80 1
1 39 1 61 2 11 3
1 74 2 9 1 85 2
1 45 3 44 1 35 3
0 23 0 41 1 15 3
1 42 0 24 0 77 0
0 85 3 73 1 21 0
0 11 0 9 3 74 0
1 25 0 71 1 72 1
1 85 0 41 3 23 2
1 25 3 63 2 45 0
0 55 1 36 0 10 0
0 7 1 72 2 60 0
1 92 1 9 2 27 1
1 21 3 94 0 57 1
1 71 1 16 1 33 1
1 75 0 32 3 77 0
1 49 2 7 3 3 2
1 27 1 98 2 13 2
0 51 1 54 3 59 1
0 85 0 11 0 26 0
0 3 0 73 2 1 0
0 24 3 23 1 20 0
1 8 2 46 3 86 3
0 37 0 69 2 41 3
1 4 2 79 0 0 1
1 2 2 24 2 80 1
0 46 1 83 0 85 0
1 2 1 60 3 90 0
1 69 0 8 3 24 3
0 66 2 19 0 97 1
1 16 3 63 0 53 2
0 56 0 43 0 66 3
0 26 1 81 1 39 3
0 9 0 60 3 40 1
1 95 1 30 0 90 1
1 27 0 0 1 4 2
1 34 0 61 3 11 2
1 85 0 1 1 75 3
0 5 0 93 1 69 0
1 24 0 14 2 58 2
1 55 1 46 0 53 3
1 81 2 75 0 37 3
1 2 2 11 0 33 0
1 20 2 4 2 3 3
0 20 1 8 2 30 3
0 34 1 24 1 2 2
0 66 0 18 1 24 0
0 99 3 74 2 12 3
1 68 0 66 2 45 3
0 60 0 25 0 94 2
0 80 1 37 3 80 1
1 10 3 91 1 54 0
1 33 3 19 0 52 0
0 4 0 77 1 89 2
1 3 2 47 2 27 1
1 19 3 62 3 82 0
1 52 2 58 1 83 2
0 71 2 90 1 77 3
1 87 3 0 2 68 3
1 67 3 54 0 93 1
1 17 1 86 3 73 1
0 41 3 99 3 52 1
0 5 0 76 2 85 3
0 65 0 15 2 94 2
0 22 2 45 0 11 2
0 87 1 64 3 9 0
1 86 1 94 2 21 3
1 69 2 85 0 67 1
0 82 0 80 3 3 3
0 63 2 3 3 95 3
0 99 1 49 2 4 0
1 46 2 48 0 86 1
0 14 0 9 1 14 1
1 77 1 64 0 44 2
1 1 1 51 2 49 1
1 25 3 87 0 50 3
0 77 3 25 1 6 2
1 57 0 77 2 36 3
1 34 0 71 3 45 0
1 14 2 38 0 59 0
1 25 1 20 2 48 2
1 62 0 17 0 1 1
0 83 1 41 1 97 2
0 31 3 1 1 0 1
1 21 0 26 3 78 1
0 46 0 49 3 22 1
1 12 1 1 1 95 3
1 98 0 74 1 55 2
0 99 0 43 0 26 0
1 19 3 16 1 81 1
0 12 1 59 3 82 1
1 90 2 71 1 82 0
1 69 1 87 2 32 1
1 93 2 75 3 96 0
1 60 1 87 1 34 0
1 72 2 30 3 21 2
0 64 2 9 2 15 3
0 41 2 8 2 27 1
0 3 2 65 2 88 1
0 11 2 18 2 7 2
1 57 3 0 2 86 2
0 62 1 50 2 96 3
1 11 1 47 1 59 2
0 57 0 90 2 53 0
1 71 1 16 1 33 1
1 75 0 32 3 77 0
1 49 2 7 3 3 2
1 27 1 98 2 13 2
0 51 1 54 3 59 1
0 85 0 11 0 26 0
0 3 0 73 2 1 0
0 24 3 23 1 20 0
1 8 2 46 3 86 3
0 37 0 69 2 41 3
1 4 2 79 0 0 1
1 2 2 24 2 80 1
0 46 1 83 0 85 0
1 2 1 60 3 90 0
1 69 0 8 3 24 3
0 66 2 19 0 97 1
1 16 3 63 0 53 2
0 56 0 43 0 66 3
0 26 1 81 1 39 3
0 9 0 60 3 40 1
1 95 1 30 0 90 1
1 27 0 0 1 4 2
1 34 0 61 3 11 2
1 85 0 1 1 75 3
0 5 0 93 1 69 0
1 24 0 14 2 58 2
1 55 1 46 0 53 3
1 81 2 75 0 37 3
1 2 2 11 0 33 0
1 20 2 4 2 3 3
0 20 1 8 2 30 3
0 34 1 24 1 2 2
0 66 0 18 1 24 0
0 99 3 74 2 12 3
1 68 0 66 2 45 3
0 60 0 25 0 94 2
0 80 1 37 3 80 1
1 10 3 91 1 54 0
1 33 3 19 0 52 0
0 4 0 77 1 89 2
1 3 2 47 2 27 1
1 19 3 62 3 82 0
1 52 2 58 1 83 2
0 71 2 90 1 77 3
1 87 3 0 2 68 3
1 90 0 83 0 25 3
1 29 0 5 0 31 1
1 39 2 69 0 27 0
0 88 2 7 0 87 1
0 95 0 11 0 17 3
0 26 1 59 1 58 2
1 90 3 46 2 30 3
0 73 2 46 1 94 0
0 69 2 10 0 69 0
0 52 2 43 3 27 0
1 58 0 29 0 72 1
1 87 3 84 1 71 3
0 68 2 23 1 75 0
1 92 1 72 3 23 0
0 80 2 26 2 79 3
1 63 0 22 2 69 1
0 93 3 99 1 62 2
1 26 0 22 3 35 1
0 15 2 93 2 48 0
0 14 0 64 2 18 0
1 94 0 61 3 60 1
1 69 3 60 2 13 2
0 66 0 86 0 84 0
0 76 2 79 2 13 0
0 92 1 68 2 7 0
0 45 1 17 2 37 0
1 95 0 59 1 50 3
1 71 3 65 1 28 0
0 81 3 64 1 67 3
1 77 1 80 1 23 0
1 65 1 35 1 35 1
1 83 2 81 0 23 0
1 44 1 23 2 27 3
1 6 2 49 3 83 0
0 65 0 13 3 27 2
0 4 0 83 3 76 3
1 5 0 42 1 49 1
1 82 0 78 2 88 1
1 85 3 88 0 67 1
0 8 0 23 0 14 3
1 93 1 25 3 39 2
0 68 0 86 2 94 1
0 84 3 3 1 95 2
1 19 3 89 1 99 3
0 96 2 94 0 54 2
1 71 1 16 1 33 1
1 75 0 32 3 77 0
1 49 2 7 3 3 2
1 27 1 98 2 13 2
0 51 1 54 3 59 1
0 85 0 11 0 26 0
0 3 0 73 2 1 0
0 24 3 23 1 20 0
1 8 2 46 3 86 3
0 37 0 69 2 41 3
1 4 2 79 0 0 1
1 2 2 24 2 80 1
0 46 1 83 0 85 0
1 2 1 60 3 90 0
1 69 0 8 3 24 3
0 66 2 19 0 97 1
1 16 3 63 0 53 2
0 56 0 43 0 66 3
0 26 1 81 1 39 3
0 9 0 60 3 40 1
1 95 1 30 0 90 1
1 27 0 0 1 4 2
1 34 0 61 3 11 2
1 85 0 1 1 75 3
0 5 0 93 1 69 0
1 24 0 14 2 58 2
1 55 1 46 0 53 3
1 81 2 75 0 37 3
1 2 2 11 0 33 0
1 20 2 4 2 3 3
0 20 1 8 2 30 3
0 34 1 24 1 2 2
0 66 0 18 1 24 0
0 99 3 74 2 12 3
1 68 0 66 2 45 3
0 60 0 25 0 94 2
0 80 1 37 3 80 1
1 10 3 91 1 54 0
1 33 3 19 0 52 0
0 4 0 77 1 89 2
1 3 2 47 2 27 1
1 19 3 62 3 82 0
1 52 2 58 1 83 2
0 71 2 90 1 77 3
1 87 3 0 2 68 3
0 56 1 72 3 71 1
1 22 2 24 1 54 3
0 83 3 11 0 99 0
0 28 0 52 1 8 2
1 78 0 98 1 87 1
1 38 1 44 2 16 3
0 97 0 85 1 21 2
0 43 3 91 2 18 3
0 39 3 48 0 14 2
1 44 0 94 3 95 2
1 28 0 88 3 63 1
0 88 2 7 3 15 1
1 4 1 99 3 10 1
0 77 2 16 3 88 0
0 60 1 74 1 33 3
1 68 0 46 1 16 3
0 67 1 23 1 29 2
0 41 0 46 0 35 0
1 31 0 77 3 46 0
0 2 3 61 3 75 1
0 35 3 48 1 53 3
0 16 1 22 2 60 3
0 15 0 68 1 43 1
0 27 0 30 1 58 3
1 5 2 79 2 66 2
1 71 1 91 2 45 1
1 32 3 30 1 0 0
1 15 3 82 0 84 3
0 35 3 13 0 75 3
1 57 2 81 2 86 0
1 74 0 76 3 12 0
0 35 0 61 3 33 2
0 85 2 48 1 29 3
1 69 2 12 2 0 0
1 74 1 21 1 60 0
0 52 1 87 1 4 3
0 94 0 78 2 80 1
0 46 2 80 2 85 1
0 29 3 83 0 30 1
0 32 2 17 0 84 1
0 61 0 97 0 35 2
1 45 1 1 2 82 2
0 62 3 92 3 3 1
1 43 2 13 1 35 1
1 53 2 86 2 62 0
1 71 1 16 1 33 1
1 75 0 32 3 77 0
1 49 2 7 3 3 2
1 27 1 98 2 13 2
0 51 1 54 3 59 1
0 85 0 11 0 26 0
0 3 0 73 2 1 0
0 24 3 23 1 20 0
1 8 2 46 3 86 3
0 37 0 69 2 41 3
1 4 2 79 0 0 1
1 2 2 24 2 80 1
0 46 1 83 0 85 0
1 2 1 60 3 90 0
1 69 0 8 3 24 3
0 66 2 19 0 97 1
1 16 3 63 0 53 2
0 56 0 43 0 66 3
0 26 1 81 1 39 3
0 9 0 60 3 40 1
1 95 1 30 0 90 1
1 27 0 0 1 4 2
1 34 0 61 3 11 2
1 85 0 1 1 75 3
0 5 0 93 1 69 0
1 24 0 14 2 58 2
1 55 1 46 0 53 3
1 81 2 75 0 37 3
1 2 2 11 0 33 0
1 20 2 4 2 3 3
0 20 1 8 2 30 3
0 34 1 24 1 2 2
0 66 0 18 1 24 0
0 99 3 74 2 12 3
1 68 0 66 2 45 3
0 60 0 25 0 94 2
0 80 1 37 3 80 1
1 10 3 91 1 54 0
1 33 3 19 0 52 0
0 4 0 77 1 89 2
1 3 2 47 2 27 1
1 19 3 62 3 82 0
1 52 2 58 1 83 2
0 71 2 90 1 77 3
1 87 3 0 2 68 3
1 71 1 16 1 33 1
1 75 0 32 3 77 0
1 49 2 7 3 3 2
1 27 1 98 2 13 2
0 51 1 54 3 59 1
0 85 0 11 0 26 0
0 3 0 73 2 1 0
0 24 3 23 1 20 0
1 8 2 46 3 86 3
0 37 0 69 2 41 3
1 4 2 79 0 0 1
1 2 2 24 2 80 1
0 46 1 83 0 85 0
1 2 1 60 3 90 0
1 69 0 8 3 24 3
0 66 2 19 0 97 1
1 16 3 63 0 53 2
0 56 0 43 0 66 3
0 26 1 81 1 39 3
0 9 0 60 3 40 1
1 95 1 30 0 90 1
1 27 0 0 1 4 2
1 34 0 61 3 11 2
1 85 0 1 1 75 3
0 5 0 93 1 69 0
1 24 0 14 2 58 2
1 55 1 46 0 53 3
1 81 2 75 0 37 3
1 2 2 11 0 33 0
1 20 2 4 2 3 3
0 20 1 8 2 30 3
0 34 1 24 1 2 2
0 66 0 18 1 24 0
0 99 3 74 2 12 3
1 68 0 66 2 45 3
0 60 0 25 0 94 2
0 80 1 37 3 80 1
1 10 3 91 1 54 0
1 33 3 19 0 52 0
0 4 0 77 1 89 2
1 3 2 47 2 27 1
1 19 3 62 3 82 0
1 52 2 58 1 83 2
0 71 2 90 1 77 3
1 87 3 0 2 68 3
1 94 1 61 0 93 1
1 93 3 85 2 15 0
0 64 0 14 1 19 2
0 97 0 13 1 29 2
1 94 2 82 1 17 0
1 99 1 79 1 8 1
0 42 2 64 3 25 0
1 68 3 42 0 72 2
0 20 0 51 2 15 0
1 31 3 37 2 41 2
1 77 0 41 3 12 3
0 56 1 75 0 28 2
0 78 0 5 3 40 3
1 37 0 41 0 0 0
1 37 0 43 2 65 1
1 64 0 17 2 28 0
0 64 2 90 1 4 3
1 2 1 2 1 29 3
0 48 0 69 2 35 2
1 3 3 67 2 61 2
0 98 1 42 0 20 1
0 44 3 72 2 41 0
1 69 0 60 0 54 2
0 30 2 40 3 2 1
1 63 1 46 0 31 2
0 39 0 97 2 39 3
1 45 1 37 0 20 0
0 31 0 8 2 8 1
0 70 0 61 1 17 0
0 32 0 3 0 33 3
0 2 2 19 1 92 2
1 56 0 58 3 21 1
0 42 0 96 3 30 0
0 85 1 3 0 82 3
1 83 2 93 1 78 0
0 17 0 19 2 31 2
0 16 0 8 3 97 0
1 65 2 30 0 30 3
1 54 2 12 3 33 1
1 57 2 55 1 52 1
0 92 2 74 3 56 3
1 33 0 62 2 70 3
1 71 0 38 3 95 3
0 70 3 15 1 35 2
1 3 0 88 1 54 0
1 7 2 7 1 34 3
1 9 3 76 2 75 2
0 35 1 74 3 52 3
0 82 1 46 3 18 3
1 21 3 49 1 20 3
1 30 1 21 1 36 0
0 79 0 2 1 91 2
0 88 3 31 0 11 2
0 81 1 69 0 66 1
0 28 3 71 3 30 3
0 63 0 21 0 18 2
0 64 3 72 2 72 3
1 27 3 31 2 94 0
0 30 3 4 2 32 0
1 91 1 80 3 94 3
1 55 0 61 3 98 1
1 15 2 46 3 57 3
0 19 0 29 2 8 2
1 69 3 86 1 96 0
0 12 3 10 2 38 0
1 57 0 91 3 34 3
0 0 1 31 2 11 1
1 50 0 13 0 8 3
1 44 1 93 3 84 0
0 98 2 22 2 4 1
1 48 2 58 2 52 0
0 43 0 66 3 81 1
1 72 2 46 1 50 3
1 37 0 11 1 22 3
1 57 3 71 1 43 0
0 95 3 86 1 78 0
1 89 2 91 2 14 3
1 41 2 92 1 89 0
0 29 2 88 2 36 0
0 53 0 44 1 28 0
1 47 2 77 0 71 1
0 84 1 32 2 7 1
0 7 0 43 1 65 1
0 60 0 57 3 4 3
0 96 1 25 2 92 3
1 28 2 87 2 95 2
0 27 3 91 1 1 2
1 36 0 77 0 7 2
1 22 3 36 2 30 2
1 25 2 18 2 92 2
1 71 1 16 1 33 1
1 75 0 32 3 77 0
1 49 2 7 3 3 2
1 27 1 98 2 13 2
0 51 1 54 3 59 1
0 85 0 11 0 26 0
0 3 0 73 2 1 0
0 24 3 23 1 20 0
1 8 2 46 3 86 3
0 37 0 69 2 41 3
1 4 2 79 0 0 1
1 2 2 24 2 80 1
0 46 1 83 0 85 0
1 2 1 60 3 90 0
1 69 0 8 3 24 3
0 66 2 19 0 97 1
1 16 3 63 0 53 2
0 56 0 43 0 66 3
0 26 1 81 1 39 3
0 9 0 60 3 40 1
1 95 1 30 0 90 1
1 27 0 0 1 4 2
1 34 0 61 3 11 2
1 85 0 1 1 75 3
0 5 0 93 1 69 0
1 24 0 14 2 58 2
1 55 1 46 0 53 3
1 81 2 75 0 37 3
1 2 2 11 0 33 0
1 20 2 4 2 3 3
0 20 1 8 2 30 3
0 34 1 24 1 2 2
0 66 0 18 1 24 0
0 99 3 74 2 12 3
1 68 0 66 2 45 3
0 60 0 25 0 94 2
0 80 1 37 3 80 1
1 10 3 91 1 54 0
1 33 3 19 0 52 0
0 4 0 77 1 89 2
1 3 2 47 2 27 1
1 19 3 62 3 82 0
1 52 2 58 1 83 2
0 71 2 90 1 77 3
1 87 3 0 2 68 3
0 35 2 1 3 82 0
0 95 1 19 3 48 0
0 43 1 53 1 46 1
1 71 2 24 1 14 3
1 35 1 54 1 9 2
1 13 3 91 1 34 1
1 49 2 40 3 62 1
0 33 0 42 0 50 1
0 59 2 99 3 84 0
0 33 0 7 2 59 2
1 54 2 31 1 42 1
0 50 2 88 1 93 0
0 79 3 62 1 32 1
1 1 1 72 0 24 0
1 29 0 67 0 42 1
1 30 3 81 0 5 3
1 15 3 44 2 36 2
0 60 0 11 3 77 2
0 49 1 65 3 34 1
0 96 0 73 2 58 3
0 80 3 28 0 5 1
1 49 3 11 0 11 0
1 82 2 59 3 44 0
0 51 0 88 0 35 1
1 6 1 87 1 92 1
0 38 1 79 3 47 1
1 18 2 6 2 4 1
0 18 3 18 3 91 0
1 47 3 68 2 37 3
1 17 0 79 0 90 2
1 65 1 0 2 33 2
1 40 3 48 1 21 2
0 72 0 25 2 40 1
0 11 3 99 2 19 0
1 55 0 20 3 72 2
1 16 3 86 0 17 0
0 74 0 46 0 17 2
0 67 0 17 2 68 0
1 92 2 72 3 22 0
1 5 0 42 1 36 0
0 36 1 94 0 44 3
1 81 0 77 1 44 2
1 61 1 88 1 58 2
1 97 2 75 0 95 3
-1 66 3 57 3 31 2
