0 32 0 29 1 40 3
0 38 1 18 0 32 0
1 24 2 60 1 27 3
1 33 3 44 2 50 2
1 20 1 55 3 43 0
0 8 2 56 1 41 0
0 42 0 28 0 21 2
1 46 2 24 2 39 2
1 20 1 33 1 57 0
0 38 3 35 1 33 1
0 29 2 58 2 35 3
0 30 1 46 2 4 2
0 49 0 35 0 59 1
0 11 2 36 2 4 3
0 7 2 6 0 38 1
1 61 3 37 0 30 2
0 20 1 60 1 2 1
0 5 1 25 3 55 2
0 18 3 25 3 2 0
1 43 1 6 0 36 3
1 3 3 11 1 18 1
0 32 0 4 3 60 2
1 39 2 54 0 15 1
0 60 2 39 1 61 2
0 49 0 1 1 49 2
1 32 1 46 1 52 0
1 23 0 33 1 2 3
0 20 3 39 0 36 3
0 11 3 6 0 49 3
1 63 0 62 2 27 1
0 10 1 37 2 28 2
1 2 0 44 1 2 3
1 63 2 41 3 58 0
1 39 3 19 3 0 1
1 43 2 33 1 19 3
0 27 0 26 0 11 1
1 15 1 11 3 27 3
0 48 2 40 3 3 0
1 19 3 19 1 0 1
1 25 2 22 1 28 1
0 23 1 13 1 17 1
1 28 2 42 0 18 1
0 52 0 39 0 9 2
0 53 2 59 3 20 2
1 27 1 57 0 24 3
0 18 3 18 0 38 3
1 9 1 1 3 16 0
1 1 3 27 0 50 3
1 20 2 46 2 51 0
1 25 1 9 3 58 0
1 60 3 8 2 27 1
0 9 2 57 1 46 0
1 60 0 16 3 55 1
0 23 0 59 2 13 3
1 24 0 53 1 5 0
0 44 3 5 1 27 1
0 24 0 48 2 28 0
0 9 2 59 3 25 3
1 48 2 29 2 36 2
1 54 1 25 0 60 3
1 5 0 55 1 6 2
1 4 3 25 0 19 1
1 15 3 59 3 60 0
0 1 0 50 1 37 2
1 6 2 24 1 16 0
1 44 2 0 1 37 2
1 33 0 1 2 36 3
1 12 2 49 3 20 2
1 13 1 55 2 26 3
1 52 3 20 1 41 0
0 34 0 32 3 55 2
0 27 2 19 0 16 2
0 8 0 20 3 20 2
1 22 2 10 3 39 0
0 5 3 22 1 62 2
0 15 1 47 3 2 1
1 45 3 60 0 11 0
0 19 3 8 0 18 2
1 39 0 55 0 27 3
1 8 1 47 3 18 3
0 8 3 49 3 52 2
0 46 1 0 0 63 1
0 53 2 63 3 57 1
0 58 3 17 0 4 3
1 4 1 25 1 55 3
1 37 0 8 2 38 2
1 27 1 23 1 50 1
0 13 0 32 2 19 2
1 57 3 36 2 61 2
1 49 1 61 1 29 2
0 47 0 37 1 1 2
0 56 3 45 3 13 3
1 53 3 2 3 60 3
1 63 1 24 1 17 1
1 28 1 25 3 41 3
1 31 2 18 1 48 0
0 13 3 4 2 2 2
0 46 2 16 0 7 1
0 19 2 53 0 37 3
0 43 1 41 3 4 2
1 37 1 17 3 0 0
0 11 1 49 1 20 3
1 47 3 28 0 17 2
1 41 2 9 0 58 0
0 62 2 13 2 25 3
1 10 0 59 1 24 1
1 39 3 30 2 24 0
1 39 3 1 2 4 1
1 0 1 4 1 44 0
1 6 1 63 0 1 0
1 57 3 3 0 32 0
0 11 1 25 1 54 1
1 8 2 28 3 29 3
1 60 0 55 0 62 0
0 21 3 21 1 51 2
0 53 2 7 0 28 0
1 51 3 60 1 42 2
1 4 1 36 3 1 2
1 8 0 51 3 46 2
1 23 1 46 3 29 3
1 43 2 55 3 45 1
0 16 1 44 3 57 1
0 42 3 19 0 47 0
1 18 0 28 1 15 0
0 49 0 62 1 44 1
1 40 2 52 1 15 0
1 10 3 23 0 59 3
1 20 1 4 3 27 1
0 43 2 4 0 41 3
0 38 0 59 2 32 2
1 23 2 20 0 45 2
1 48 2 57 1 20 3
0 48 2 51 0 39 3
0 46 3 56 1 60 3
0 18 3 30 3 38 0
0 61 2 46 0 18 2
1 18 0 15 3 57 1
1 49 2 54 0 29 2
0 50 3 24 1 49 1
0 50 0 43 1 20 0
0 43 0 41 3 17 0
1 35 2 46 2 43 3
0 24 1 58 2 53 1
0 1 3 17 1 23 3
1 43 2 7 0 8 1
0 58 3 37 1 46 2
0 52 0 35 0 32 2
1 50 2 16 2 48 0
0 32 0 18 3 41 2
1 42 2 6 1 20 0
1 55 0 34 0 18 1
1 2 2 40 0 49 1
0 7 1 0 2 3 0
1 29 0 1 1 37 1
1 59 3 63 3 8 0
1 61 0 30 3 59 1
0 18 0 2 1 46 1
1 55 1 36 0 3 3
1 47 0 14 1 10 0
1 24 3 63 0 31 2
0 57 2 48 1 29 1
0 10 0 58 1 39 2
0 7 1 55 1 22 1
1 19 3 27 1 58 2
0 6 2 52 3 36 3
1 21 1 34 3 24 0
1 35 1 63 1 14 2
1 14 3 58 1 17 2
1 28 0 52 2 12 3
0 3 0 50 3 46 3
1 62 1 27 0 31 2
0 42 1 35 0 42 0
1 7 2 4 2 21 3
1 34 1 13 0 7 0
0 26 0 55 3 52 3
1 34 3 14 0 43 0
0 10 0 10 0 11 2
1 34 1 2 1 9 2
1 42 3 1 0 26 2
0 42 3 39 1 56 1
1 36 3 51 1 12 0
0 16 0 38 1 24 3
1 0 2 59 2 52 3
0 7 3 5 3 8 1
1 36 2 23 3 23 3
1 18 2 51 3 24 2
1 56 0 0 0 34 2
1 48 3 42 0 8 1
1 47 2 40 1 25 1
1 36 2 33 2 38 2
0 36 2 22 3 46 1
0 36 3 61 3 51 1
0 15 3 33 2 53 2
0 18 1 4 3 19 1
0 57 2 53 3 55 0
0 13 1 5 2 48 0
1 62 0 44 1 18 0
1 56 0 39 2 34 0
1 58 1 23 0 33 2
0 20 3 39 3 46 3
0 51 1 19 3 41 2
0 56 1 40 2 2 1
0 35 3 1 2 60 2
1 6 0 34 2 60 0
1 44 2 43 1 14 1
1 59 3 21 1 15 2
0 25 2 16 1 51 2
0 38 1 10 2 45 0
0 60 2 62 0 62 1
1 42 0 6 3 5 1
0 15 1 6 2 56 2
0 19 1 3 2 43 1
0 22 1 56 1 42 3
1 45 2 60 1 5 0
0 59 2 23 0 46 0
0 29 1 63 1 25 1
1 27 3 20 2 3 2
1 37 0 58 1 12 3
0 59 1 47 1 23 2
0 35 1 58 1 46 2
1 33 2 7 2 6 0
0 38 3 33 3 48 0
1 2 3 6 0 63 0
1 47 2 52 0 15 0
0 4 1 45 3 9 2
0 5 3 45 2 18 3
1 27 3 43 1 60 0
0 26 3 58 1 21 1
0 27 1 0 0 39 0
0 17 0 61 3 49 3
0 48 1 22 3 32 3
1 42 3 21 2 43 1
0 51 0 52 2 12 0
1 18 2 13 1 1 2
1 18 1 14 1 11 0
1 53 0 20 3 32 3
1 56 1 52 2 36 0
0 3 3 13 2 21 2
1 15 3 29 2 4 3
0 50 2 4 2 15 0
1 15 2 59 3 34 3
1 37 2 47 3 16 1
1 3 2 33 2 51 3
1 4 2 9 1 37 2
0 15 3 36 3 28 3
0 31 2 35 0 56 3
0 38 1 54 3 51 3
1 58 3 61 2 27 3
1 38 1 54 0 51 2
1 20 0 16 1 26 3
1 24 2 34 2 28 2
0 5 3 6 0 54 0
0 9 3 49 3 5 3
0 5 2 20 2 31 1
1 47 3 1 0 10 3
1 58 0 56 2 61 3
1 32 2 25 1 20 3
0 39 1 63 0 45 0
1 0 3 49 1 49 2
0 9 1 44 2 60 3
0 48 1 2 0 55 1
0 6 1 12 1 2 0
1 43 3 1 1 37 0
0 62 0 31 0 56 2
0 11 3 28 0 2 3
0 27 3 33 1 14 2
0 44 1 21 0 37 0
1 55 3 15 3 50 0
1 53 3 1 3 50 1
0 43 2 7 2 15 3
1 56 0 17 3 29 2
0 7 3 39 2 40 3
1 21 1 48 1 46 3
0 49 1 50 2 7 3
0 15 0 61 1 16 0
0 47 3 61 3 55 2
0 8 3 44 1 33 1
0 47 0 4 2 40 0
1 7 2 15 1 19 0
0 57 2 31 0 31 0
0 62 3 32 0 4 3
1 49 0 55 1 21 3
0 37 0 61 0 57 2
1 43 0 29 2 12 1
1 6 1 59 2 18 3
1 26 3 57 0 58 3
0 11 0 42 3 27 3
1 59 2 11 2 18 2
0 40 0 27 1 0 2
1 15 0 55 1 28 3
1 59 1 1 2 18 3
0 1 3 13 2 23 3
0 60 2 12 1 28 2
0 3 3 15 2 29 2
1 15 2 14 3 55 1
0 26 0 36 2 62 3
1 14 2 4 2 38 3
0 63 0 55 3 12 2
0 54 1 30 3 25 1
0 31 0 55 3 21 3
1 50 2 29 1 44 1
1 48 1 45 0 51 0
1 50 0 25 1 61 2
0 8 2 37 3 1 1
1 35 2 19 1 42 1
0 54 3 32 1 27 3
0 17 0 30 2 27 2
1 27 2 10 3 40 0
1 33 0 0 0 34 0
0 42 3 31 2 35 3
0 42 3 31 0 23 3
0 25 2 15 1 31 3
1 11 1 21 2 57 3
1 46 1 1 3 1 0
0 25 3 61 3 62 3
1 42 2 55 1 21 2
1 57 3 26 0 20 1
0 59 0 20 3 23 3
0 61 2 37 1 3 3
0 7 2 39 2 0 1
1 30 0 40 1 50 2
0 39 3 10 3 57 1
0 48 0 44 0 57 3
1 40 3 54 0 6 2
1 29 3 37 1 10 1
0 53 3 32 1 61 3
0 7 3 40 1 18 0
1 47 3 54 1 46 2
1 42 2 1 2 38 0
1 34 1 16 2 4 0
1 12 3 16 3 24 2
1 21 0 1 0 8 2
1 36 0 48 0 1 2
1 45 2 57 0 9 0
1 58 2 21 1 43 0
0 20 0 6 1 26 0
1 48 3 40 3 30 0
1 38 1 13 0 39 0
0 55 1 1 0 59 2
1 20 0 21 2 12 0
0 23 0 28 3 42 0
1 57 1 60 1 47 3
1 23 3 16 0 7 3
1 25 2 41 1 22 0
1 36 1 56 3 20 3
1 61 0 31 0 42 0
1 15 0 14 1 22 3
1 44 3 54 3 40 3
0 56 3 31 1 42 2
0 56 3 39 3 44 1
1 55 2 48 1 52 1
0 9 0 51 0 26 0
1 47 1 34 2 54 0
0 53 2 7 0 26 0
1 5 0 53 0 48 0
0 9 0 42 3 21 3
0 55 1 2 1 26 1
1 9 1 31 1 60 3
0 7 0 63 3 21 3
1 17 3 61 0 1 3
1 46 1 41 2 41 1
1 33 0 42 1 6 1
1 32 3 46 1 38 3
1 59 1 58 0 48 3
0 61 0 37 1 6 1
1 16 0 42 1 35 2
1 6 2 60 3 30 1
1 2 1 35 1 11 2
0 51 2 37 2 1 2
1 24 0 17 1 3 3
0 57 2 31 3 40 0
0 51 3 55 2 60 0
1 35 1 56 3 48 1
1 55 3 51 1 39 2
0 7 2 27 3 27 3
1 18 0 4 1 27 3
0 1 1 3 3 12 3
1 51 1 43 3 42 0
1 63 1 38 2 56 2
0 11 1 49 3 28 1
0 57 2 1 1 13 2
1 40 3 11 2 17 1
1 51 3 2 3 40 2
0 26 2 7 3 56 0
1 18 0 1 2 6 3
1 18 2 8 3 22 0
0 50 1 21 0 48 3
0 61 3 0 3 27 3
0 2 2 27 2 4 1
0 22 0 36 3 50 0
1 5 1 11 1 55 2
0 24 0 18 2 14 2
1 19 3 52 1 36 2
0 21 2 29 1 41 1
0 42 1 48 3 59 3
1 40 1 61 2 38 1
1 53 2 51 1 52 0
1 52 0 22 1 26 3
1 14 3 7 3 16 0
1 44 1 19 2 44 0
1 36 2 4 3 12 2
0 37 2 5 1 6 3
0 15 0 47 3 25 3
1 17 0 7 3 14 2
1 60 1 12 3 45 0
0 58 3 28 3 32 2
1 50 2 55 2 10 0
0 29 2 57 0 6 0
1 26 0 44 3 25 3
0 43 1 60 3 23 3
0 32 3 0 2 30 1
0 30 2 1 1 9 0
1 54 2 58 3 51 1
1 37 0 22 1 32 0
0 39 2 19 3 21 2
0 19 2 58 3 50 2
0 63 3 60 2 26 1
1 21 1 35 2 6 1
1 47 2 3 2 49 0
1 26 0 16 2 48 2
1 55 0 40 0 1 3
0 53 1 7 3 54 1
1 59 0 5 0 50 2
1 28 1 13 0 45 3
0 15 1 25 0 17 3
0 22 1 1 2 6 1
1 33 2 14 3 15 3
1 54 1 32 3 0 3
0 5 3 20 3 2 2
1 46 1 23 1 5 2
0 12 1 45 1 55 2
0 41 0 47 0 21 2
1 59 2 59 2 54 0
0 36 2 63 0 9 0
0 49 2 41 0 7 3
1 4 3 30 3 27 0
1 26 2 15 0 23 3
0 26 3 16 2 53 3
0 15 0 29 1 14 1
0 16 1 32 2 47 2
1 40 2 44 3 51 3
1 58 3 41 3 9 1
1 44 1 17 1 62 0
0 60 3 61 2 7 0
1 39 0 0 0 22 0
0 4 3 34 0 46 1
0 12 2 27 1 52 0
1 10 1 36 1 33 1
1 47 3 13 1 40 1
1 23 2 50 3 2 0
0 52 0 55 0 43 2
0 58 3 52 2 44 3
1 13 2 32 2 8 2
0 61 2 33 0 32 2
0 31 0 36 2 60 3
1 53 0 5 1 54 1
0 28 1 18 3 39 0
0 59 0 47 0 52 0
1 63 2 0 3 26 3
0 60 1 60 1 24 2
0 36 1 62 1 40 3
0 25 3 3 1 61 3
1 54 1 38 1 12 3
0 17 1 14 3 31 0
0 49 0 2 2 55 0
1 46 1 24 2 35 2
0 22 1 5 2 43 1
0 38 0 20 0 60 0
0 54 3 58 2 40 3
0 48 3 37 0 60 3
0 24 3 3 1 29 3
1 5 1 16 3 46 2
0 34 2 58 2 19 0
0 59 3 12 0 25 3
1 25 1 19 3 17 2
1 63 0 62 0 46 0
1 2 1 12 0 46 1
1 31 3 5 3 22 1
1 26 0 19 1 61 1
0 25 3 31 0 27 0
1 25 1 42 1 42 3
0 47 2 12 3 33 0
1 56 2 42 0 22 2
0 52 0 1 2 39 0
1 60 3 61 1 17 2
1 7 2 8 0 10 0
1 41 3 33 1 14 0
0 59 3 19 1 1 1
1 50 1 21 1 31 1
0 29 0 61 3 12 2
0 58 0 63 2 19 2
1 18 1 40 2 4 2
0 10 2 42 0 31 2
0 11 3 52 0 26 2
0 6 3 42 3 7 2
0 60 1 9 0 32 1
1 61 3 19 0 8 2
1 27 1 40 2 45 2
0 56 1 60 1 59 1
1 14 2 0 2 7 3
1 7 3 6 0 24 1
0 20 2 52 3 13 0
0 3 0 35 0 48 1
1 18 1 33 0 27 1
1 1 2 16 1 48 0
1 4 2 60 2 31 0
0 32 3 61 0 15 0
1 62 0 28 2 22 2
0 1 3 22 1 49 2
1 14 0 25 1 46 3
1 9 0 50 3 40 1
1 23 3 0 1 57 2
1 53 3 12 2 23 3
0 54 3 9 2 60 2
0 52 1 19 1 41 0
1 31 2 18 3 57 3
1 61 1 53 0 20 3
0 42 1 21 1 10 2
0 19 2 50 3 32 2
1 6 3 14 0 38 3
0 7 3 27 2 47 2
0 19 3 4 2 37 3
1 11 1 3 3 52 0
1 16 1 60 2 30 3
1 48 0 16 2 29 1
0 28 0 1 0 51 0
0 50 2 50 0 31 0
0 3 0 55 2 49 2
1 24 3 36 3 31 2
0 2 1 8 2 63 3
0 13 1 5 1 47 2
1 19 2 58 3 22 0
1 5 0 41 2 29 3
0 29 0 22 0 1 1
0 9 2 53 0 62 1
0 17 3 44 0 14 1
0 60 1 36 0 3 0
0 45 2 17 1 50 0
1 57 0 7 1 48 1
0 17 1 46 1 23 0
1 28 0 22 2 25 1
0 40 2 53 0 14 3
1 16 1 49 0 44 3
1 27 3 34 2 20 0
0 60 3 43 1 40 1
1 3 0 1 0 42 1
1 32 0 42 2 29 3
0 21 2 61 3 58 1
0 7 3 0 0 10 1
0 63 0 33 0 56 1
0 19 0 17 2 42 0
1 46 0 15 3 62 3
0 21 1 28 0 17 0
1 54 0 29 2 24 0
0 41 0 2 0 51 2
0 14 0 18 3 60 0
0 13 1 39 3 29 3
0 37 2 1 3 33 1
1 51 3 53 2 14 0
1 60 2 49 1 43 3
1 57 0 47 0 55 0
0 60 1 14 0 48 2
0 14 2 25 3 1 1
0 15 1 27 1 0 1
1 41 1 27 1 49 3
1 36 1 33 3 48 3
1 34 3 47 0 1 0
0 25 1 9 0 31 2
0 11 0 48 1 2 0
0 15 2 35 1 42 3
0 27 0 42 0 43 2
1 16 1 12 3 9 3
0 9 3 3 1 30 0
0 6 2 49 2 15 1
1 40 3 6 2 2 3
1 63 1 26 1 2 2
0 37 3 63 2 19 1
1 47 2 12 1 4 1
0 52 0 40 1 42 3
0 45 0 26 0 2 2
1 18 1 24 1 42 0
0 30 2 2 1 45 3
0 35 2 53 0 35 3
0 12 1 46 1 31 1
0 20 1 15 0 61 1
1 29 3 30 3 60 0
1 14 2 54 0 9 0
0 36 3 0 3 56 3
0 25 0 40 3 20 0
0 62 2 14 2 59 3
1 0 1 43 2 10 3
0 0 3 15 2 36 0
0 24 3 42 2 5 0
1 32 2 20 1 24 1
0 50 3 46 1 39 1
1 25 0 59 0 28 0
1 41 2 22 1 12 3
0 0 2 47 0 49 1
1 5 3 11 3 48 0
1 2 0 15 2 39 2
1 38 1 42 3 39 1
0 2 3 10 1 32 2
1 0 2 29 2 58 3
1 19 1 15 3 4 3
0 2 3 22 3 54 1
1 0 0 36 0 9 2
0 10 0 43 2 35 2
1 26 2 3 2 29 0
0 40 1 63 0 19 3
1 18 0 2 0 33 2
1 40 1 4 1 8 1
1 63 0 2 2 41 2
1 22 3 52 2 45 0
1 30 3 18 3 0 2
0 57 3 23 3 5 3
1 54 0 2 2 34 0
1 58 1 46 1 41 2
0 33 1 33 1 42 0
0 48 2 22 3 45 1
0 42 2 30 1 41 2
0 12 1 12 0 60 1
1 62 3 63 1 26 0
0 19 1 13 1 12 0
0 39 2 40 0 54 1
1 45 2 14 2 3 2
0 7 3 48 1 17 2
0 51 1 62 1 27 3
1 9 2 50 2 4 2
0 0 3 16 1 36 1
1 10 1 23 2 29 3
0 5 3 45 2 18 3
1 27 3 43 1 60 0
0 26 3 58 1 21 1
0 27 1 0 0 39 0
0 17 0 61 3 49 3
0 48 1 22 3 32 3
1 42 3 21 2 43 1
0 51 0 52 2 12 0
1 18 2 13 1 1 2
1 18 1 14 1 11 0
1 53 0 20 3 32 3
1 56 1 52 2 36 0
0 3 3 13 2 21 2
1 15 3 29 2 4 3
0 50 2 4 2 15 0
1 15 2 59 3 34 3
1 37 2 47 3 16 1
1 3 2 33 2 51 3
1 4 2 9 1 37 2
0 15 3 36 3 28 3
0 31 2 35 0 56 3
0 38 1 54 3 51 3
1 58 3 61 2 27 3
1 38 1 54 0 51 2
1 20 0 16 1 26 3
1 24 2 34 2 28 2
0 5 3 6 0 54 0
0 9 3 49 3 5 3
0 5 2 20 2 31 1
1 47 3 1 0 10 3
1 58 0 56 2 61 3
1 32 2 25 1 20 3
0 39 1 63 0 45 0
1 0 3 49 1 49 2
0 9 1 44 2 60 3
0 48 1 2 0 55 1
0 6 1 12 1 2 0
1 43 3 1 1 37 0
0 62 0 31 0 56 2
0 11 3 28 0 2 3
0 27 3 33 1 14 2
0 44 1 21 0 37 0
1 55 3 15 3 50 0
1 53 3 1 3 50 1
0 43 2 7 2 15 3
0 44 3 0 3 2 1
0 36 0 23 0 60 3
0 6 1 10 0 42 1
0 29 3 30 2 44 0
0 30 3 25 0 19 3
1 51 1 15 1 33 3
0 63 2 7 3 27 2
0 45 2 40 1 19 1
1 43 1 24 1 5 0
1 4 2 51 3 59 2
0 62 0 36 3 29 3
0 3 2 59 2 26 1
1 51 2 54 2 46 1
1 35 2 13 0 8 0
1 12 1 11 3 10 1
1 23 0 40 0 10 2
0 14 0 46 2 6 3
0 5 3 35 3 31 2
1 1 0 47 0 15 0
1 26 1 60 0 58 3
1 8 1 27 1 25 2
1 56 1 5 2 39 2
0 31 3 9 1 12 0
1 62 1 44 0 22 3
0 34 3 18 1 12 0
1 10 0 21 3 56 1
1 49 2 18 3 40 2
0 8 0 60 3 48 1
1 7 3 1 1 19 2
0 55 2 22 1 15 3
1 35 0 3 2 51 0
0 25 1 48 3 11 1
0 13 3 7 3 48 2
0 23 1 57 2 55 3
0 34 0 10 1 1 2
0 57 1 55 0 38 2
1 46 2 20 0 47 2
1 6 1 35 2 54 1
1 54 3 14 2 5 2
1 37 2 20 3 6 2
1 6 1 3 2 32 0
0 21 0 2 2 54 3
0 30 0 38 1 43 2
1 27 0 15 3 6 1
0 15 0 54 0 22 2
1 49 1 18 2 53 2
1 43 3 22 1 57 3
0 34 0 27 2 35 1
0 25 0 50 1 31 3
0 18 3 42 3 47 1
1 32 2 11 0 39 2
0 31 3 9 3 3 1
0 14 3 60 2 3 2
0 39 0 13 1 10 3
1 10 0 23 0 60 2
0 21 0 45 2 6 0
1 38 2 50 0 1 3
1 63 1 45 0 1 2
1 27 3 48 2 44 1
1 60 2 15 1 15 0
1 40 2 45 3 7 3
0 59 3 2 0 21 3
1 12 1 37 0 49 3
1 6 3 20 1 20 0
1 33 2 23 3 50 0
0 51 2 12 2 49 0
1 51 3 32 1 38 2
0 46 1 45 3 37 3
1 40 0 8 0 6 1
1 37 1 36 1 28 3
0 33 2 35 3 42 0
0 1 3 0 0 57 2
1 18 1 38 0 46 3
1 37 2 9 2 37 0
1 0 1 61 3 52 2
1 49 3 22 3 62 2
0 50 2 61 3 54 1
0 1 2 42 0 10 2
0 44 1 13 0 50 3
1 23 3 5 2 34 1
0 20 0 28 0 8 1
0 51 0 47 3 40 2
0 16 2 58 3 39 3
0 8 3 31 0 30 2
1 58 3 49 2 37 2
1 13 2 13 2 42 0
0 3 3 48 2 5 3
1 28 1 26 1 2 0
1 23 3 38 1 37 0
0 32 1 9 2 43 2
0 5 3 45 2 18 3
1 27 3 43 1 60 0
0 26 3 58 1 21 1
0 27 1 0 0 39 0
0 17 0 61 3 49 3
0 48 1 22 3 32 3
1 42 3 21 2 43 1
0 51 0 52 2 12 0
1 18 2 13 1 1 2
1 18 1 14 1 11 0
1 53 0 20 3 32 3
1 56 1 52 2 36 0
0 3 3 13 2 21 2
1 15 3 29 2 4 3
0 50 2 4 2 15 0
1 15 2 59 3 34 3
1 37 2 47 3 16 1
1 3 2 33 2 51 3
1 4 2 9 1 37 2
0 15 3 36 3 28 3
0 31 2 35 0 56 3
0 38 1 54 3 51 3
1 58 3 61 2 27 3
1 38 1 54 0 51 2
1 20 0 16 1 26 3
1 24 2 34 2 28 2
0 5 3 6 0 54 0
0 9 3 49 3 5 3
0 5 2 20 2 31 1
1 47 3 1 0 10 3
1 58 0 56 2 61 3
1 32 2 25 1 20 3
0 39 1 63 0 45 0
1 0 3 49 1 49 2
0 9 1 44 2 60 3
0 48 1 2 0 55 1
0 6 1 12 1 2 0
1 43 3 1 1 37 0
0 62 0 31 0 56 2
0 11 3 28 0 2 3
0 27 3 33 1 14 2
0 44 1 21 0 37 0
1 55 3 15 3 50 0
1 53 3 1 3 50 1
0 43 2 7 2 15 3
0 35 2 30 3 8 1
1 59 0 0 1 6 1
0 12 2 60 1 49 2
0 45 2 12 0 46 2
1 50 3 46 2 20 0
0 41 1 26 1 16 3
1 32 1 40 3 63 3
0 16 1 40 2 0 3
0 47 0 6 1 17 3
0 18 0 25 3 1 3
0 4 0 44 3 15 0
1 41 0 41 2 44 2
1 55 3 62 3 4 2
0 25 2 5 2 5 3
1 6 0 57 1 37 0
1 12 2 32 0 32 1
0 28 2 33 0 48 1
0 30 2 40 2 26 1
1 21 1 2 3 7 1
1 43 2 44 3 29 1
0 5 0 40 3 46 3
0 14 1 61 0 32 2
1 53 0 35 3 56 2
0 2 2 9 1 36 1
1 8 2 51 1 9 1
1 47 2 22 1 34 3
1 4 2 50 1 53 2
1 3 1 29 1 31 3
0 4 0 11 2 30 0
0 43 3 11 3 35 2
0 45 1 37 3 46 3
0 3 0 1 1 13 2
0 2 1 21 1 51 3
1 28 2 41 0 45 0
0 43 2 38 1 7 2
1 37 3 12 0 50 3
0 13 0 24 0 22 2
1 25 2 26 3 22 3
1 2 3 50 3 17 2
0 6 0 38 2 62 3
1 16 1 50 0 56 0
1 0 1 17 3 19 2
1 57 3 57 0 4 2
0 40 3 11 2 61 2
1 49 2 22 1 10 3
0 4 1 57 3 1 0
0 27 0 50 0 62 0
1 34 1 30 3 63 2
0 43 1 9 2 24 1
0 57 2 30 3 49 1
1 47 0 62 1 1 3
0 7 2 49 2 8 3
0 49 2 30 3 36 0
1 29 3 27 0 52 2
1 53 3 63 2 41 1
1 22 1 17 3 58 1
1 0 1 48 3 4 3
1 41 0 5 2 40 3
0 35 3 56 3 43 1
1 34 3 23 3 1 2
0 4 3 31 0 63 3
1 25 3 24 1 1 3
1 32 0 39 0 21 2
1 2 1 44 1 63 2
0 47 2 13 1 37 0
1 56 0 33 2 27 3
1 63 3 33 2 3 0
0 60 2 28 0 57 3
1 22 1 26 3 46 1
0 46 3 44 3 62 2
1 62 1 46 3 30 1
1 45 0 30 0 2 2
1 14 0 29 3 21 1
0 14 1 46 1 51 1
1 1 1 38 1 27 0
0 60 2 34 0 38 2
0 5 3 36 2 53 3
0 27 2 53 0 6 2
0 9 1 11 0 49 3
1 63 3 28 3 25 3
0 36 1 47 1 35 0
1 27 1 14 3 28 2
0 58 0 39 3 28 3
0 45 1 16 1 33 3
0 37 0 41 0 12 3
1 31 0 55 2 55 3
1 12 1 40 1 17 3
0 6 0 31 0 1 0
1 48 3 39 1 17 0
1 17 3 6 1 7 2
0 16 3 58 1 1 0
1 0 1 16 3 40 2
1 60 0 37 2 33 2
1 62 0 26 2 51 1
0 39 2 37 3 18 2
0 52 2 34 3 25 1
1 34 3 62 2 23 3
1 38 3 0 2 40 0
0 62 0 39 3 27 3
1 8 3 17 0 27 2
1 4 3 43 3 21 1
1 2 3 40 0 34 3
0 14 3 19 3 31 2
0 29 0 39 2 36 2
0 31 3 62 1 31 1
1 21 2 9 3 56 3
0 18 1 43 1 13 2
1 59 1 5 0 1 0
1 45 2 32 2 60 2
0 53 1 17 0 44 3
0 8 1 59 3 54 0
1 59 0 49 1 8 0
0 0 3 9 2 9 0
1 27 1 18 2 50 1
0 44 1 55 2 15 0
0 54 2 34 1 2 3
1 27 3 63 0 31 2
0 42 1 41 1 1 0
1 50 0 23 0 41 3
1 44 0 10 1 19 0
0 17 1 17 2 39 2
1 61 1 48 1 24 1
1 3 1 48 1 45 2
1 55 2 35 2 44 3
0 34 0 21 1 59 3
0 51 2 39 0 18 2
0 59 1 22 0 29 2
0 49 1 60 2 51 1
0 20 2 31 1 0 3
1 63 2 30 2 45 3
0 34 1 47 2 8 0
0 34 1 5 1 48 0
1 15 0 4 3 1 2
0 42 2 38 3 23 3
1 40 0 26 3 12 2
0 5 3 45 2 18 3
1 27 3 43 1 60 0
0 26 3 58 1 21 1
0 27 1 0 0 39 0
0 17 0 61 3 49 3
0 48 1 22 3 32 3
1 42 3 21 2 43 1
0 51 0 52 2 12 0
1 18 2 13 1 1 2
1 18 1 14 1 11 0
1 53 0 20 3 32 3
1 56 1 52 2 36 0
0 3 3 13 2 21 2
1 15 3 29 2 4 3
0 50 2 4 2 15 0
1 15 2 59 3 34 3
1 37 2 47 3 16 1
1 3 2 33 2 51 3
1 4 2 9 1 37 2
0 15 3 36 3 28 3
0 31 2 35 0 56 3
0 38 1 54 3 51 3
1 58 3 61 2 27 3
1 38 1 54 0 51 2
1 20 0 16 1 26 3
1 24 2 34 2 28 2
0 5 3 6 0 54 0
0 9 3 49 3 5 3
0 5 2 20 2 31 1
1 47 3 1 0 10 3
1 58 0 56 2 61 3
1 32 2 25 1 20 3
0 39 1 63 0 45 0
1 0 3 49 1 49 2
0 9 1 44 2 60 3
0 48 1 2 0 55 1
0 6 1 12 1 2 0
1 43 3 1 1 37 0
0 62 0 31 0 56 2
0 11 3 28 0 2 3
0 27 3 33 1 14 2
0 44 1 21 0 37 0
1 55 3 15 3 50 0
1 53 3 1 3 50 1
-1 43 2 7 2 15 3
